1	76	91
2	24	42
3	45	38
4	50	65
5	90	38
6	59	85
7	94	15
8	4	24
9	44	71
10	15	89
11	41	73
12	43	93
13	81	21
14	87	10
15	20	36
16	18	5
17	95	24
18	48	40
19	93	39
20	36	93
21	90	59
22	19	26
23	65	96
24	7	18
25	89	10
26	66	44
27	90	61
28	6	100
29	81	76
30	53	3
31	48	37
32	0	62
33	43	29
34	100	81
35	88	47
36	89	21
37	33	97
38	18	54
39	84	79
40	82	65
41	57	15
42	0	20
43	78	73
44	33	19
45	60	48
46	49	70
47	43	90
48	36	51
49	65	48
50	64	77
51	69	82
52	76	71
53	39	90
54	98	46
55	42	36
56	29	84
57	30	75
58	56	69
59	22	31
60	54	7
61	60	84
62	78	9
63	35	34
64	65	79
65	99	67
66	57	9
67	0	54
68	71	31
69	16	88
70	33	91
71	64	13
72	44	11
73	66	19
74	100	91
75	57	14
76	7	78
77	67	49
78	50	51
79	0	48
80	24	84
81	54	86
82	15	31
83	86	34
84	89	85
85	0	81
86	95	54
87	16	51
88	52	45
89	72	7
90	76	93
91	46	95
92	51	44
93	60	41
94	44	62
95	43	12
96	77	64
97	87	91
98	65	19
99	24	36
100	76	99
101	85	63
102	63	45
103	50	89
104	12	98
105	45	51
106	17	91
107	21	14
108	15	88
109	48	99
110	5	98
111	14	57
112	25	84
113	17	75
114	60	60
115	46	26
116	22	90
117	4	15
118	82	51
119	73	17
120	35	98
121	35	13
122	65	16
123	69	7
124	71	39
125	64	82
126	23	43
127	43	52
128	4	23
129	94	84
130	9	38
131	25	87
132	40	59
133	4	77
134	58	68
135	8	85
136	62	81
137	47	39
138	83	70
139	22	24
140	77	58
141	95	95
142	91	13
143	65	29
144	2	15
145	22	7
146	25	80
147	86	18
148	35	100
149	74	21
150	44	54
151	42	50
152	79	80
153	65	99
154	94	34
155	23	35
156	34	79
157	97	47
158	91	30
159	22	7
160	48	24
161	65	14
162	55	96
163	51	19
164	11	8
165	92	20
166	41	59
167	44	52
168	47	78
169	56	13
170	31	95
171	16	83
172	81	64
173	22	1
174	89	60
175	97	65
176	53	71
177	45	78
178	31	34
179	54	13
180	54	12
181	69	23
182	20	26
183	0	5
184	91	8
185	10	70
186	67	86
187	86	41
188	100	46
189	47	31
190	18	20
191	25	85
192	94	1
193	78	96
194	25	37
195	86	24
196	81	85
197	65	44
198	98	16
199	32	8
200	41	18
201	41	68
202	62	65
203	6	45
204	22	34
205	30	26
206	89	100
207	69	78
208	27	78
209	17	44
210	12	4
211	96	48
212	42	72
213	63	33
214	31	42
215	64	56
216	56	77
217	23	52
218	63	15
219	97	42
220	87	17
221	38	97
222	77	69
223	81	15
224	80	25
225	41	82
226	4	64
227	38	25
228	32	91
229	48	90
230	18	77
231	95	38
232	96	96
233	76	1
234	32	13
235	56	43
236	43	87
237	23	7
238	86	80
239	2	52
240	73	31
241	80	83
242	32	67
243	56	33
244	63	13
245	31	24
246	92	98
247	42	47
248	55	96
249	62	51
250	60	58
251	26	11
252	61	57
253	40	2
254	27	23
255	100	59
256	15	30
257	69	67
258	42	3
259	34	90
260	11	12
261	33	47
262	8	88
263	59	51
264	84	15
265	89	61
266	63	39
267	80	47
268	63	5
269	19	46
270	87	94
271	94	15
272	78	39
273	27	12
274	79	77
275	75	57
276	12	23
277	7	81
278	92	41
279	18	56
280	66	8
281	56	56
282	14	82
283	38	28
284	41	31
285	87	89
286	65	27
287	28	52
288	75	33
289	65	74
290	74	99
291	3	2
292	97	85
293	70	10
294	100	64
295	63	52
296	23	76
297	12	97
298	83	53
299	0	45
300	25	65
301	6	6
302	7	87
303	68	95
304	46	3
305	32	41
306	89	49
307	56	54
308	14	24
309	81	56
310	97	93
311	75	15
312	11	66
313	58	18
314	97	68
315	40	32
316	19	73
317	58	19
318	25	32
319	83	12
320	34	10
321	21	41
322	21	16
323	29	8
324	90	100
325	55	24
326	27	78
327	55	90
328	72	64
329	15	4
330	37	100
331	34	12
332	65	62
333	46	96
334	46	19
335	6	71
336	58	73
337	81	33
338	98	87
339	46	45
340	73	62
341	39	81
342	89	73
343	19	89
344	51	6
345	61	5
346	66	82
347	22	81
348	69	92
349	85	27
350	7	59
351	50	89
352	39	61
353	90	44
354	30	58
355	91	97
356	61	43
357	92	20
358	41	15
359	27	37
360	2	87
361	27	47
362	22	10
363	43	81
364	36	28
365	10	48
366	71	37
367	7	23
368	56	59
369	76	66
370	62	28
371	15	5
372	33	9
373	2	49
374	97	4
375	43	75
376	1	98
377	42	75
378	21	49
379	37	40
380	20	79
381	14	55
382	77	15
383	4	17
384	8	98
385	47	9
386	34	26
387	100	61
388	99	71
389	54	55
390	92	64
391	12	82
392	68	36
393	94	85
394	84	97
395	12	8
396	0	56
397	4	99
398	12	5
399	10	43
400	45	47
401	49	94
402	39	87
403	45	48
404	32	67
405	42	4
406	36	38
407	65	17
408	63	45
409	65	9
410	80	21
411	86	60
412	55	76
413	31	16
414	22	29
415	99	87
416	51	50
417	64	1
418	47	24
419	32	78
420	45	62
421	19	40
422	3	52
423	99	74
424	9	68
425	75	30
426	89	21
427	41	73
428	57	69
429	39	89
430	18	29
431	43	59
432	59	13
433	70	36
434	71	12
435	66	41
436	22	93
437	75	30
438	79	85
439	76	31
440	85	39
441	39	67
442	76	97
443	68	38
444	96	17
445	2	61
446	22	57
447	34	40
448	7	32
449	70	69
450	27	94
451	45	11
452	49	53
453	0	47
454	69	14
455	92	47
456	69	68
457	53	36
458	67	73
459	60	82
460	100	60
461	18	39
462	36	32
463	16	20
464	87	72
465	43	20
466	12	12
467	79	85
468	92	3
469	45	54
470	45	98
471	88	86
472	58	17
473	12	26
474	26	75
475	53	45
476	43	73
477	15	10
478	17	74
479	17	30
480	22	36
481	69	18
482	23	44
483	69	82
484	73	12
485	36	91
486	1	20
487	28	67
488	42	94
489	59	2
490	75	59
491	11	49
492	77	89
493	87	87
494	88	67
495	86	68
496	98	71
497	76	25
498	75	52
499	47	88
500	10	37
501	8	17
502	100	27
503	84	85
504	59	71
505	15	42
506	74	11
507	97	57
508	95	4
509	72	25
510	25	80
511	50	63
512	88	80
513	76	32
514	56	4
515	37	73
516	95	5
517	75	98
518	56	15
519	36	40
520	44	74
521	20	34
522	76	9
523	99	21
524	38	38
525	7	47
526	65	100
527	5	1
528	81	99
529	16	54
530	82	76
531	7	63
532	60	0
533	88	78
534	70	88
535	60	45
536	64	20
537	40	23
538	17	79
539	23	81
540	95	49
541	50	67
542	100	50
543	30	45
544	98	14
545	91	65
546	38	41
547	43	65
548	1	82
549	9	78
550	2	20
551	26	32
552	94	0
553	65	46
554	56	9
555	7	16
556	1	56
557	71	29
558	68	44
559	0	6
560	85	83
561	0	4
562	57	31
563	23	74
564	47	75
565	77	20
566	31	17
567	14	55
568	39	26
569	68	96
570	96	51
571	22	22
572	43	45
573	27	57
574	61	53
575	68	98
576	99	59
577	15	54
578	73	60
579	22	9
580	41	45
581	100	15
582	94	11
583	41	36
584	7	16
585	49	17
586	35	96
587	53	40
588	9	36
589	3	47
590	57	44
591	77	81
592	63	35
593	55	29
594	88	84
595	74	70
596	7	32
597	60	42
598	55	96
599	80	31
600	12	59
601	50	7
602	79	76
603	31	26
604	57	21
605	34	18
606	60	69
607	42	0
608	76	16
609	37	88
610	74	44
611	63	47
612	13	21
613	38	94
614	17	27
615	28	32
616	5	87
617	4	14
618	65	94
619	73	56
620	45	25
621	9	37
622	82	60
623	8	27
624	6	81
625	18	96
626	66	20
627	82	54
628	1	29
629	83	26
630	64	82
631	65	60
632	10	60
633	46	25
634	53	31
635	62	34
636	78	57
637	76	59
638	98	82
639	7	68
640	91	78
641	59	85
642	68	6
643	43	36
644	88	66
645	2	13
646	87	35
647	91	26
648	35	90
649	72	12
650	72	70
651	33	76
652	26	13
653	65	59
654	51	25
655	64	45
656	64	99
657	76	43
658	14	56
659	7	73
660	8	92
661	10	80
662	33	69
663	46	5
664	88	45
665	13	29
666	16	71
667	26	38
668	78	97
669	93	47
670	24	69
671	98	52
672	5	14
673	8	91
674	79	60
675	42	42
676	12	58
677	31	89
678	43	9
679	72	81
680	33	30
681	40	96
682	72	65
683	59	52
684	91	57
685	6	24
686	5	60
687	82	61
688	13	6
689	88	27
690	36	85
691	75	51
692	99	55
693	70	96
694	50	31
695	78	46
696	20	47
697	54	55
698	39	20
699	12	66
700	98	40
701	16	15
702	81	29
703	25	10
704	95	40
705	50	59
706	83	17
707	22	55
708	24	55
709	67	74
710	44	25
711	93	5
712	97	53
713	61	98
714	8	73
715	23	2
716	25	5
717	51	10
718	4	17
719	28	65
720	35	74
721	68	88
722	15	38
723	17	6
724	34	49
725	30	24
726	23	83
727	12	19
728	78	65
729	77	76
730	73	15
731	28	90
732	16	8
733	56	88
734	55	87
735	88	100
736	79	18
737	73	39
738	4	29
739	63	28
740	6	78
741	6	65
742	24	69
743	31	96
744	79	89
745	34	59
746	50	68
747	82	32
748	3	31
749	33	5
750	50	43
751	31	92
752	57	22
753	98	43
754	8	36
755	66	73
756	90	79
757	69	97
758	43	40
759	78	57
760	82	14
761	36	84
762	5	28
763	82	41
764	79	46
765	14	71
766	21	81
767	33	85
768	28	92
769	80	79
770	87	40
771	90	50
772	38	85
773	91	88
774	74	75
775	32	25
776	38	42
777	31	23
778	1	60
779	40	6
780	34	85
781	11	46
782	92	89
783	28	32
784	62	14
785	21	54
786	90	90
787	14	65
788	11	40
789	38	46
790	73	64
791	77	67
792	67	88
793	83	81
794	36	42
795	11	31
796	57	55
797	86	5
798	52	10
799	75	2
800	13	60
801	56	75
802	2	42
803	71	32
804	58	71
805	53	41
806	92	61
807	85	2
808	69	96
809	31	66
810	96	32
811	71	45
812	97	69
813	12	45
814	62	54
815	6	79
816	76	92
817	18	42
818	82	7
819	2	10
820	90	49
821	80	76
822	73	22
823	86	61
824	1	19
825	97	22
826	89	3
827	68	69
828	25	56
829	74	97
830	70	77
831	34	70
832	18	72
833	10	31
834	95	66
835	13	24
836	61	30
837	11	11
838	12	56
839	80	62
840	59	81
841	18	13
842	16	77
843	83	0
844	44	65
845	22	48
846	5	16
847	15	45
848	97	77
849	60	33
850	73	58
851	21	74
852	74	40
853	33	59
854	39	63
855	24	47
856	35	99
857	46	48
858	25	88
859	32	80
860	0	96
861	47	1
862	32	51
863	58	99
864	27	90
865	42	28
866	20	45
867	49	87
868	89	92
869	2	86
870	69	36
871	84	80
872	62	71
873	48	74
874	11	31
875	6	8
876	73	47
877	99	49
878	30	94
879	63	80
880	0	36
881	41	68
882	24	59
883	68	74
884	85	62
885	14	91
886	25	47
887	21	59
888	0	72
889	9	8
890	18	67
891	1	35
892	38	2
893	7	51
894	16	44
895	24	67
896	32	73
897	92	92
898	84	100
899	48	1
900	16	47
901	87	29
902	42	79
903	15	27
904	44	98
905	23	84
906	19	69
907	71	54
908	26	89
909	14	47
910	48	47
911	83	33
912	18	99
913	51	12
914	27	14
915	5	50
916	52	49
917	9	13
918	4	61
919	11	4
920	68	49
921	22	77
922	4	35
923	27	51
924	9	64
925	16	2
926	48	43
927	91	44
928	81	90
929	13	43
930	12	60
931	87	52
932	99	0
933	64	100
934	0	62
935	77	53
936	96	84
937	98	24
938	8	54
939	3	39
940	40	59
941	4	42
942	58	53
943	19	30
944	80	40
945	30	71
946	7	33
947	93	43
948	70	14
949	26	87
950	1	24
951	50	17
952	74	3
953	83	86
954	18	52
955	54	72
956	94	64
957	92	87
958	79	99
959	19	92
960	8	67
961	72	20
962	59	67
963	90	54
964	7	11
965	49	98
966	20	87
967	76	79
968	81	24
969	87	50
970	17	44
971	51	13
972	60	32
973	87	41
974	50	33
975	11	90
976	94	24
977	67	41
978	97	75
979	76	26
980	28	39
981	55	13
982	10	77
983	76	15
984	52	6
985	72	82
986	51	47
987	90	45
988	21	35
989	38	19
990	45	17
991	28	92
992	49	6
993	84	29
994	92	73
995	98	38
996	29	97
997	71	72
998	43	79
999	25	6
1000	9	24
