1	68.07228857096433	-61.41932923422552
2	-476.66965450013663	367.4000667110368
3	145.62123295395014	221.74479202395977
4	908.9354484786573	-276.10053643458724
5	-251.3564172413891	339.8132281675952
6	-612.2031441885817	-272.02227214297955
7	-392.9074944178242	612.5084395672222
8	-146.1696873116052	-71.73779255989419
9	-487.5718508014614	698.7101500549742
10	493.09444180634165	88.09294186067619
11	-50.64466240226735	50.353104420544426
12	-782.7596024716784	220.9577029865212
13	-111.26251817893527	-482.65904061360135
14	-183.2051740792719	-337.94243928198114
15	238.71714234191012	27.988942053207115
16	-150.44255910397192	-36.665718622436124
17	57.37886095637271	94.41710478571274
18	-261.1374238317264	-457.68190313633295
19	-28.94184055236797	-172.12959917228517
20	384.153353786613	274.0241049793491
21	196.5143705612491	-368.1899157095885
22	787.5627130563286	491.382751544358
23	-234.03666806127436	639.9215406121518
24	137.10611278688876	442.7334102856322
25	69.35916453092345	-557.7925026103264
26	150.87060523185414	331.977744625733
27	-80.99629243807817	130.09664941883628
28	43.99146952079851	-177.4712068719197
29	-42.23806789448614	16.96096118254878
30	117.64803265282036	485.46585712887276
31	-877.2862680681822	-123.94398760327532
32	-401.84320550773094	-38.29354834511652
33	616.7735570831188	395.47421988425134
34	-258.2454784595264	-13.749711927177275
35	-215.98794148475213	754.070338088894
36	35.32215291344287	10.900977230416593
37	-3.108830982235367	40.285749658709356
38	230.88745119663233	281.01646831316447
39	564.7646339397515	365.9916927955747
40	7.78291154218364	447.47469120247985
41	-826.5481356743168	58.87291203136404
42	86.92879079786161	-798.9272431830419
43	84.23774973510648	-20.25557080130907
44	-55.90261230792562	730.6036688036987
45	22.81349632237055	-10.977382654289986
46	-10.512400330293502	82.09564693620544
47	-543.5446198085085	-383.1365082234517
48	182.53232917768736	275.7871429549511
49	69.39410560731619	-4.8315547348859065
50	-73.95279512177129	90.31968785363317
51	-19.629948829990983	-268.6784122935397
52	-175.20402761581855	958.0477980098058
53	509.29952935872404	264.0515908392021
54	-869.9904136670766	-365.665740944877
55	13.532980460319108	105.94876168951926
56	498.551266731328	513.6702133879834
57	-7.85423203882162	4.783629768492899
58	-393.9311624250567	-549.640559690117
59	199.39935257562504	84.35187432292281
60	-380.03431357078614	-30.438983334646046
61	671.1647255001446	3.3896388019754573
62	523.6744698766407	-150.93446441123174
63	-250.74789348685712	68.79201451023978
64	818.5837627854934	164.22367367728825
65	-339.12977047010986	644.8792879085213
66	-691.9554216697676	-361.4094992205886
67	303.76619478840735	646.7999859745378
68	123.46109228241976	-19.29280159284472
69	723.8062148173838	367.9725283471963
70	-398.8412752897173	-149.6980761841195
71	390.1627637282935	-62.0850539155021
72	148.8880063820795	-128.16405179307128
73	-126.35433766676125	-7.017745301232216
74	-434.7033195194585	-589.4585672926885
75	145.99329774387655	-360.104678148182
76	813.2396621597288	309.3668312996371
77	-111.11023994725092	106.62963633116574
78	-240.3163339304342	437.0830364677708
79	-935.9180292518366	249.183410923661
80	241.49494526277041	-272.4853883031901
81	174.16654252560835	-131.0868353869251
82	-356.99953343868566	204.4029142244948
83	60.23390197442294	-34.88272940054997
84	241.10152047922912	-672.5691856213541
85	44.57942923094757	-39.757601107255276
86	-274.2392653275932	797.9006332797667
87	-266.6427758143596	43.48187722130017
88	204.92937000970372	-212.1073914525646
89	-144.7642659020987	-750.3839363419004
90	695.4122090468271	280.00546873607345
91	-60.55423288639575	22.75049013257174
92	217.86536266045093	-88.76478734744236
93	-386.9286695715761	395.09267189510007
94	-581.1648341462605	202.1332215390426
95	-341.2285343582075	31.018248957443596
96	-288.0091153147413	123.79029696908741
97	184.0450649463658	908.3332244376478
98	33.292819513545346	56.46118791451449
99	6.895925976357199	-77.03530875684991
100	129.3068378817095	-344.84812885696147
101	507.6242320810648	-51.46801242176206
102	619.3715528867937	697.0198923342926
103	-9.250787158167643	-27.902392004667217
104	410.29611769701063	631.1176354169739
105	398.1394874788228	-223.80817466496296
106	-342.8195768887422	73.96556200852302
107	-683.7755723896406	-576.21105769126
108	-630.9559246891173	-717.6541974571498
109	443.9395139166965	-204.86507398288734
110	-559.3926743660165	-678.075105498798
111	3.3415862543564514	-62.849561380481774
112	483.40667443179035	762.8455484279032
113	55.697791149518395	540.1896181547625
114	917.086265064911	205.3737851815008
115	-449.11270691413586	-68.70766194138022
116	427.79151209343394	121.77928711328371
117	70.50627622784775	203.91834504724986
118	172.35823816436744	-94.17335818173524
119	168.41152904457024	-160.22917155676683
120	-200.84867783970756	266.92677976230567
121	-0.5830335403613484	-5.021577698444314
122	-415.13210840460823	-446.65058175182156
123	-650.3474405704435	10.52269390458979
124	-721.2293152431922	-11.834888795959003
125	9.622347832229712	61.59917071237557
126	-642.1052799393944	-679.4744970429147
127	322.2819693178941	-114.88228319294358
128	21.057999344574423	-117.30073827723857
129	-468.7123981713452	634.9615359989418
130	828.1849327603813	256.3533803573854
131	-302.44791042772886	-730.3886492549753
132	-67.06013961568772	-42.1779506965558
133	243.32682601618893	-150.62224790210175
134	268.5501117571896	-5.197757344218139
135	-5.09260352682463	37.20024367870092
136	4.129984685709865	23.60470791128555
137	106.73118516648829	167.83216759631108
138	-38.784965092766726	-610.7389725542987
139	-5.726124376558394	104.66525690678462
140	-344.0294567572519	-332.42953311731503
141	-532.0933022021687	162.61904469850225
142	-80.68369421931344	-22.97722299785434
143	229.73789447920672	110.1436611759045
144	-51.748792438151135	108.5186973404844
145	-802.724923062263	334.96948190940077
146	-30.272154073287872	-100.41092763379919
147	397.28660658302056	-909.3237193848644
148	592.4691448659548	-439.7844020713494
149	-97.31876674848147	29.23322088901957
150	-256.71520273820215	319.3187595610847
151	178.67800646435035	133.92836099248328
152	-374.34764037304507	627.8129230190657
153	-527.5448028516288	-144.314867717348
154	302.48957448523356	-370.0651973324259
155	-28.671753328024185	-86.73612826690884
156	111.87671275870773	21.032693606496554
157	-155.09653977060427	-157.00083455192103
158	59.171242427591515	76.91023763273792
159	-516.4180189417326	186.04528995757303
160	706.7830350857822	-391.844118571769
161	290.8099621170134	-82.7524208511344
162	-257.42251385202866	-88.6522250968017
163	-320.9424511724775	-99.31616020801611
164	242.9652065370553	-101.88905209733379
165	355.15353523029444	330.0926131602605
166	579.0015962746786	-143.5667898774944
167	16.482199996266473	6.902841985891014
168	389.3441426134027	-23.016165100710683
169	351.9592629098914	-214.77435840411016
170	118.58525125137851	-865.2059399639005
171	20.090445311009688	121.44231190705571
172	-7.817213385371385	-59.93923693442669
173	16.928146565791778	-172.62427308826855
174	638.4787965180357	-282.8635995717561
175	783.9662842496821	103.38199539150186
176	587.1477006368809	-509.73459160487334
177	229.22537184517213	-80.64557462223448
178	274.4253769611307	-404.7761888662506
179	664.952159061462	714.2339645378318
180	-310.2116424006056	-346.3764892523086
181	-451.31819485969123	834.1441223389005
182	-541.3145714759753	-198.44043948760924
183	605.1395356660578	-53.17584843969173
184	-527.4129261637213	809.7030663681528
185	-132.85946480238277	-652.1663771511086
186	-474.7178095441279	575.3423374635454
187	463.5458058404402	-627.0734407035764
188	541.1685611510591	-784.9770380900756
189	96.84258743043421	-267.0515205950828
190	-310.60763597349745	-400.0219371777601
