1	512.4312451503835	579.7143783040204
2	65.74131431030446	107.7738200725035
3	-461.4768577847004	314.04606529134395
4	148.0756429974145	-514.9914036017794
5	0.13247116591761177	0.9331771174374239
6	-211.8221992058629	-511.18367095558625
7	443.0892034117464	-473.47303532263857
8	22.559055662304093	-692.423162367874
9	179.29283955438447	454.52425677336925
10	-275.53946593972205	271.42309824830886
11	-207.94533616295485	-838.3273060094015
12	-143.95493736621688	109.89570096102491
13	-58.996537661075905	-30.60683383851994
14	410.27164537071945	-165.67788189251002
15	-432.7969306088375	-721.4258513865528
16	-204.82940866087242	-644.0675673485841
17	-370.22663836625793	51.84627319334203
18	748.5857575466854	299.9190820078346
19	446.1116461485439	-678.0062415942235
20	-543.3742509473518	673.2503732522263
21	290.87488481439993	-276.0082194337135
22	29.616978022163234	75.44860443267807
23	-22.68235707495346	235.51146230374488
24	56.99303360448255	757.4754310264431
25	-254.36942833862005	493.78627447076576
26	-471.11262544437307	-828.8396449680325
27	57.122385789809556	297.5353976471703
28	224.28403472936952	-940.7303448008126
29	-20.952010553013466	-591.710163776574
30	-158.40329853158295	-317.91067697289293
31	77.45426362776698	336.434958381322
32	101.1061485449579	252.70586032886425
33	37.60386227810617	116.10838028596851
34	83.38906999926957	-58.95800004618402
35	-317.78801337844124	440.63681469950507
36	-684.6807656277922	-237.18077802194006
37	-156.4846523842873	-801.9728497902299
38	156.0940386688732	-127.11816668809085
39	406.9950719809931	327.79611814948896
40	-676.6281806311348	149.8142280605196
41	317.95282757343006	-9.138203132718457
42	75.33841877636252	-354.7080520126448
43	29.379651687651744	-580.2261134886708
44	-3.4305373917576136	750.408675542224
45	-666.308888143576	117.06404895786812
46	-8.26233086248845	-28.106283264890784
47	-347.8336052517347	829.6156488125545
48	168.13868466716897	-17.814345664419097
49	163.20951387507674	306.53440353851784
50	73.56265061397934	-82.06378018390349
51	-497.430760327338	823.3922491791687
52	-72.96798832556169	-99.42509479585917
53	-4.90222635973698	-101.25018433536766
54	-964.2448314469078	51.75368511346104
55	411.98689464824383	697.616091147859
56	129.06781005987966	-576.3074718559994
57	680.30235197552	335.7794554386281
58	673.9447004198258	-715.6430924810917
59	-50.04414722090131	-61.042752490719444
60	-541.752137174505	-79.203813055628
61	360.50233844247714	341.22512724035425
62	-55.201370125441535	-634.2757093370981
63	-156.57528137050934	-212.2085457967254
64	823.8489374995124	-545.5068505783828
65	9.37650848816765	29.709557180695356
66	-287.41030986189924	71.773595023
67	-211.95174105975494	29.801614019427785
68	411.4482606302383	425.16114958508393
69	821.6562757284203	283.9085441552837
70	-877.6794640201715	-336.6032065513498
71	-728.1362358457643	-642.0261214491737
72	669.4171605591703	-23.02591176095306
73	524.9501313808014	591.2525483642918
74	-37.29152512956019	-462.43695115245043
75	206.32275453405452	282.6858059506965
76	745.8648695933798	-391.99252472713255
77	191.18614152242836	-173.94585416667698
78	186.1059920101952	16.875559134845467
79	90.01384206689006	103.15257743041083
80	96.15141654599753	-653.2672561259021
81	-858.0861931349594	195.72081421510399
82	100.99340153173397	863.2869710135909
83	114.21976317264908	238.44556462990496
84	776.3395276048087	-280.213314729527
85	203.68953649720152	-19.54803428157162
86	40.882654181054804	-63.47492962083909
87	-43.71615902322816	97.67224953951884
88	374.7798802094861	-439.49137573832354
89	-676.347315809515	329.1545429929268
90	3.5744595544156343	-31.383844956156423
91	9.640909801927533	-57.81338541082168
92	-845.1792605653379	-135.9677167571444
93	519.966259372483	-762.6562189587755
94	-29.425936951186753	94.76025585217664
95	212.259724797896	11.707302512332992
96	-146.00664033903243	321.4505240450792
97	-747.6127327185545	15.456224961161757
98	-15.94543965355987	214.4577024624338
99	-78.04550605376231	-1.0107536790704958
100	724.4109409843908	561.0131571921602
101	-387.9046608993169	-331.644268110105
102	-129.6731745393719	879.410467589042
103	-24.715511160850358	-46.06690794446864
104	129.95034936828355	-168.56639003368986
105	535.9853449150313	402.8811118273571
106	-947.8244368326891	266.5491995728244
107	-16.92515540292625	8.475962672802414
108	463.9720084821795	-211.90241687036496
109	-686.1695355077959	260.0557758341409
110	123.62958788919352	28.564812171135735
111	-836.901885337622	547.2879822174705
112	51.95960551261042	-342.78697733419983
113	576.7651581284297	238.95783984114655
114	695.5047612777223	-30.409630931938203
115	97.62019826050343	-936.272451923728
116	-17.367159923398727	-201.47979713876367
117	-120.52230255100545	-146.82342323241204
118	-182.399108100379	64.77695955864306
119	-367.8331114739595	260.2772205412976
120	-3.706019464562003	52.13504137460742
121	279.01899350100456	-33.44492276988668
122	-425.95573878399324	-513.2258455743599
123	394.21248319916305	-130.9187214106902
124	-166.96520119539204	-168.04081458825357
125	38.08250058478042	-907.3122524132203
126	127.25601401165872	-843.2170648104114
127	536.2463013333044	323.4836388702875
128	-2.440179336962396	-7.344109908641129
129	-369.2784624788509	-189.37784676866065
130	-177.25725471556459	-516.9941121388066
131	-907.3054332007559	-390.32602967361635
132	574.5330018453625	-215.9385237790775
133	-643.3585271791354	-511.33605931690175
134	464.18340934194345	-236.77748368894274
135	-15.53653965107709	410.2206300773617
136	738.6539766263529	249.77109287921823
137	376.40566168427705	224.25711803055682
138	59.28358335877666	-661.2634062354814
139	-340.12368265104	-238.74916276327846
140	-66.55452999565507	-864.2171878445816
141	473.00723203405073	176.82398835581012
142	-248.90584934663042	-215.79976526964944
143	119.87203151183739	-247.17462584731874
144	-306.47989345541777	199.7747323263541
145	-647.3562989616831	259.1361095892259
146	41.38874452911201	303.6380222793805
147	-404.3980869525627	93.78790443978254
148	158.75464479414748	434.1972964240546
149	851.4326218284791	-199.531557130892
150	-24.557994174815978	-295.2333517852998
151	-126.82307205403248	266.2589682675306
152	942.8206796557442	-151.57868577305481
153	-306.3778448429332	363.4113715136782
154	17.58170132599713	-173.10347571438564
155	224.14172017523407	-88.5965161410125
156	673.0651612207292	1.1995312588664206
157	-42.187389468670176	146.55248472166883
158	-33.985043292549456	-101.83568663681015
159	-73.30069401391266	-26.794960852213848
160	180.91785691719465	-103.78220079089378
161	102.44350711671419	578.4628536030732
162	-652.6678225984555	-491.15533829138633
163	507.06506534763116	221.62115581471775
164	0.30801281559055255	-18.467415421882073
165	138.83239528033317	27.68935347584476
166	61.03194384758807	81.8895931106966
167	-575.6903863064497	-305.03544343020775
168	-3.673109381835362	289.98123941974364
169	-42.41954811156404	125.79542997363693
170	-549.8945738503138	226.7696244724544
171	-106.53097948976222	-338.133536764653
172	-130.99735246943337	185.56535379843157
173	362.04728030403516	49.42446997934565
174	599.6116173866216	156.0449977216493
175	-132.07856771520775	240.9194306889638
176	-530.1173020296434	789.9201313061485
177	36.60264860581321	-12.123584181476383
178	371.41077979298893	-643.5324403688064
179	-712.6485362150161	-216.59903852499414
180	-109.67150913990629	-892.9904168144194
181	538.9534339653325	496.2030725332172
182	-78.30580061614428	-240.1384857917567
183	-917.1781107796871	185.27713438032396
184	-207.7321574259593	20.17614577211155
185	-164.9549595361541	227.04057028497414
186	-284.9861705116518	-5.336716159234179
187	134.63948828650405	225.72668532985958
188	452.63451070566043	321.23598438550056
189	-65.65463331889335	-455.03051126158914
190	289.6073135931571	-355.5655793154094
191	-723.3962982531774	-555.4716226422626
192	-65.82377724476815	-353.74891329504123
193	97.67393626603176	803.336640068535
194	0.7399453996213194	0.6794025578557804
195	-113.19037830759535	-358.44605011762195
196	-6.265721171272914	190.33103513582134
197	-676.4195211089825	666.9852079184094
198	1.59943596032923	878.6564003992728
199	-328.41588627728737	-202.93419739901708
200	-440.85627157369186	-262.52422016411765
