1	950.8977726288475	-51.42351114374831
2	69.1643187264186	170.69730054591315
3	-223.47979595165458	-21.98128187647022
4	123.94915815649297	-644.1000644903314
5	382.3682587986497	-737.1644131026292
6	-319.6922488985077	493.92325044583606
7	-802.3480699954694	234.27025062571855
8	-137.67553527802144	84.7187289855339
9	25.15400259626724	-219.69391806199846
10	233.02411277847497	652.0227637260747
11	-199.81674282106266	98.81890128822299
12	-563.90624045195	790.5455011746994
13	46.83540373574817	224.66745953105934
14	45.89651571326314	-763.0941005837172
15	-71.82438894222952	-19.703402799998056
16	383.78862411261105	-466.64691388311763
17	-617.1621019771522	182.56889795939972
18	574.1286974326734	233.5603556619095
19	-173.23986985976777	568.0031607615338
20	5.119301010390525	-33.19709336829118
21	-117.91209449949157	-107.92049727840482
22	-252.48078995459753	742.4574641653843
23	666.8489841083278	-434.56932403760925
24	125.74304063077773	-54.59979699571243
25	-486.168927375049	-410.81233553737985
26	-75.53350809789106	-18.71401617322291
27	-6.371799332261191	-14.946371043329329
28	188.07309890601596	-192.43346520148359
29	84.27173351705017	226.69888977622776
30	197.79148632324458	547.0896131183787
31	29.040857885952466	-261.51893574713284
32	-350.7321853008532	45.989481082131185
33	-164.04476847549088	521.445980479463
34	462.8773976876714	666.4408730764413
35	95.35160990611419	-167.61452483625337
36	-75.13013328097321	-135.71799142747602
37	-373.23804678792146	-863.5880395655577
38	-561.3993565105798	462.00112647964346
39	433.4044417117628	-244.41260028902437
40	-443.2380397527555	0.49436391196533036
41	347.8371573821662	259.9957752183562
42	-820.1138239464614	39.38283898905913
43	243.76596636507654	26.747457237919296
44	-166.9573782498212	488.46620621730307
45	452.7134535970616	6.420975087068593
46	-0.41389071950687123	-170.21739906527327
47	111.8451824103869	825.9224963763558
48	-219.94135752517067	-480.62534294406163
49	21.976599155830442	-154.79957574339682
50	-7.8786554692992	-28.12523899578862
51	-228.2566255947957	6.781199132919692
52	-375.31921143643393	-565.1431503482937
53	2.054641290642219	8.54860388349024
54	491.7120310878409	-351.3787397622874
55	149.58931434805777	-93.74481093711304
56	238.7248840067425	87.41907144810186
57	674.5676418144502	611.9166388571222
58	-102.47044871764552	-545.4326244559683
59	-2.4156585842737353	18.479703586083353
60	-135.75680656423089	-220.61379921041873
61	-487.91011727198133	-221.69550254096777
62	594.9189633747612	-736.0903107133514
63	417.96510014486364	-433.8164571521843
64	-97.86173193912848	-655.9846554531729
65	320.76893434263013	-525.4730463666982
66	-678.4874978882536	-205.08149637793616
67	-641.5369676192065	-148.31465886589646
68	-399.85469658691545	-86.89556288557631
69	-653.8648534258481	523.5421550387254
70	209.82358513783402	-182.0330872446495
71	-159.55615762402795	398.1033814109647
72	-934.4231466775228	-297.7054656675147
73	792.4009861580814	-537.5088431448243
74	182.56574825536043	662.886941256836
75	-149.72012710233005	720.4593954613729
76	77.44824896943072	103.63554074280266
77	-237.95404444605668	284.1850732689619
78	94.1382943863424	-87.7340032498583
79	383.36291077634064	-119.71318820608856
80	-58.36133071781859	-14.975119241631594
81	-257.9713816094816	-528.9739527354516
82	602.0449563015105	105.862130891469
83	427.4660791519397	254.1486945265121
84	-30.5165130377663	36.13178467988715
85	327.4871857665137	-214.0182974688445
86	61.16497607959859	-319.98601707681667
87	64.18319119677145	89.49595980533257
88	914.8312104324729	-0.30228884034542797
89	-353.19808968336156	-36.07746148680505
90	-63.927211547437054	-26.645014363118836
91	413.60422899377267	274.46124381150065
92	282.72788192629525	-384.33651090043907
93	-115.35498864527652	512.8722959323253
94	-124.25853385156573	-88.54033104921119
95	755.9565155916758	333.55781794908205
96	69.633190174747	701.5361630004255
97	-461.69989835034943	-194.46817579358813
98	97.00111050630686	38.15845561546422
99	17.228527444639205	591.3698616477524
100	-216.9907436873804	411.2599224768125
101	588.8334536084602	318.4549978809909
102	537.2954908692029	654.6623131402459
103	542.3965818214019	-450.988931612194
104	-457.89906463405777	115.78294124107636
105	-281.24472069288316	-61.664709760342454
106	-22.108580950507992	172.2695448944859
107	861.5878637332228	-183.37771933011598
108	325.1523477623687	-13.242307197205186
109	224.27446333647993	-843.3322180007939
110	-743.591461714228	-612.331186507145
111	139.06546932690367	-545.8479679749771
112	-282.7677282862823	-122.58550115890911
113	36.94635681920399	22.331087165831285
114	-479.077563840281	338.96274529597383
115	501.66195541637177	753.7121625517483
116	279.8501103417665	-34.2121717762431
117	415.69243662407234	-1.39943701594435
118	386.813048496702	-334.361990117558
119	678.8251002268781	-529.9224502109324
120	262.1022773091053	857.570240900654
121	-196.3124842874316	-98.94858124824202
122	-581.610530451104	-744.0467148318602
123	924.8104599926514	-125.87099196761028
124	288.52062124879114	-7.756036623100617
125	349.1106733958763	121.69365189412967
126	-179.66889000897177	-439.6572547997005
127	91.64911203138604	541.7651152766467
128	211.6050296545706	265.34707136053373
129	622.7844693346337	-545.8069536815774
130	-423.37754586652113	-489.2029776589029
131	-237.87931961404126	-93.11865058739727
132	382.5712742227709	-202.33581700216934
133	362.4205389369462	321.4819422731929
134	241.37236136280023	-182.4636857191507
135	180.2015824821059	-850.3851287807903
136	340.57558522267516	661.1328706423288
137	-100.16862637850976	-421.1483529983138
138	-599.2176772046544	200.2748442852085
139	-798.6207466736905	62.719157656634245
140	130.53344847171095	-291.263840451526
141	114.98043789025739	705.9625286460163
142	57.57868545158333	-370.68685567500427
143	138.62792728624993	-58.573207316221165
144	-458.0925739482461	157.0887444475057
145	-759.3825526941249	-48.40222703407108
146	-266.8473975896493	-16.315384390344065
147	441.4742309781166	69.3697867229454
148	-98.09170413710133	-696.9164932490828
149	-612.4048112620094	-48.55615670354435
150	-130.14933423178408	-81.56954800511664
151	681.2104361651261	-271.8965967548138
152	-203.82611710462615	-777.3904109164747
153	-823.0909444646594	402.3354861867451
154	195.30009430399926	-59.703530309779396
155	-417.4255222630855	-349.156296348489
156	-332.8760012250982	-54.15136336076922
157	41.39466973393048	23.454246212111745
158	-275.8129445514428	306.99550785155884
159	85.09921746289683	107.62225855784887
160	43.3528762116038	-489.28469812811034
161	64.88516442961664	476.3370714047484
162	-101.45655785364072	603.3920922870166
163	469.87233067735855	-440.3219020313568
164	307.02661328809603	654.7783641553143
165	-286.0566294014967	83.60678717831567
166	463.50738369139674	-870.5329071099612
167	-221.85962199007176	689.9522900575354
168	383.319744057563	-172.8469210032064
169	254.6841007887846	-394.02603993074115
170	74.80173475802856	-65.46792200539063
171	-91.52170382009976	-49.25001775202326
172	-482.7731407377165	-744.1303923885749
173	-380.5561972945815	36.063710940706905
174	133.55149145742698	-179.7162495544293
175	349.34473181725514	-914.4626305081898
176	43.85108097228593	496.3038874593682
177	19.079611487839962	-12.636157754686089
178	165.31734266401938	-550.3309447502522
179	-495.08496624765104	-58.84899716957489
180	103.66830825262747	146.72113351312532
181	323.4456503204782	-670.1362917153217
182	621.3069804434862	-32.110802842175595
183	86.28451291206521	-10.831580395864565
184	798.7510553782463	-423.0690214249692
185	-743.2186343594038	-239.82513009412335
186	-245.00862406207642	229.64519040966155
187	966.4330690942546	113.35328177895879
188	-555.9752641402589	406.2960019463074
189	223.79067293058017	437.66350988511414
190	312.5408211692902	612.3754115429766
191	-180.49239751363348	-215.48035154323773
192	-660.7093189902365	-234.9831829683756
193	283.67192111721766	223.07918672975367
194	954.222240074369	56.155801436129806
195	-49.22849407815456	267.44550919048214
196	131.0461473386247	112.84196333591538
197	16.048247752835618	427.70266894514026
198	629.7017913829962	552.060487227534
199	53.4426510948827	-83.63097286423992
200	-461.57197165728405	-379.9200436658849
201	266.7815947523998	86.13479463229916
202	-87.1903904032022	81.12946462752393
203	330.6244103886602	-612.9859193840988
204	-850.4603525790759	-457.78122220612937
205	81.14553471409204	-236.29039053010627
206	178.61077683784242	346.81494825510424
207	-621.1587649746018	565.1220256517331
208	-844.5719790737304	-28.363848364036716
209	-440.97437487091827	-136.8490400898332
210	466.10803839582485	-97.31814586367057
211	-51.89100894455506	-207.21838544079574
212	461.61991088804325	192.10281104147646
213	391.77439866102685	-101.08323214965836
214	-95.95915778376545	-247.50828366873412
215	-78.17388574331251	374.3553006660457
216	-339.7059846462568	144.96363167453148
217	261.2065810789333	-99.23174100008849
218	-246.77848002965274	206.4247513189325
219	-524.1335461627352	433.0209649540792
220	0.043863321516708485	-0.056287664624638384
221	-44.656934187343275	-810.5026371983624
222	55.36140959846095	-289.0342795191014
223	-609.1954698559729	708.4400247922006
224	-313.978814220905	-368.8936607926318
225	117.76419960539397	-132.80414243164273
226	87.03566793709284	454.0261175836232
227	852.9029827641814	-446.67049990978364
228	-569.8572367840698	39.28109362857247
229	825.5238507855663	-35.861069130166804
230	-231.76503161366819	548.4761177220118
231	178.13139726283288	613.0344312466691
232	-417.2605554355394	873.4813678867424
233	-576.4100667279844	-653.9623707055262
234	-233.51953620778107	117.95272692589927
235	-17.521746126383427	30.781986948016947
236	121.6642237759086	-655.3733920391745
237	149.15957026042037	577.9208811589497
238	-829.8769769642263	95.82255270169959
239	361.41662330392484	-711.5833949109481
240	167.79276243455143	897.6448831899653
