1	346.0064337342469	675.4409084201559
2	217.2657086711542	-191.81709088927138
3	537.7307925584258	455.2863413512451
4	12.235052023815117	-18.90381605819551
5	-177.97461970840413	523.2155504311777
6	-72.28828524158487	17.09625584373012
7	-572.5258123370153	-166.61369155075488
8	734.0092610538969	-193.13177566702416
9	-7.342231143084873	-281.150005024558
10	549.9337869639791	-42.56606264759798
11	-123.18622745536437	895.1793370030165
12	388.59375461769554	-422.8881629455695
13	-20.78546584833541	-380.07143099943266
14	-318.7228358669833	-200.1446046553508
15	-392.94791908191183	-338.81807636262386
16	725.284042021789	-458.16747244266173
17	-400.7626680821306	-560.3759595648397
18	596.844171029714	-16.703849862348378
19	293.8234235304318	-325.12691122851544
20	553.1329424893481	477.40790631392184
21	-376.3718957299456	476.3505017713205
22	-761.5163457531603	-127.16146736567359
23	-863.2110004218003	344.30064112940374
24	-157.73382595752497	734.2294555352455
25	-733.6276198860152	662.278972772597
26	-182.0987997577821	-393.14752338445686
27	-53.65175012857222	396.8735737573335
28	10.659102282287622	-844.4285118696082
29	900.2733109967731	-201.78458955058932
30	-110.25792601022256	-533.3786233530569
31	-176.59704253550322	-103.14784796614326
32	-227.35332677302569	190.8058821268417
33	530.4070553964897	-692.4715217445407
34	-823.2491677245575	13.15168309364423
35	-216.01588505823693	191.17490744246854
36	496.2551905959787	234.74072561908142
37	63.11423610580635	-851.5618428991755
38	-586.1110243172194	-43.14024488897446
39	-295.8884906615093	-4.648369724626342
40	-69.61131405219828	-87.19906872200866
41	-185.38317526450308	705.3641721230503
42	-126.31771002830077	-17.978343330877898
43	209.50411330358983	823.6687854570569
44	-182.0420631186159	120.39081976282995
45	-456.8704139220541	500.9084551084016
46	192.83877572577347	-189.22212129107626
47	-587.5164137490344	-284.22597921271347
48	-112.80492198176852	395.4444444961608
49	-525.7120143266582	-649.0901061534878
50	0.17452247167428944	45.226866206475925
51	-60.972998840444774	-150.6976561640929
52	-585.6533925815436	-7.348388378495428
53	30.25881858502843	41.88331469004445
54	311.06232925576967	933.5848705151559
55	-390.35672171785023	178.14239939586363
56	-253.19359046011792	-203.3159073649966
57	-382.9953641747432	-734.0173484703915
58	-64.18882668082001	19.808268311307156
59	-49.42410307649068	138.18373065495132
60	587.6833523252375	-735.9904464522583
61	333.4037914571632	341.30017401612525
62	-395.3532367200517	303.03415265494266
63	-61.22836212363648	-477.19960534803437
64	-406.42595000632815	633.3232220563152
65	-366.06726689948994	-356.6118478127021
66	-46.59679980271031	318.41721232996485
67	-58.5565447038381	617.0273750099163
68	207.4147826274092	-77.72135845275733
69	145.51227807483028	14.446007827963747
70	-70.95675773681268	-108.77461874119629
71	716.4089506026454	-601.3052814356445
72	-128.33354603160674	161.2354376679803
73	-384.15657888853826	582.0522311670869
74	66.91548419553531	318.4095669959284
75	-216.18701365583303	-609.0682659907012
76	266.5238284533165	103.15377212192573
77	-810.4036310681115	115.72264246802783
78	616.9887640350793	-315.5347213726277
79	-279.2011315587838	-390.6877424465875
80	318.08465894595525	-779.6021245974523
81	-206.1511520401457	-260.3312743077298
82	734.0338792980059	-312.27683331376386
83	128.04478458546248	-746.3068715940428
84	-73.52435536292909	-332.3268027651383
85	-755.7489908961599	630.3059281336252
86	-269.17452641023766	-157.78743803483493
87	-5.373820615327552	3.2272383103908755
88	11.16154980398831	-251.33099633423208
89	0.7053758687842707	-493.51114865193614
90	609.4367901524236	-643.468862336183
91	69.05199499994494	33.16328828834196
92	-727.6034578946576	-319.94555472736226
93	-738.5757731813851	-615.5506548790836
94	87.36881785622975	-22.367509294778227
95	-10.43191681995099	-2.4398773253822745
96	-4.277884100384909	-80.38990252378488
97	574.3457088268989	-431.5375012584567
98	333.70673061139223	-758.9574604338811
99	408.04782781468714	445.9645373783176
100	27.404999263512053	-27.33908967519856
101	-297.06701341128957	-813.2539217190409
102	-409.5543075783808	-688.1130152535006
103	368.9061748590144	-152.79277332637184
104	389.3019875858755	-97.64428610486273
105	205.6343817181689	270.5645066873123
106	468.4331185564569	-706.638218692462
107	-364.17609417320125	-869.2873865234696
108	439.53186537113464	110.21531859224412
109	-132.36349457317243	206.2070163764946
110	-304.20186108500684	346.68673577382924
111	-533.5459480893603	718.7335036493153
112	185.55103034561574	166.54805353574298
113	334.41875710812957	7.9915039124179215
114	865.1203492972519	172.0860958861276
115	-57.7593605237652	-948.2881111553011
116	776.7499713193595	546.3665126383795
117	-236.2326489426077	474.7153447507215
118	54.164750346775115	-79.40498027092204
119	193.04655003055356	23.036009134589154
120	-392.64745245719405	215.11501889063769
121	486.35679233231497	861.2543170763385
122	-41.77094716484135	-35.031833322436185
123	-309.7827957847031	122.15352664251043
124	33.92003830745087	-23.443491283022507
125	-24.54304590712024	-82.10759400590949
126	745.9213946689812	192.77211095846675
127	-110.8787246990879	-867.2714044956543
128	300.0828730356491	564.587388153598
129	664.5406044113636	-82.10327188318414
130	235.81439201352788	107.81727803686864
131	-556.9117836455492	119.36038158664795
132	30.195074361624	-18.78771019023919
133	-105.1405811439565	-686.3094754458018
134	63.47465174838196	491.2809929749865
135	413.2809175676227	-584.8690400873986
136	-523.4173332126816	513.0818857998323
137	-40.47610926331103	-857.3316091131397
138	-369.49127849715006	291.32496236350664
139	-233.30264491842607	-307.26000177336545
140	-67.99219340923598	183.54407324236206
141	-295.8046621353801	647.2857956504116
142	-351.59179486249815	812.6236952176913
143	-34.25069358912887	823.2230805134167
144	159.5785062778388	-791.2923179473204
145	-533.7223379440032	464.01457824757995
146	-396.1089873669398	-699.7865033808528
147	-809.8105994806166	-485.05866013866046
148	-540.9514634939387	-32.430228155288205
149	295.97039543244944	-20.849157200273556
150	-210.84107695325133	382.8267601336579
151	-34.85315475179453	106.88899615604566
152	-40.27833718433076	347.4460537891886
153	7.9994339004130826	-43.05474145120535
154	-443.77487583858203	469.56407998932787
155	-36.76502060853201	-558.8913674170486
156	406.80644533243	369.75973622811165
157	0.3060952629299028	-4.08838285663024
158	587.3755083563582	-573.01326813662
159	-113.77443032569253	76.25542253341223
160	-150.1029937752052	-507.59437212511887
161	-910.0591239522864	241.57769636406135
162	-30.980162003555446	12.751229723166515
163	-324.0529605567498	-578.1556651612702
164	316.82919584023114	-66.1105923075047
165	-209.72289792657847	-199.04625836625738
166	629.3757994849639	404.67160315833155
167	108.912047629175	-91.54602970268186
168	-564.9156632927029	-409.11720054874684
169	39.660356465047265	93.51180500146427
170	-292.30034658608474	60.58066722558407
171	437.0149638132024	-763.3252833567698
172	236.97749123841245	323.3393021202444
173	75.03408960061796	-57.428085297260296
174	0.2883816262587557	-819.5904591050858
175	82.14281993323821	-361.29226013055535
176	153.78784324706504	-425.4244407236808
177	-96.05622811154706	-97.61711149707422
178	46.65198149396131	-40.559665940305216
179	-166.79976252303283	-201.56924156997638
180	377.463455065277	340.83638831377914
181	314.3581540580428	-304.35529957471624
182	187.056267809933	848.2221408579156
183	736.2190885867496	500.74723179272735
184	-6.961050201055018	-35.10899034075687
185	-303.03029044885557	-111.95271905429111
186	72.42136280176638	753.316489393369
187	-295.3290343881401	-669.9030521784852
188	791.3057911935394	-332.2044978330344
189	891.7794018855285	386.6939138365779
190	-25.377349556713536	-93.13035340853041
191	321.59805333322475	-257.5423782788239
192	-566.981028422082	594.1354367836178
193	-718.9905138565802	-659.9267332604481
194	42.80805828239754	724.0333703772977
195	84.64782473401144	-118.67228309173997
196	-826.149038665236	-71.11125039374372
197	216.3624015081914	718.3434015177427
198	-327.2393873371378	516.525780696368
199	668.6520931540193	519.5591176546752
200	11.914459195054395	-976.4009949312983
201	-329.228717701148	749.0310513752106
202	186.869681066262	246.67588110646827
203	122.84057518874359	437.94670714664335
204	-317.2021748835344	463.5516854499464
205	-540.798847487235	683.7182552181835
206	-71.01966456330706	356.0506577948301
207	88.80796118828536	123.4110130019377
208	527.479006943574	299.0278229107709
209	24.332425447471344	-22.149928618332165
210	655.9440209058758	77.54219880064194
211	64.9097639293566	32.5600432143498
212	4.5253664121529535	5.010472757957861
213	435.29862132879	93.41605485869204
214	-120.63917685064978	621.2041275114755
215	-401.85256582422704	564.798499343507
216	-37.6067738662208	213.88296172439422
217	155.2409603505517	79.11710762241412
218	500.9689417894726	490.83441894234915
219	-341.9559432778946	924.4753333469537
220	762.1569272616928	593.1953434524877
221	357.4018315498525	358.17889564865465
222	-659.0748927448948	446.3186293987007
223	715.7610428267644	249.16066239239467
224	55.597195579825474	8.363780968224088
225	-579.2153325631085	623.4735929562984
226	569.497794154971	-348.4176021998234
227	-105.89747536520336	312.66660466069294
228	-152.76202088452638	-91.43202245659795
229	97.38434489122076	-303.60311216090275
230	-909.6871486997844	219.62274833577314
231	867.7738406436913	186.03230283298245
232	-481.47777611116965	548.0298206210804
233	-160.82590558777963	-190.13098734907388
234	580.5630543653125	-261.897950590864
235	656.7394828859492	572.8448142835318
236	-485.2923328065079	-469.5902133540725
237	196.99599730271055	-143.29832213067567
238	150.58538753145098	-385.51255648655757
239	-807.5391725887996	455.8260737796334
240	-55.75585326998674	181.10398621517982
241	314.51091742354845	56.46811434288918
242	-426.16822713882505	354.83720205786614
243	-294.8944638907341	699.341010677307
244	97.86754120980999	-282.90448136913
245	393.90730328516196	-220.07709793906017
246	160.5587013521227	-288.93022514459426
247	353.0644972138971	38.55713225133699
248	-657.5754674717369	88.16555968068597
249	76.25088592632918	-14.382163926091398
250	-23.78163887914221	191.8095312463118
251	-329.77170974927293	403.6897748416437
252	286.7846229532665	902.162334716352
253	-65.68178093857968	-199.68937125947
254	-206.70032851654844	-339.1424358521343
255	-517.6593996961684	457.4580367096758
256	-718.9590699987177	324.62014776464224
257	228.4960082986672	-408.3950480978871
258	612.9388296801513	-676.6950728778288
259	690.6658826592187	66.0110822266621
260	-43.66355004520651	-423.00312497590977
261	-11.014592924678697	-6.69893327322444
262	-522.8266673404471	-839.1724426742319
263	158.55592335171642	-443.6805811228534
264	369.44971267283523	-655.7097949800988
265	121.96971273266976	-373.5723886545086
266	275.9424218863498	528.4690415510682
267	-232.48460604697956	319.67666117617205
268	-493.5752859981807	-328.4731124017487
269	-34.189969451454495	26.29645229395254
270	974.2508441461837	76.46653430791764
271	18.697831578347408	-106.9760429062598
272	-434.776103549066	-550.0935741596365
273	-176.40889616499445	306.1257815304762
274	486.8583903182551	-56.181063188446
275	558.596890725412	99.01547645408577
276	51.03758429792143	-4.539398897124764
277	102.0650607796102	171.44735490361063
278	-391.36179697163124	-825.8947237293298
279	-730.3303090550031	214.03886973310554
280	742.1531288860695	143.5014559696645
281	-129.8094476107219	333.273556305344
282	76.42910275691635	378.50685079207153
283	-260.98927931674945	391.11804017903916
284	7.293990894252577	118.63533304286837
285	-24.90616323579885	57.377152103709115
286	441.7343481756103	861.6354396348253
287	9.364669365144367	1.2948830022865558
288	-63.53010393174468	-283.60683969241256
289	546.8551409207967	207.76633805851407
290	454.513836068011	424.1750107084481
291	-297.6422643042291	-599.3592196621099
292	-41.7878909964711	520.8174734671596
293	114.1388747854137	528.9742221157658
294	-587.5016537815404	-137.75497974478478
295	-219.41854286136802	10.192415620436664
296	161.10796320715164	-159.47493309315433
297	-90.09164126681306	339.2910149462621
298	-460.1505486404124	-386.3010503589442
299	-413.8162743664985	-156.091201273767
300	-894.627181148888	-168.96744673935154
301	-309.89471586829086	-410.75172203770984
302	183.83854324380326	326.0268839814055
303	473.1455690880637	-570.3630007901498
304	-103.80324971609046	-30.60028966940204
305	-324.00867019623905	-338.21105880342685
306	-44.60494316575466	25.897743950475096
307	-131.2378668819919	-85.51739581973433
308	42.401240218343005	261.1338478498341
309	121.95977268783741	23.20667600161239
310	385.5366531629006	331.78089805751574
311	113.96315459608826	-485.94768749700836
312	-47.70787382355053	878.5791223051092
313	-322.67696416757144	384.151162901453
314	-453.4411298028171	304.8050426664064
315	-55.61483844085267	20.251768008431085
316	-358.8814611501188	-459.15721166355524
317	39.63153635014419	682.1328175255177
318	146.60561344285475	-597.2136477671861
319	-11.368808524832787	-28.487676283710247
320	-296.68380474450726	-197.22228629656115
321	94.66125394009981	-16.55831633466581
322	-100.24685898673546	-729.9806744869934
323	-342.56265270876986	-73.47809945101919
324	855.4482881428132	-64.06863421981852
325	503.4812555195115	-757.0042390148368
326	627.910474834627	40.49032080469433
327	-1.6012588202221842	59.88094363607257
328	610.9101432663044	-45.869010376167125
329	84.52578779007052	47.09296134351695
330	-603.6456761845726	368.2146458559573
331	556.8594641108411	331.00115020983964
332	-448.75890236820607	7.3216284866962615
333	-893.2346237842482	-145.64456830038722
334	-428.01677979581467	745.0951437110123
335	502.1169501119373	-543.3150741506764
336	897.7626337478907	15.430959469709462
337	350.3136153927999	385.0010734968021
338	-436.81033200534097	876.6044874903351
339	-141.76368577492255	549.7355536542071
340	424.9891957015993	-344.4729613514495
341	862.6344125195407	-101.07659202058991
342	-479.39960739226103	-559.4419624116111
343	-445.49939575309367	-10.166284781587011
344	-235.57967090590463	-157.1285944010155
345	659.6159560105293	167.27761032695346
346	433.67666428577365	627.9319273227155
347	-216.07166254226416	189.42056858328604
348	-32.48593522601008	185.77744702245565
349	645.448993469494	58.81373906703598
350	718.8511783754759	-196.06367256233924
351	612.1550266312008	303.9136569323935
352	-2.7971563132360804	-397.03390399661816
353	841.6555236007305	391.05492791439866
354	234.0924391836843	839.2442925721087
355	-216.6298607164975	349.30785499917835
356	834.6490376047423	198.33408561259233
357	39.836696933516485	876.2015333157808
358	-237.9239941757142	196.58160131484362
359	-36.634815057405305	-16.932144952684933
360	-475.74703701419895	605.567323516173
361	626.6137804979024	432.03329115139223
362	20.14511988281518	-22.402819889939526
363	-620.0046494276136	315.84490369012724
364	-339.0958562074121	178.0118733629954
365	610.2741056174308	234.84989869612878
366	567.0766409520011	-241.97926285800773
367	149.2117771027845	-655.3254956365205
368	775.553542550404	598.6996669963789
369	-0.5196230060009019	-50.501930885722814
370	-529.5121046749516	-334.7366599523509
371	-394.28655299216257	219.68319186375714
372	-140.56050838466695	211.4817184392464
373	-79.04482761178484	36.12154381840452
374	466.2927214457963	-458.6267961521548
375	251.8529497095123	-576.0831099309128
376	152.0855935816021	72.55325512648406
377	-6.174317194385662	41.35418161163387
378	-226.37506713539105	207.97748321397702
379	-566.9786896227506	236.13523427930275
380	-35.97532171327236	56.643699022091965
381	232.1610588146138	947.4511265269108
382	368.66098866139606	-548.2320014178972
383	-199.78745444478068	638.9517838534458
384	-493.3173269787476	396.2469073970848
385	-438.54178689119294	-469.1747164388958
386	-741.5305117951368	-390.14147861453995
387	-2.1435299498806835	-6.295844984428362
388	-391.53619357903096	585.29267841757
389	-85.23787360297578	162.09805550783412
390	178.64073907996564	-97.01139298935165
391	34.72262553445928	-43.17244635212267
392	-320.5235100874083	14.756906651562712
393	289.95687809864216	-780.3175973764885
394	219.3612843190706	-328.96883604605574
395	-418.8957479338806	-488.45754700311846
396	383.044553238095	144.2340481913613
397	122.55268385782406	686.011058750142
398	-15.680925065498561	17.003303565237694
399	-271.46336294176575	102.66189376310732
400	-98.11370417499504	547.9119468091294
401	-334.60862707730547	-831.6146576990914
402	-16.66646103694315	11.503191662271163
403	173.93572779450759	-134.38738837845375
404	937.2600429148448	346.59803063767714
405	-537.1989163202102	197.73086671659954
406	773.6115226529307	-479.9194306480776
407	-158.30779155356734	30.539716660819575
408	842.8153845240142	126.92092786430358
409	753.1090493567511	-150.25036617778642
410	1.0997188000501565	172.47323250178582
411	-485.0678015741436	335.54344326813424
412	-334.1306480797257	-701.7150181377153
413	-955.1110758040215	179.20980980681722
414	-704.2664786377632	376.5400264031128
415	-782.4884768126988	-35.312088243010216
416	806.9999152796908	-183.1317561594942
417	92.06447328725794	-341.01126050111446
418	-21.979671016029066	-230.51948911510348
419	136.50019568405122	-250.67341563986753
420	-672.9707081337991	-493.56950112476284
421	-4.993606426510581	-39.14342859590969
422	160.66148683898442	-371.0831123661478
423	239.38079335673478	935.7810600399164
424	-762.2742557945949	229.8000152897709
425	-174.86500751652306	90.86777312470853
426	-3.59791739650276	-302.44308798044307
427	85.2997452080052	-255.50454397264602
428	701.5154618061922	158.06038699852797
429	-685.8354823279018	170.13088461730354
430	168.4407844653549	-561.6316742001037
431	-350.7684869319703	-425.58231171883165
432	-100.24218248333466	12.106071248889267
433	-580.0600656938939	607.2436724268179
434	769.9225104680197	304.12791050882413
435	569.5491917797401	-680.0193882201894
436	-530.8971098611343	-741.1249937887485
437	27.42734999528546	-949.0861066273771
438	759.9939400114696	182.3408863764348
439	722.9197252905849	-250.43728802016787
440	213.776924041288	830.6376787892193
441	-36.83705429450917	-976.1921963525973
442	471.2870073814672	-499.74051320973257
443	508.21384739752506	244.9759442640306
444	-331.3579629644495	667.12352325312
445	58.282786529864595	22.14600450249404
446	511.70634399395846	149.9418456746764
447	-26.5198980511805	-16.20757543843818
448	-704.3643587982236	-433.7873182883286
449	-41.179492673916215	105.30029925715247
450	732.9137370564091	414.196808256753
451	383.6849495292145	-57.983291406456594
452	192.96660946655845	20.944911033728086
453	-253.20200666513128	-240.66520901642744
454	-224.7466297125784	-0.3240942357912015
455	-809.5397030645325	-499.54749474819465
456	296.4043254575659	-451.1426873834419
457	-13.361704789574086	-148.63434439214748
458	-528.8564757981186	53.691303485293936
459	-45.75804846349177	0.5165937439934568
460	805.7197953653423	571.834011277655
461	-263.3854454108734	173.37737423223885
462	5.508317018347643	36.073883992555466
463	181.82692615721623	-568.9179724239656
464	-130.83237398734158	133.5886173219543
465	-140.2697650331461	-234.38000164033738
466	38.51865184731569	254.14028999177464
467	123.32038885886548	-61.42874765255974
468	6.43244189304621	634.468525634995
469	4.977912624316342	-260.47360428196265
470	-161.96180411028882	-35.58056711388697
