1	-768.8496072730868	497.82578615116364
2	96.12704815765986	-247.64359560360228
3	92.65557019975894	-27.141092912201728
4	-357.5679229723576	143.64381996936189
5	466.03103797251407	800.1489184302674
6	324.7155894753388	-225.26719853586872
7	-601.2865708811331	-44.21267151903453
8	-170.97029728896288	-132.5429810424399
9	-49.21444837814066	-48.861089233580444
10	384.2547414899959	147.49402348371243
11	-344.23953156614004	448.45174336429244
12	70.6510463958614	10.530814083440248
13	-52.99357786839399	469.57322746982436
14	0.8080961204831658	6.122124272729937
15	-217.3235062541099	-47.649163603645505
16	546.6187393946203	-410.18251831001237
17	-25.671620530459638	5.288077809886911
18	49.222518284535155	982.6589121258742
19	-662.149389396586	357.5629029029954
20	770.5191023048217	-167.61711773006536
21	601.3857926075541	-381.80507938126533
22	425.336825677171	-296.37880548807584
23	138.71094867816055	-441.3100389388168
24	-936.0122950251393	39.537426686009724
25	-309.56962682986966	333.95598300176584
26	280.1850372797861	370.8100512245892
27	-178.01704744552302	-350.35464256107895
28	636.0836178920302	273.773611235531
29	-177.33297802788374	288.65934908273124
30	-240.6345872888701	332.86409809343445
31	-560.3642606173651	429.9054186642652
32	152.49103384411626	-21.202205939371186
33	162.63393100722476	59.0757142848396
34	176.6109990073111	895.437642182086
35	-192.38931209989823	-164.0928225431903
36	405.3981195769041	-569.4282866844513
37	90.65890727347029	-67.47838544176844
38	451.0718785983407	568.0782485637837
39	-425.349395953612	121.17969266146761
40	50.511367944080376	35.487851455667936
41	-146.13798294060814	-298.0889356429368
42	75.51792884756084	-506.4311742224995
43	142.12858961309152	-727.2716800761198
44	49.99811730186769	265.34898854705307
45	-375.23233007579995	-407.51280393610796
46	59.399511817800885	-514.3467359998795
47	624.2824838457877	-496.50317778440996
48	20.591513301551434	90.61720746564939
49	600.9936202398842	274.085813397939
50	201.23793767754879	-873.3370558677566
51	-829.0989381785844	189.5895739266899
52	699.8745905393665	-332.2878516875808
53	8.562996370237242	274.91503598137854
54	-85.87278684931677	-19.453731139329008
55	-225.6748503979632	-149.53721784629562
56	-58.023717706627494	122.83641007240989
57	-692.8322606717654	-57.32156585522387
58	57.14689029629831	124.52430721785558
59	-560.9241704133686	711.4730249836168
60	-99.48285295745256	-42.093387048434884
61	299.47378048662716	-189.18054174082732
62	-89.57818683844522	311.2763203025126
63	-78.15194182952135	128.79467285300518
64	-360.57280925988226	20.556942517623085
65	-195.97898257285388	720.8334102347569
66	376.4270822428891	52.59854481657768
67	-22.180401448765384	-27.662947317851007
68	-784.9089671618651	-217.02857806188828
69	5.63907069635971	-0.9654068344526047
70	-474.85474348844684	349.4226301439128
71	217.61736280314685	-779.1638782595234
72	225.9841491851668	165.21870238687774
73	-155.9226904578509	907.8122318667844
74	-28.654708684241623	-6.439175281933471
75	80.17730401161327	-164.76291481167513
76	867.9257528983942	-296.0342315298065
77	-406.81258690929707	638.1764417139407
78	-447.85678525909253	-99.30499734937048
79	-224.57525863965185	-476.4386849572654
80	-126.60407155325261	141.00892313370952
81	-3.191611685190071	258.9008520850095
82	-132.68237334608963	-615.2919796715408
83	-985.7801571285727	75.01701808320809
84	-286.7646991903755	80.66846536488384
85	-0.7284482922291804	121.79012089343611
86	-368.23635188554385	667.123665214834
87	184.73011609289162	28.99460324177383
88	798.663211680806	174.20039213615811
89	63.39825543874659	-203.0703592217755
90	24.083678496290926	-9.481296247204707
91	862.5308822160121	-127.8945739090176
92	-100.01496839408708	-115.4524307724431
93	-238.9036142918761	427.5573479271054
94	-227.47229969391927	350.87481476420174
95	498.1126434238074	493.22520917214
96	231.8613242550314	172.78331793640317
97	-200.64269356182695	208.0823869297783
98	-30.97437248657952	-610.1962411346545
99	-73.44735769658544	-23.60768603440993
100	-293.9896991712235	37.01234926594552
101	95.94781633703798	544.4042735119997
102	-198.77158474619378	256.68417178400387
103	-3.3138891690680476	-27.61779863600086
104	16.020511413438076	-247.4433269503519
105	679.2639795976711	151.54681688841822
106	77.31817265435257	229.10310148889084
107	-579.9611740310544	590.1122593932598
108	586.6707231331527	69.1742645598979
109	-126.31114398767797	241.94384948006729
110	691.582960448905	706.9885042605176
111	40.71919611806855	-30.354544239241164
112	416.758842248773	825.6651632380801
113	-26.126133867783786	-476.79816311274794
114	-97.73764581090333	-477.43043123890544
115	138.3168325612598	-406.8816091186959
116	33.01267729941012	66.45161898533142
117	114.99970466369967	147.88455372174658
118	-775.5126645596645	364.1256538630231
119	-329.2199309128571	95.2921945858857
120	-617.8242691172404	-592.1028648197166
121	-508.5969826231752	125.01669983606735
122	-28.361616646107034	-137.0849157369831
123	-475.6170823900122	370.2227116274347
124	-107.03414035312379	-191.38123234234428
125	25.631631922843496	380.5589503231247
126	-220.79051962861703	-560.1783929698694
127	686.272617003061	52.860109471423165
128	-121.21941324412246	-673.9424037346405
129	-51.6068239576257	50.28095830595144
130	145.73090884316053	-29.322705648379188
131	164.18485702614777	-872.7262379921449
132	125.53877435694451	-448.36263081775536
133	665.4623921297737	232.48989453887884
134	-714.1790640554028	337.5143521756838
135	-302.2511978360766	1.1364315239127274
136	83.72274285043439	277.4500436849992
137	-318.0351017955669	-482.8690421589927
138	-884.261322141291	-454.87050457612
139	720.2724045814981	-162.49673242990133
140	396.6213946025455	-190.41957793481862
141	-415.98149841859504	-355.66707539628857
142	-35.3931837408439	72.3889475118065
143	-588.997219426169	271.67246754729194
144	429.71273788567095	-780.4110955708991
145	253.2892164587059	317.7580949152684
146	-502.1256083484054	-536.698356632778
147	158.4995352636121	256.3326822622771
148	-159.92343413937783	146.95084285896317
149	345.8505169656947	-16.29662806736496
150	-735.6000148296692	446.5503697040007
151	-110.99778974461243	782.3969370113035
152	-4.696851727851567	-473.7637334588933
153	31.552184236984964	9.556790579816102
154	-82.29337968749775	-418.4565727675864
155	525.9898684701888	42.21078483203757
156	-130.1262573738972	102.77876706718494
157	-118.7939699885316	409.0883277425833
158	526.5885761619558	268.3588277602962
159	17.63102450984929	-5.04582663826062
160	325.0197351376472	-503.74586246140365
161	-623.5416566263962	-352.795288817767
162	572.3543723331908	288.237049661868
163	386.9321713743377	105.60686290539299
164	-15.903617399134363	-27.544247288947233
165	63.58125429662968	-87.17402698582833
166	-674.352094110284	354.7500962925417
167	-37.928263470787314	309.6032425406681
168	-204.97985336632402	-628.5375202340548
169	385.419781821611	-300.6398647503189
170	505.6563031785702	-194.96771508531643
171	-514.4019135464722	27.3456975374382
172	-106.12845030203987	267.02812881850275
173	596.2490150318301	-445.0441786654184
174	264.32491187406964	-262.7536413132179
175	-154.55839153036771	-11.871758163449906
176	260.9341602347333	-69.14404850329657
177	610.7809593324508	63.777045238059735
178	364.6832230618848	914.9645634169065
179	-295.41394158933423	-174.35220135680672
180	869.4764920750393	-42.8010065528323
