1	17661.03	13495.88
2	1372.39	15479.38
3	659.06	4397.46
4	12192.37	2880.87
5	4924.7	4633.99
6	6830.09	10964.1
7	11400.43	5073.86
8	1198.74	3728.45
9	12699.91	16235.52
10	8294.66	5700.91
11	19603.71	11241.11
12	13975.17	1171.42
13	7646.78	1444.66
14	17248.77	12163.25
15	11350.52	16023.25
16	18971.05	69.88
17	5319.41	8254.55
18	11950.43	3782.01
19	18030.64	17863.14
20	3665.74	714.52
21	7377.21	16885.06
22	5727.42	6084.65
23	10371.9	16018.22
24	6322.09	17520.85
25	16617.5	1822.11
26	14410.03	15420.39
27	18930.67	13934.0
28	1148.21	15995.91
29	17976.33	10179.1
30	15089.01	19229.46
31	11345.98	18967.18
32	17741.23	18335.02
33	6334.57	9424.73
34	18467.73	14751.24
35	4883.97	608.46
36	1858.7	10874.77
37	3368.18	11316.02
38	17636.11	12158.8
39	15064.98	16924.15
40	14882.02	11044.36
41	4288.0	15422.99
42	7304.62	173.85
43	185.0	17547.53
44	14620.8	9133.41
45	13994.93	6044.14
46	12877.83	13060.74
47	19495.23	16672.71
48	1597.23	12918.07
49	14476.68	5058.58
50	2559.37	1559.61
51	7436.83	5532.55
52	16851.45	17719.47
53	14451.26	8689.65
54	11823.2	13844.55
55	3840.59	19622.46
56	3098.4	10275.63
57	6530.08	2547.4
58	15956.1	16856.89
59	1273.16	19617.75
60	14642.58	6055.2
61	19008.76	7815.46
62	5561.78	12691.86
63	14390.27	17304.01
64	10159.57	15456.14
65	7289.38	16058.78
66	17824.02	16931.53
67	4536.13	9305.13
68	16082.63	1707.41
69	9569.12	13089.15
70	2872.37	8083.49
71	1446.41	16158.96
72	5141.82	8353.25
73	7494.32	8111.52
74	10497.96	7006.63
75	14985.59	14694.91
76	17174.69	12157.95
77	14407.03	11621.99
78	5077.33	3245.45
79	7139.65	18435.75
80	6751.21	1593.04
81	18800.53	7135.93
82	18326.39	3541.08
83	18533.47	13120.38
84	7151.84	14723.96
85	2532.91	13331.57
86	17914.19	8336.78
87	1283.72	7838.11
88	3717.43	13823.36
89	6039.8	18747.28
90	1790.2	1656.84
91	9282.49	14778.37
92	11962.86	2744.3
93	7132.03	92.89
94	19519.37	14019.09
95	16366.22	12451.91
96	14602.01	6292.06
97	14313.94	10995.31
98	17837.43	6714.82
99	183.66	9562.45
100	13364.01	1117.97
101	1369.37	19203.03
102	1836.97	13094.69
103	7718.7	12169.49
104	4044.0	8268.63
105	17929.85	3043.6
106	7612.35	2928.25
107	4750.56	11606.0
108	16214.2	8267.05
109	5411.98	565.2
110	14132.5	5788.23
111	1717.98	14352.48
112	6470.4	1809.1
113	15398.44	2487.74
114	3431.3	18305.83
115	7251.16	7720.14
116	10591.34	2397.89
117	4511.79	11131.25
118	7149.56	9491.85
119	7407.79	10594.52
120	1220.88	5688.3
121	4210.17	18213.98
122	11474.65	3509.01
123	12152.64	5427.51
124	8391.22	9829.09
125	14675.98	7781.94
126	10615.99	13942.37
127	2099.37	10740.23
128	13277.38	2672.84
129	14265.57	15988.06
130	12732.43	15842.23
131	15078.18	16400.9
132	11183.09	16908.43
133	1391.11	1206.93
134	19353.12	11059.75
135	5852.02	18782.27
136	16878.0	9347.39
137	11284.1	12896.37
138	12103.97	5274.28
139	19717.29	8524.83
140	17827.95	16438.12
141	5866.54	2229.46
142	8511.35	9555.39
143	12133.64	11700.19
144	16948.84	589.52
145	5247.27	18208.91
146	1368.89	13178.49
147	17766.26	400.11
148	11229.08	18078.17
149	11720.88	13078.46
150	18908.03	6233.13
151	13510.64	6509.61
152	11944.68	15558.61
153	11884.06	4051.49
154	18538.62	18774.27
155	2846.61	13173.12
156	15949.16	8102.78
157	19023.59	6977.11
158	11726.3	11908.61
159	2227.02	9095.17
160	693.39	17728.46
161	12166.81	11833.18
162	12523.98	18723.91
163	9769.81	16148.26
164	16810.44	10673.05
165	10645.64	1796.49
166	5617.24	5979.82
167	1212.17	16581.37
168	17967.5	18765.22
169	11293.36	18896.99
170	8854.41	3396.13
171	12824.88	16899.95
172	17136.43	18533.2
173	17814.63	8557.34
174	11208.51	5515.81
175	17945.5	19979.45
176	6621.49	8464.19
177	11322.79	3260.99
178	5582.71	6411.17
179	843.89	1485.84
180	7043.06	7062.15
181	16521.37	2430.13
182	10878.01	15737.4
183	3733.35	5623.42
184	17738.46	4637.38
185	4833.56	17827.15
186	4780.74	2656.89
187	12638.18	11980.84
188	19965.86	12053.17
189	12972.44	18695.36
190	286.78	6789.67
191	8906.52	1060.05
192	5232.69	10068.62
193	18417.19	17531.22
194	14400.01	13820.15
195	14995.15	15537.68
196	18667.21	7331.2
197	12093.73	5109.48
198	13554.52	9585.54
199	19277.76	3456.56
200	6400.5	5244.17
201	5856.54	14041.97
202	18618.96	7385.19
203	570.96	13098.15
204	8638.41	19544.71
205	3305.46	7840.68
206	3082.84	18762.18
207	13722.56	17686.65
208	2205.69	13053.74
209	18412.58	3246.99
210	7069.28	5671.49
211	1245.55	16769.18
212	3783.17	6995.96
213	13199.06	5734.42
214	9774.6	15594.3
215	12340.0	17098.08
216	153.12	17606.37
217	9409.53	15890.23
218	9584.82	16262.8
219	18813.9	5710.84
220	15568.75	7756.6
221	2272.97	11565.49
222	14569.05	7270.87
223	8332.32	6713.78
224	14625.29	11981.2
225	2013.62	15212.64
226	6307.21	5784.45
227	18735.66	17697.8
228	14931.66	7908.46
229	9675.03	12289.66
230	12532.27	4810.41
231	8158.75	12685.12
232	7178.86	5584.95
233	11397.39	13034.96
234	983.24	3957.67
235	927.2	8716.47
236	2658.79	2473.55
237	17938.48	11349.8
238	11404.97	9937.27
239	19583.35	17704.07
240	10692.1	7465.57
241	8324.53	12308.34
242	16338.91	5463.49
243	16226.75	2704.82
244	378.53	9234.73
245	5184.53	18239.47
246	15706.1	15898.3
247	17306.6	19468.28
248	15600.33	14500.86
249	1620.01	4155.85
250	907.27	3555.35
251	6559.28	9327.87
252	14763.14	17650.36
253	7623.31	12339.29
254	5250.86	2266.69
255	17217.28	3969.24
256	8455.5	4556.44
257	8327.53	15890.46
258	81.25	968.16
259	5860.21	11065.43
260	15870.52	6373.61
261	11684.21	17793.87
262	9066.26	3605.94
263	269.04	15701.69
264	3400.62	12253.31
265	8915.34	7893.61
266	6445.54	13390.33
267	14683.79	13967.08
268	5408.7	4280.44
269	13819.07	1479.59
270	4836.63	9582.57
271	12402.94	13468.08
272	6929.47	12726.33
273	3658.3	10206.9
274	3248.02	6103.65
275	15362.67	2780.15
276	2685.42	12958.67
277	10371.82	6143.35
278	8479.6	2222.07
279	15081.18	2761.47
280	1195.49	19826.85
281	16287.64	9622.22
282	11738.1	156.88
283	16361.75	9603.73
284	19839.08	6932.19
285	15960.86	19765.13
286	19637.5	18109.05
287	10237.52	224.45
288	14854.09	941.29
289	12071.91	4054.13
290	2622.0	11455.29
291	11495.17	11422.52
292	3538.93	13724.1
293	10674.29	16125.37
294	4222.1	16346.33
295	179.19	4732.78
296	917.78	12592.99
297	10432.84	11673.37
298	19457.36	10965.15
299	6830.86	8070.52
300	7215.05	10485.25
301	11064.97	2905.9
302	2864.02	11501.1
303	15676.55	15723.74
304	16444.95	7119.18
305	12209.95	11760.11
306	12440.98	4380.36
307	17696.38	12018.36
308	4639.95	3449.55
309	18280.77	328.65
310	12768.95	19806.73
311	359.31	19078.46
312	396.12	395.04
313	6492.9	7591.02
314	3384.71	5575.04
315	6948.43	9452.81
316	6892.74	8903.16
317	19115.32	13070.94
318	14118.39	15557.59
319	17901.11	19872.99
320	3606.74	4961.71
321	7899.99	8089.89
322	6882.49	2040.27
323	16299.9	14090.57
324	11965.5	19332.59
325	16421.2	18176.92
326	15023.42	16345.68
327	17687.65	9264.43
328	12777.54	6151.24
329	18484.62	12892.91
330	7323.47	10171.04
331	13764.22	3718.3
332	3562.81	19218.14
333	12357.36	17331.11
334	7331.65	2195.16
335	1371.26	18099.22
336	4188.32	12139.64
337	2317.77	6572.64
338	14592.91	5227.5
339	4534.98	4149.66
340	18961.33	1263.94
341	17923.28	1868.06
342	10275.69	2721.04
343	6552.2	13448.3
344	1408.59	9586.32
345	12827.01	2406.83
346	3764.22	13530.99
347	9602.89	17398.88
348	16855.09	7748.19
349	16871.96	935.29
350	9884.73	15694.37
351	12466.51	16879.09
352	4650.65	6403.0
353	1253.06	13474.24
354	15723.32	5133.79
355	14134.4	17887.36
356	6597.16	11275.44
357	2023.79	7551.68
358	7692.42	10726.3
359	13313.83	12142.36
360	9804.11	14729.47
361	6588.33	114.69
362	5693.8	3466.54
363	2464.05	3105.36
364	14452.18	18165.0
365	5920.38	1429.97
366	4518.55	14938.03
367	12924.39	19772.36
368	1120.73	12035.43
369	5013.0	6479.52
370	16590.98	10826.28
371	6131.27	6947.26
372	1495.7	15179.62
373	12605.77	4780.0
374	8170.92	15558.41
375	4350.06	16540.48
376	17095.17	4866.38
377	15399.45	4665.65
378	10996.57	19909.66
379	11846.44	15445.38
380	11446.83	16294.64
381	6870.15	2632.6
382	11460.8	13864.99
383	5114.62	18045.06
384	2162.92	7386.1
385	14862.96	13787.91
386	4464.87	19380.35
387	13689.43	1469.0
388	6888.36	6612.04
389	13074.17	12199.68
390	3626.59	8049.46
391	17414.25	10521.52
392	14627.65	12529.26
393	1699.77	14610.02
394	17128.48	14818.77
395	1963.25	14975.64
396	1309.7	19837.96
397	7687.64	2071.63
398	9446.26	16526.65
399	1020.04	8361.54
400	12193.1	18980.72
401	2056.45	6293.6
402	17550.09	14544.54
403	5742.02	7334.94
404	13668.89	7640.39
405	11670.56	14252.78
406	15803.87	6814.76
407	6120.35	1908.26
408	4826.31	3343.34
409	4219.59	14152.97
410	10674.99	2177.99
411	12452.5	17125.59
412	9285.13	7471.38
413	10175.82	5706.23
414	14889.34	6563.17
415	10289.37	597.85
416	6084.62	7468.53
417	14264.51	13227.95
418	12697.72	3.33
419	15077.7	18589.51
420	976.73	16555.74
421	933.18	6828.15
422	12409.27	1695.64
423	12098.78	8811.9
424	18457.76	7926.02
425	2893.48	14209.22
426	19287.02	509.96
427	8032.56	9531.11
428	732.13	4904.86
429	12135.5	8770.89
430	13605.36	17855.63
431	8505.83	1443.18
432	2460.9	6429.85
433	8169.32	7309.34
434	1826.99	1017.22
435	15073.79	15271.85
436	4073.06	2557.03
437	18242.29	41.16
438	4965.91	19692.81
439	8572.13	10200.65
440	9790.8	3291.84
441	14467.64	1732.36
442	9371.61	18004.79
443	16086.07	12008.76
444	10775.68	8201.36
445	12080.22	5394.99
446	19733.85	15582.0
447	8908.07	7544.24
448	3369.72	3524.49
449	12364.58	8339.82
450	18727.12	9688.86
451	3766.53	529.85
452	17937.94	8282.68
453	17899.49	9429.92
454	4207.62	4887.8
455	739.91	5750.32
456	7525.64	7916.98
457	9174.02	3229.91
458	6197.09	3410.57
459	742.84	2265.46
460	19027.79	7613.54
461	16201.65	23.74
462	9012.23	10534.55
463	14346.34	11117.52
464	12852.34	15509.85
465	19817.52	8234.88
466	8606.2	1216.39
467	8447.2	13957.37
468	8583.86	15463.33
469	786.77	9870.48
470	1485.86	10964.92
471	2416.83	11740.59
472	11989.35	7153.74
473	9617.29	424.72
474	15613.87	4529.35
475	8376.73	2764.79
476	13991.56	12641.12
477	3838.42	1387.05
478	4954.39	19493.32
479	166.57	4738.75
480	8272.45	11405.08
481	12283.8	18905.56
482	17185.62	10992.54
483	11828.8	15086.62
484	18806.55	6215.46
485	7898.19	4547.49
486	12463.18	8192.55
487	10789.86	6401.48
488	17298.24	9589.22
489	14526.12	18500.9
490	14440.44	11535.13
491	2337.75	9455.96
492	18410.89	5323.82
493	12858.34	14023.21
494	10762.63	2104.71
495	2301.71	9071.79
496	9917.4	16016.78
497	9500.13	19014.49
498	3819.33	8452.83
499	16277.31	5364.92
500	19212.82	11519.53
501	7270.62	12290.81
502	18443.94	9280.23
503	18620.58	3605.27
504	2818.25	11051.77
505	11341.92	1111.04
506	10921.72	6302.0
507	15970.61	7212.08
508	6379.33	9620.42
509	18930.52	15522.47
510	19123.14	18761.56
511	18887.1	13720.46
512	4356.13	9239.9
513	590.73	17718.24
514	6727.2	6794.09
515	12933.59	19087.4
516	17422.42	8448.16
517	436.12	14052.33
518	360.01	18177.43
519	1840.67	19351.88
520	9150.43	8148.29
521	13769.57	14920.56
522	14958.05	9340.52
523	16184.17	3262.74
524	5232.03	598.25
525	5103.83	13432.99
526	9999.61	17411.6
527	12591.78	12632.66
528	6326.91	4310.64
529	3063.42	8993.05
530	18293.46	2549.09
531	1315.61	9457.31
532	10690.0	2084.29
533	380.0	19339.51
534	2912.23	1228.73
535	620.08	5433.55
536	1074.02	14350.64
537	5471.05	14496.43
538	6362.96	10533.4
539	1409.97	13548.31
540	16986.32	15448.53
541	8366.67	11287.78
542	18514.05	11541.75
543	2251.42	16663.24
544	12156.59	10989.97
545	2320.81	6176.44
546	18758.76	11408.43
547	3404.74	8127.88
548	9756.43	13169.55
549	13846.17	16337.31
550	8966.0	16225.26
551	763.64	18472.83
552	5424.95	5616.58
553	13996.7	18165.7
554	10155.62	4703.34
555	9710.53	18261.68
556	18179.23	19411.86
557	11160.19	5733.51
558	388.3	6089.44
559	18307.68	8204.22
560	11389.97	16755.55
561	2441.53	3196.41
562	3913.91	11436.86
563	18757.31	4066.15
564	19001.3	16012.91
565	17718.2	351.53
566	13901.62	9687.63
567	3871.89	14601.93
568	10675.88	10541.5
569	9304.3	18017.85
570	7661.18	16855.12
571	13862.98	9438.06
572	16359.49	10980.85
573	18698.78	10428.34
574	14682.71	19244.88
575	9661.26	10722.65
576	2250.02	5347.82
577	3031.85	13850.19
578	16210.54	10279.95
579	16236.19	10989.67
580	8580.13	16082.92
581	2700.54	5439.86
582	2730.6	2268.12
583	6613.01	16313.22
584	14546.06	5919.36
585	13844.53	19760.72
586	4095.71	8016.73
587	10597.93	13111.6
588	5792.2	6852.14
589	11283.19	11439.2
590	17375.57	10504.84
591	19626.22	13452.79
592	9583.02	4855.77
593	16473.2	15149.5
594	16947.55	4940.64
595	15303.01	14522.26
596	10191.1	7842.28
597	3835.0	2960.99
598	13738.28	473.41
599	17274.46	8764.85
600	11722.86	16451.42
601	14307.2	6766.71
602	11082.42	15665.09
603	15709.44	19223.73
604	9871.6	5498.61
605	3284.64	2684.2
606	1939.52	17422.9
607	12599.14	17028.11
608	13204.52	17268.54
609	15822.33	10266.88
610	4159.27	7157.06
611	5724.59	9924.78
612	19166.99	2456.77
613	5972.76	1181.33
614	18551.16	10821.97
615	13558.96	4017.56
616	8613.85	3358.22
617	9412.81	18232.5
618	12701.98	4894.25
619	3156.64	3191.72
620	16993.96	15874.98
621	14745.1	7912.06
622	861.28	12376.28
623	14325.02	4047.77
624	5887.12	19032.03
625	7006.07	10915.06
626	11592.64	3109.43
627	8606.15	3673.5
628	333.85	2342.56
629	13719.28	529.54
630	13931.87	17122.34
631	4760.08	13962.73
632	674.98	4733.05
633	5721.45	12332.88
634	12384.16	9200.31
635	9032.4	18764.9
636	8260.81	9560.69
637	4866.7	2665.58
638	17714.78	10085.08
639	11960.74	15342.11
640	7597.98	2465.14
641	1525.98	15669.56
642	15164.08	8322.24
643	19807.55	13863.72
644	6386.03	13865.87
645	12372.19	19193.25
646	9292.15	16209.58
647	5023.54	6422.58
648	10848.89	8740.52
649	11062.46	13278.0
650	6869.26	503.46
651	1082.0	17464.85
652	12762.58	18042.78
653	1889.32	93.03
654	6750.28	19660.62
655	319.25	13251.74
656	17935.61	5943.69
657	2834.01	18497.95
658	7770.51	4487.06
659	13487.52	11621.67
660	6922.94	11178.81
661	16515.02	19898.4
662	3140.79	16371.47
663	12353.21	11378.44
664	2885.1	17363.96
665	17464.51	15191.27
666	6125.64	11377.05
667	15728.1	19578.19
668	11214.07	1446.98
669	19949.91	15640.78
670	4347.33	10298.39
671	5596.32	19856.35
672	14923.89	8365.85
673	14020.81	15660.28
674	1434.12	7109.32
675	358.94	4670.69
676	17667.22	15867.74
677	6061.25	16863.13
678	15907.16	15929.5
679	18455.29	15984.37
680	13878.48	17686.18
681	5373.81	4614.39
682	5341.9	14843.83
683	12136.96	672.76
684	1252.74	6183.82
685	13648.61	3129.75
686	15716.27	15070.06
687	12225.56	7352.38
688	11542.76	16295.28
689	7841.87	9151.28
690	2657.18	15570.25
691	3861.22	16273.0
692	1367.79	4851.17
693	16326.13	15255.8
694	13064.58	11463.04
695	12465.65	16466.22
696	6065.21	11462.22
697	16247.23	1472.73
698	11647.69	3247.72
699	6929.93	10830.91
700	16143.59	13018.01
701	18542.51	6704.5
702	13952.44	17372.6
703	9800.75	8062.27
704	4570.4	1181.09
705	14167.1	16689.1
706	3773.89	16527.04
707	11506.24	11034.55
708	11954.78	3163.73
709	18156.96	357.17
710	3125.4	9483.31
711	3881.43	16288.72
712	17774.16	188.82
713	7270.7	8412.75
714	15927.28	1669.76
715	17975.49	16286.3
716	1905.93	15753.36
717	2504.58	13399.34
718	17790.46	2531.02
719	18473.38	7038.43
720	7874.27	9083.49
721	18910.05	9105.82
722	14335.16	4133.45
723	8121.23	4926.45
724	5286.3	10409.59
725	7423.71	1617.3
726	11911.34	9230.28
727	4539.76	500.59
728	17227.04	5895.43
729	6146.95	16127.25
730	16672.92	6231.34
731	10343.04	9630.36
732	4125.95	17307.3
733	9434.99	15060.65
734	18843.48	15926.56
735	1056.89	1744.47
736	11513.19	17523.09
737	13189.14	2687.93
738	11551.48	19391.65
739	10527.3	17978.99
740	10920.48	18008.52
741	11958.7	5579.96
742	16155.8	11676.93
743	6669.08	4377.34
744	10658.72	3153.92
745	339.74	14821.19
746	19198.6	19953.69
747	4612.8	13171.31
748	330.84	15510.68
749	10706.17	11153.14
750	2585.78	13594.41
751	651.91	15646.69
752	7232.41	18288.96
753	8817.62	4358.18
754	11717.25	1886.56
755	19833.87	5203.58
756	15433.26	9916.62
757	15302.53	12468.23
758	19318.75	7944.46
759	2572.61	17602.06
760	16850.38	9161.0
761	3383.35	6717.23
762	4872.65	9663.7
763	1530.13	19920.03
764	2126.9	17776.54
765	14465.4	18016.18
766	19672.99	18901.27
767	2903.21	10723.16
768	477.98	9260.2
769	8146.24	14048.59
770	9147.45	13322.66
771	3590.84	10862.57
772	12709.39	11684.0
773	6692.82	2364.57
774	18298.69	5832.85
775	12044.67	3624.9
776	17768.21	9548.07
777	6675.41	15717.89
778	7196.71	2202.12
779	2378.61	4620.36
780	16887.88	16840.72
781	14618.04	1722.86
782	17266.06	1543.7
783	1067.99	2078.03
784	13779.42	1942.6
785	6019.83	10635.15
786	13140.2	3532.64
787	1682.09	13088.85
788	10155.04	873.11
789	10736.06	11437.71
790	5110.78	357.01
791	10467.51	10110.92
792	7547.99	1153.96
793	3328.08	6267.48
794	17097.31	4540.19
795	13708.72	4618.26
796	2090.28	12087.21
797	5555.85	4692.54
798	15534.18	18065.47
799	3986.85	8265.91
800	1210.26	1149.12
801	4237.88	7150.34
802	16084.0	13563.27
803	5814.23	12719.53
804	18856.63	4594.6
805	18242.2	9669.88
806	11606.38	9196.08
807	15083.52	479.23
808	16040.14	10842.89
809	9811.96	415.03
810	6834.19	10438.33
811	844.25	11750.31
812	11105.04	2357.31
813	10882.97	3324.9
814	3808.25	17405.3
815	1585.25	19038.79
816	5263.91	3245.25
817	2132.72	1104.73
818	10406.67	19769.51
819	9030.62	13616.44
820	16218.44	11422.94
821	9524.78	7642.69
822	3135.22	5742.63
823	10053.61	7932.6
824	6845.85	13174.86
825	10730.82	19368.7
826	16951.7	16676.5
827	19321.98	18508.4
828	11852.28	697.54
829	14891.22	13351.57
830	15490.79	19547.87
831	19047.83	10347.13
832	16908.28	10560.31
833	9195.67	8795.78
834	15808.72	648.42
835	15453.44	12118.83
836	17581.6	17297.76
837	11823.82	13611.22
838	5876.25	856.37
839	14793.09	18235.73
840	19889.67	19266.21
841	2299.07	5914.46
842	15051.03	18026.11
843	9817.55	6175.68
844	4114.74	14582.19
845	12837.39	1795.69
846	18287.65	13434.93
847	13674.56	18996.76
848	17925.44	4083.97
849	16910.68	18780.59
850	11002.87	15030.52
851	19832.71	8653.44
852	9177.11	9382.24
853	10610.61	17527.65
854	4377.37	18254.42
855	3209.09	6700.54
856	9311.22	406.02
857	541.59	8864.87
858	8938.85	5693.56
859	3600.98	5991.49
860	18079.18	10563.66
861	7498.96	10140.74
862	9090.08	15849.62
863	589.65	4576.05
864	16277.88	11196.6
865	1051.08	825.34
866	1422.38	793.64
867	18328.09	3148.69
868	17231.54	6234.31
869	2087.27	2983.4
870	4187.39	5694.21
871	13499.84	17004.28
872	4516.14	2624.86
873	9472.54	12386.85
874	10045.95	18867.22
875	6607.52	19511.03
876	7919.11	5058.66
877	6052.85	17250.79
878	8861.28	17232.44
879	14629.89	9663.12
880	3805.04	16938.26
881	12453.02	15206.08
882	3244.5	13567.46
883	3085.63	501.95
884	16512.23	13059.36
885	8083.45	15092.74
886	9009.5	16577.27
887	15079.96	15603.61
888	11076.39	8269.71
889	11538.27	5020.91
890	13970.41	2324.8
891	3951.94	1530.27
892	8249.58	5097.02
893	11415.67	522.43
894	14461.51	926.71
895	12529.84	5473.1
896	6553.12	8089.94
897	2558.15	15877.17
898	15736.4	14668.48
899	16380.36	12277.2
900	12135.13	6403.59
901	9224.43	18402.9
902	18978.07	16609.2
903	19092.3	13585.55
904	15783.78	5488.95
905	16090.83	98.81
906	16727.61	15718.57
907	3542.09	6755.34
908	12978.04	6576.93
909	18128.36	4854.91
910	2659.82	7239.32
911	12147.0	15865.29
912	1061.83	11871.94
913	16010.42	1529.73
914	14182.5	14342.91
915	13241.12	19630.27
916	1492.56	18732.06
917	13130.3	18415.22
918	19061.83	938.58
919	13891.16	13648.24
920	19993.75	15724.21
921	17629.11	8814.18
922	12842.22	2088.74
923	1027.81	6431.08
924	2765.27	13199.38
925	18056.68	17095.05
926	2305.16	6441.19
927	17361.23	16329.78
928	8842.75	1170.7
929	18756.44	10747.91
930	7827.92	19758.49
931	15958.5	560.91
932	2086.66	8031.72
933	10310.76	2676.37
934	19880.88	7715.31
935	1348.65	4383.56
936	1812.33	15406.79
937	5810.08	19975.9
938	17358.17	13172.07
939	13379.03	14295.42
940	18432.91	188.29
941	12845.6	5611.13
942	11857.95	2596.22
943	17489.78	11961.66
944	16419.66	5641.87
945	8228.16	6668.19
946	11906.35	14012.68
947	18692.77	10987.21
948	17674.55	4441.59
949	4013.63	19977.42
950	14614.11	11659.19
951	2271.44	7179.69
952	12219.26	16969.09
953	4144.37	15695.24
954	5369.53	8650.21
955	14135.39	6793.16
956	8532.28	37.96
957	10233.72	15186.31
958	5366.39	7882.02
959	16502.35	11439.51
960	17386.08	8568.6
961	13739.83	4246.35
962	5085.73	10193.73
963	6506.54	19538.35
964	1934.23	4392.5
965	11780.42	8109.77
966	15375.97	19440.24
967	10822.18	11899.79
968	3998.02	18573.22
969	15056.14	625.41
970	13055.61	15865.89
971	17748.22	12290.77
972	9989.91	7801.96
973	17021.09	9421.85
974	3370.26	4238.74
975	15165.08	1676.83
976	1214.72	2980.65
977	15922.03	1394.25
978	8676.74	1499.64
979	15817.33	594.12
980	16945.99	15080.44
981	3622.81	5586.74
982	16291.56	15229.36
983	7712.66	6887.63
984	7939.27	18263.38
985	4654.97	16037.64
986	7591.93	9924.85
987	17658.44	18234.96
988	9247.38	1764.6
989	10943.84	706.06
990	11899.47	3461.65
991	3096.72	13151.73
992	16414.02	9013.43
993	5281.43	12414.11
994	14765.19	19770.09
995	4115.44	7878.26
996	13490.15	9912.29
997	557.91	11302.1
998	8508.22	17384.64
999	414.27	19636.84
1000	10408.79	19694.98
1001	1804.26	6328.09
1002	12801.94	7574.54
1003	15871.63	4329.86
1004	6129.33	5970.48
1005	4840.29	12966.4
1006	3310.98	4455.63
1007	10819.61	4325.13
1008	1445.47	6868.49
1009	18638.15	13381.67
1010	11369.21	19580.7
1011	13730.71	2977.85
1012	14735.42	15452.56
1013	14306.82	14193.22
1014	299.38	4330.65
1015	19173.03	15903.41
1016	2000.66	6651.45
1017	12073.39	2262.59
1018	12042.55	8933.14
1019	13460.63	15433.17
1020	519.63	13680.51
1021	17016.16	7539.84
1022	7015.21	4329.63
1023	9768.72	845.92
1024	12914.23	11637.29
1025	7230.91	900.29
1026	17002.16	10551.76
1027	5577.61	15770.89
1028	7719.9	16723.33
1029	19540.74	15650.02
1030	10959.43	11055.51
1031	18868.94	4471.99
1032	10532.09	17742.79
1033	9022.05	19841.81
1034	8987.81	13207.01
1035	796.82	11598.57
1036	778.91	9576.88
1037	2417.98	3155.65
1038	6342.95	11668.89
1039	590.62	11137.98
1040	5543.01	19327.85
1041	14326.59	14376.14
1042	15199.41	19141.33
1043	14127.88	9618.63
1044	1836.1	19965.3
1045	1247.55	494.64
1046	9853.04	17840.07
1047	5866.16	14719.6
1048	18396.24	8199.59
1049	17932.84	10664.1
1050	11777.78	16948.5
1051	14620.89	6839.76
1052	8929.06	3414.65
1053	358.09	4397.14
1054	8861.68	1623.5
1055	16689.77	4701.56
1056	19513.83	2369.59
1057	5011.13	5427.69
1058	4014.55	16491.39
1059	5723.95	2618.0
1060	6389.52	1661.33
1061	2322.76	14550.27
1062	19372.48	4357.83
1063	19498.54	18625.96
1064	1565.9	8852.33
1065	8807.05	12827.26
1066	15923.07	18605.22
1067	17082.39	2944.18
1068	17368.69	8777.11
1069	3089.79	2532.29
1070	10261.55	18197.56
1071	582.21	15725.56
1072	2977.89	17402.87
1073	1047.93	16871.99
1074	8170.88	1263.6
1075	12452.77	12055.36
1076	16598.55	9615.77
1077	12871.78	4041.32
1078	19132.7	1753.79
1079	11297.95	10558.16
1080	9166.6	9705.5
1081	17174.23	7476.38
1082	7983.38	14921.95
1083	6929.86	7038.26
1084	8673.51	1441.73
1085	11542.79	9395.5
1086	9652.74	9903.22
1087	15226.29	7267.02
1088	15130.88	15793.98
1089	7852.69	10846.32
1090	15648.96	9878.0
1091	3452.53	8018.67
1092	19365.65	9265.16
1093	13186.06	4186.93
1094	7531.56	5900.24
1095	16234.71	965.81
1096	8021.07	19830.27
1097	1772.03	19608.45
1098	80.25	15.14
1099	9059.84	2159.0
1100	1036.46	2675.78
1101	8108.64	880.16
1102	3479.5	14709.39
1103	19287.64	17673.27
1104	15455.85	17085.63
1105	6578.57	19191.32
1106	4958.69	1444.8
1107	19354.39	18789.59
1108	7393.6	17020.35
1109	3214.51	18469.07
1110	3535.79	1011.91
1111	1908.97	7763.16
1112	7347.1	16785.61
1113	10708.6	5024.38
1114	10128.93	19771.95
1115	12514.84	16338.42
1116	368.0	4060.1
1117	1575.53	16626.0
1118	11921.47	6031.74
1119	13192.09	4536.61
1120	7423.29	11731.3
1121	2137.79	688.43
1122	11382.9	5466.17
1123	9465.88	8403.44
1124	12061.75	8666.71
1125	592.14	13207.18
1126	15180.49	19355.17
1127	6714.7	3229.31
1128	19360.44	11643.47
1129	15856.36	17881.26
1130	5948.91	3203.87
1131	16036.67	19832.58
1132	1693.62	7354.19
1133	5546.65	5268.53
1134	9903.83	4296.37
1135	15136.39	16067.56
1136	2483.5	15450.51
1137	4314.41	19496.81
1138	4523.93	5053.6
1139	14516.33	16157.68
1140	15980.86	15608.95
1141	453.58	19279.45
1142	5726.77	8779.7
1143	7324.96	12230.18
1144	985.75	12242.71
1145	5195.83	3046.37
1146	9454.79	18115.17
1147	18939.21	3410.52
1148	15262.85	11989.13
1149	1861.11	15295.86
1150	11155.48	8086.18
1151	7390.0	7187.05
1152	13464.92	9365.67
1153	16827.78	4321.09
1154	6721.21	9943.6
1155	16663.79	2661.43
1156	15054.3	8983.57
1157	9273.33	5339.04
1158	8092.1	1325.32
1159	8104.7	18803.03
1160	17159.7	16544.56
1161	16674.74	10045.55
1162	4900.49	14598.99
1163	11677.29	18460.49
1164	3279.2	19335.84
1165	2401.46	16146.83
1166	10483.47	11287.58
1167	8977.89	9060.77
1168	7089.24	4874.1
1169	17638.98	10266.77
1170	11745.67	19510.35
1171	1895.74	17786.28
1172	12902.53	2582.54
1173	7626.02	7217.84
1174	19853.26	7064.41
1175	723.44	5702.42
1176	12249.67	9975.14
1177	776.68	17212.83
1178	1925.41	1949.83
1179	6166.33	13389.74
1180	9510.06	1038.16
1181	16240.77	15757.23
1182	6122.99	9026.4
1183	7898.63	6894.81
1184	2290.16	19383.72
1185	3452.33	1404.53
1186	3802.68	14906.12
1187	3536.75	11784.64
1188	14976.28	11693.23
1189	6041.77	7571.14
1190	6295.09	12081.25
1191	8014.99	1621.87
1192	6695.58	3132.31
1193	18407.51	1082.51
1194	6111.22	5560.57
1195	6812.38	19235.35
1196	11002.62	12688.43
1197	15008.17	15991.3
1198	7325.92	19735.87
1199	18621.41	9424.28
1200	3213.48	13025.85
1201	9188.17	14800.84
1202	16305.31	12517.93
1203	7617.43	16528.95
1204	6266.95	6943.56
1205	4411.96	6077.53
1206	2201.83	18643.57
1207	2678.67	3653.81
1208	15226.69	1316.74
1209	6165.79	16537.51
1210	13153.22	16299.08
1211	10133.85	8770.23
1212	9340.13	15720.93
1213	12925.29	12370.44
1214	2878.16	7897.59
1215	4030.97	8043.58
1216	11713.15	10237.92
1217	12030.09	2990.88
1218	9219.78	11438.51
1219	9347.74	19479.7
1220	10708.56	8169.63
1221	559.91	14914.0
1222	138.31	6308.66
1223	19892.15	1750.51
1224	3713.11	14554.22
1225	6460.76	11743.01
1226	16614.78	9447.43
1227	14437.57	11028.64
1228	8722.81	7450.65
1229	3953.5	9282.46
1230	15292.31	11493.22
1231	4666.26	9050.92
1232	11924.91	3037.76
1233	1.08	8286.39
1234	14449.07	4252.33
1235	2531.14	18161.83
1236	8097.96	8126.02
1237	444.92	14815.49
1238	10254.24	16102.35
1239	3588.71	15814.21
1240	18251.88	11621.93
1241	7862.28	11104.68
1242	14469.21	8353.6
1243	16065.18	3091.82
1244	9775.72	6381.06
1245	130.0	4433.7
1246	16854.63	5806.35
1247	17928.61	10610.24
1248	13946.6	17782.19
1249	2302.39	10436.17
1250	15977.71	7471.07
1251	11638.81	7584.47
1252	8281.97	19018.91
1253	18503.35	3228.15
1254	12580.24	7726.15
1255	13090.53	2351.29
1256	2069.97	3042.74
1257	16580.48	11946.14
1258	343.92	15835.44
1259	1356.31	13421.31
1260	10740.32	10247.46
1261	431.0	16298.33
1262	6332.5	9228.54
1263	15421.96	14969.01
1264	2806.93	9951.46
1265	4383.23	5328.77
1266	437.94	3769.15
1267	17926.58	8637.15
1268	17058.75	10457.68
1269	18985.1	17393.39
1270	8304.67	4615.35
1271	13730.02	15829.76
1272	2588.54	9477.53
1273	11479.45	5032.76
1274	2537.09	13607.84
1275	12960.75	19949.47
1276	10287.84	17652.06
1277	15592.1	13805.1
1278	12904.9	5789.45
1279	5271.87	3877.12
1280	12873.15	3334.07
1281	815.0	18266.74
1282	13561.63	19745.75
1283	17545.3	15002.68
1284	9875.8	2186.34
1285	14232.07	9697.16
1286	10931.37	1322.29
1287	2949.83	14406.44
1288	13066.27	19156.9
1289	7101.73	18553.67
1290	9448.12	6625.36
1291	3831.18	15833.55
1292	987.77	7886.86
1293	3221.35	1679.51
1294	9736.02	4872.81
1295	18547.59	5720.82
1296	19388.82	15070.7
1297	7093.13	18501.35
1298	4585.41	2572.6
1299	19965.65	11297.17
1300	5076.83	10086.29
1301	3829.46	2561.03
1302	11073.9	2034.02
1303	7145.69	713.78
1304	18833.3	6690.16
1305	2066.79	10689.0
1306	12144.18	3072.21
1307	3873.66	18491.1
1308	1870.49	1368.68
1309	9340.62	17522.12
1310	17713.3	9872.72
1311	12904.99	12206.33
1312	16865.47	17849.29
1313	6201.24	17941.86
1314	18139.39	1571.14
1315	19198.23	12701.0
1316	17700.85	4781.39
1317	8552.62	19160.54
1318	12743.46	217.99
1319	19434.9	13946.87
1320	9966.4	5545.14
1321	3120.52	4068.67
1322	8860.0	7827.66
1323	14459.61	4143.62
1324	10450.31	9445.39
1325	18942.95	7104.9
1326	11857.44	7316.96
1327	6498.94	13156.15
1328	11408.06	13075.57
1329	13732.23	5569.89
1330	3069.55	14375.64
1331	12862.93	5038.39
1332	14247.68	12547.49
1333	13735.98	5571.73
1334	16322.44	15479.71
1335	5137.54	6053.78
1336	71.97	19678.2
1337	9129.41	528.41
1338	16736.35	4124.65
1339	15334.16	4903.72
1340	16612.7	6045.43
1341	7978.5	12079.72
1342	435.17	5833.42
1343	3319.36	15480.25
1344	8874.2	13698.74
1345	8142.17	3220.91
1346	19252.04	6555.06
1347	2949.18	4268.44
1348	5064.31	14964.72
1349	8855.24	14913.07
1350	12355.18	4202.84
1351	9230.6	4649.55
1352	4620.45	3347.17
1353	2428.34	12400.33
1354	11120.45	17454.44
1355	17754.18	16402.13
1356	16153.84	2160.18
1357	13490.68	4452.58
1358	17483.11	3752.32
1359	1348.63	15738.14
1360	15842.11	12670.07
1361	17416.47	19015.57
1362	18330.99	4326.24
1363	10960.19	8300.26
1364	18182.59	9748.34
1365	8932.82	987.82
1366	17844.68	5133.86
1367	14728.58	8112.63
1368	7265.22	5258.23
1369	1351.05	5543.1
1370	5990.17	2578.35
1371	16566.05	15178.1
1372	269.85	18433.09
1373	5913.4	6131.53
1374	16339.42	6544.42
1375	4892.32	322.17
1376	14746.66	18297.1
1377	10835.2	25.68
1378	13581.67	17432.04
1379	9147.7	3426.71
1380	4039.32	17913.72
1381	12647.89	9261.91
1382	13101.5	19760.63
1383	7319.11	17726.13
1384	10609.52	14535.07
1385	9905.43	17398.47
1386	19126.18	2610.31
1387	12570.56	754.74
1388	15331.34	9192.43
1389	5547.2	17077.63
1390	16976.99	5013.83
1391	3962.64	378.22
1392	14212.34	8335.58
1393	19051.52	1629.38
1394	7094.04	5059.19
1395	12605.99	9126.7
1396	13148.3	14180.57
1397	19871.56	6867.06
1398	11061.39	17553.88
1399	6682.09	7209.24
1400	5512.63	1505.8
1401	2933.03	17777.38
1402	18714.89	19129.3
1403	18782.28	12629.09
1404	2162.13	18810.6
1405	13384.13	19176.53
1406	12168.97	16315.84
1407	12197.28	11070.87
1408	14443.57	5948.67
1409	9876.38	1616.77
1410	17724.81	13822.31
1411	8339.75	9147.37
1412	15193.36	12924.89
1413	9516.28	4989.05
1414	11958.81	6966.51
1415	4535.35	5931.94
1416	2806.75	80.88
1417	768.92	9395.05
1418	13131.92	7029.99
1419	14844.32	13444.05
1420	5197.53	18073.11
1421	3566.58	8106.73
1422	7705.63	3500.01
1423	9012.7	9839.44
1424	4711.88	15771.89
1425	7007.96	19140.62
1426	382.37	7329.15
1427	9643.53	12541.28
1428	10495.9	18276.36
1429	8222.81	19975.84
1430	18453.87	9163.99
1431	8238.12	4062.67
1432	12345.5	6751.08
1433	17818.98	17035.1
1434	14284.08	13718.72
1435	13171.35	13283.52
1436	60.67	16563.79
1437	707.89	17205.06
1438	4795.62	14721.5
1439	14377.2	1239.49
1440	3268.86	1715.38
1441	2359.7	11378.2
1442	2253.66	8889.6
1443	6170.36	11929.41
1444	10395.9	4317.18
1445	10233.69	17975.06
1446	4838.78	11604.33
1447	10622.92	18367.71
1448	13266.63	9022.3
1449	8785.79	16481.01
1450	2422.35	4482.78
1451	6655.37	14558.04
1452	3759.49	18837.24
1453	11912.16	5563.77
1454	12748.58	7215.24
1455	2073.5	4100.86
1456	17922.76	3249.5
1457	18581.85	12154.1
1458	9166.89	14781.6
1459	19520.98	15874.84
1460	1158.49	7709.95
1461	12263.94	2103.21
1462	12073.6	13962.48
1463	14099.81	6305.35
1464	3911.32	17489.95
1465	6830.24	3064.82
1466	15891.78	6224.5
1467	10184.39	9528.51
1468	10007.14	18434.14
1469	6649.48	16732.66
1470	5320.82	17580.46
1471	639.32	9000.87
1472	4387.31	13664.14
1473	14768.52	13676.95
1474	14181.43	14866.28
1475	342.56	12490.0
1476	5989.23	17607.97
1477	2566.91	4849.94
1478	13986.31	16447.53
1479	803.5	16077.99
1480	5992.83	5596.19
1481	656.52	8726.58
1482	6023.65	13910.31
1483	1680.82	11514.66
1484	2397.75	11631.71
1485	7631.27	2354.19
1486	8906.51	1102.47
1487	2421.77	2986.08
1488	4901.85	16176.63
1489	17876.54	16401.97
1490	9105.41	11424.72
1491	8663.52	18888.24
1492	11694.76	1058.08
1493	16801.97	1235.86
1494	4373.23	9147.86
1495	16030.43	9310.5
1496	11013.36	4868.81
1497	7701.97	6286.97
1498	10998.7	838.75
1499	3734.09	4154.15
1500	15234.84	3475.01
1501	6817.25	22.14
1502	18675.66	4414.74
1503	13833.68	2732.76
1504	12529.37	11519.51
1505	6546.77	19012.31
1506	17408.45	17951.48
1507	14721.46	17021.49
1508	4092.18	14308.75
1509	19498.52	5978.7
1510	9747.65	9339.39
1511	8526.99	5441.1
1512	7663.42	5384.4
1513	6949.96	5913.78
1514	8355.99	16371.73
1515	17254.78	1560.23
1516	2914.3	9505.65
1517	15979.55	1397.92
1518	15207.44	1238.09
1519	4892.17	18949.78
1520	4795.24	5871.73
1521	13535.54	18363.34
1522	19852.4	11740.87
1523	4136.32	11218.6
1524	14981.93	11690.78
1525	6300.39	8413.23
1526	13839.05	741.02
1527	7433.43	8024.27
1528	1766.32	6173.57
1529	17993.64	16628.25
1530	18434.78	10463.61
1531	19823.59	328.13
1532	15298.33	15172.07
1533	17054.71	2371.23
1534	4812.76	3386.79
1535	0.33	14793.09
1536	2096.03	16450.45
1537	6410.78	6757.16
1538	10659.67	4043.82
1539	18380.72	16619.11
1540	9507.55	2529.76
1541	15799.84	3229.21
1542	447.68	2690.41
1543	2393.09	14798.91
1544	7448.85	6556.5
1545	7334.91	12803.4
1546	16569.71	18832.7
1547	15195.81	5285.89
1548	14097.76	13111.06
1549	9954.65	4342.07
1550	6186.79	3543.22
1551	18175.07	17282.66
1552	10849.03	18923.9
1553	3943.92	15817.41
1554	19890.09	1530.42
1555	3134.65	2057.6
1556	4068.07	14577.57
1557	16344.95	5063.75
1558	19025.57	16731.35
1559	17835.7	5460.41
1560	13030.7	615.57
1561	2841.59	19885.07
1562	19801.19	2966.18
1563	4863.65	18862.42
1564	2729.4	2378.25
1565	16139.23	1413.69
1566	14712.98	269.61
1567	12842.75	14129.93
1568	6898.09	8557.35
1569	15286.27	3275.93
1570	13037.16	12703.27
1571	17948.34	9616.38
1572	5563.74	7550.18
1573	6132.92	2284.27
1574	8798.64	10493.95
1575	6024.89	19048.75
1576	2506.44	17056.6
1577	8877.6	15122.58
1578	3597.42	15559.54
1579	13479.72	8605.42
1580	15043.3	6029.77
1581	16016.93	12859.81
1582	3294.17	11815.65
1583	14151.72	8232.53
1584	10429.48	8138.56
1585	11727.96	9699.29
1586	17576.32	9162.01
1587	12328.05	10052.67
1588	9672.06	5794.93
1589	2907.88	15563.33
1590	16532.66	17053.75
1591	18852.15	11434.52
1592	9058.97	10279.59
1593	19320.15	1790.66
1594	5771.64	2698.79
1595	6435.26	13974.91
1596	9109.66	16063.27
1597	16487.82	4104.13
1598	15620.9	14732.91
1599	19699.94	13749.76
1600	13048.93	9901.24
1601	15460.47	11924.9
1602	3913.27	11225.02
1603	14788.62	18608.25
1604	12629.67	7711.19
1605	10050.76	17178.25
1606	17836.78	11033.15
1607	15427.81	10894.0
1608	6181.77	16603.9
1609	7984.4	13301.1
1610	14703.83	16945.77
1611	13419.84	18434.25
1612	2152.97	19311.83
1613	14313.74	12513.76
1614	19520.6	18431.44
1615	7601.61	17384.6
1616	11990.12	4105.26
1617	9583.95	11615.1
1618	8957.13	19397.86
1619	2340.53	6084.27
1620	2062.87	15644.04
1621	16499.51	3183.51
1622	862.28	4636.61
1623	7882.47	13615.05
1624	383.81	4326.36
1625	19471.19	8945.73
1626	991.35	14891.52
1627	9361.64	18944.44
1628	371.68	18388.12
1629	11764.14	6467.88
1630	12706.46	14028.97
1631	14468.25	12595.52
1632	11726.03	12892.3
1633	15149.45	5143.25
1634	18369.93	14374.93
1635	17818.47	5068.68
1636	9227.13	16258.42
1637	6197.29	17789.3
1638	564.6	9110.51
1639	4571.35	12348.29
1640	6346.54	11269.31
1641	5662.93	12043.92
1642	3594.33	7473.29
1643	7080.38	8967.79
1644	9539.93	11019.87
1645	7463.66	14755.94
1646	8453.63	10172.25
1647	14141.12	16482.49
1648	12103.9	3423.09
1649	16677.01	6837.11
1650	11530.44	3698.03
1651	16204.07	7819.74
1652	8363.91	308.58
1653	8340.36	1266.81
1654	5384.57	12798.29
1655	627.92	16064.19
1656	14362.73	16431.25
1657	12227.05	4357.77
1658	11434.42	8386.95
1659	15370.97	10168.37
1660	975.42	7469.98
1661	19305.35	9490.26
1662	14459.31	2043.1
1663	4514.34	873.46
1664	17500.44	1148.62
1665	9686.62	2510.21
1666	18547.07	17032.91
1667	9721.21	18189.74
1668	436.06	17222.47
1669	5138.37	4514.21
1670	10679.3	16977.89
1671	6728.98	16445.94
1672	100.68	2272.17
1673	15381.79	2322.54
1674	2404.01	4423.32
1675	10860.64	8425.6
1676	3568.35	14475.23
1677	8794.8	10259.08
1678	15050.45	9555.08
1679	19869.44	12901.94
1680	6924.41	1668.1
1681	15890.6	11776.24
1682	19565.01	17364.09
1683	18545.71	10654.11
1684	780.18	15196.39
1685	6665.21	8108.49
1686	632.77	19830.3
1687	17101.56	19921.26
1688	5428.36	2811.15
1689	18641.57	2030.76
1690	7186.33	6658.38
1691	18317.12	301.31
1692	1843.33	19425.65
1693	17755.97	8091.03
1694	5148.84	165.86
1695	16190.98	13680.66
1696	18259.75	18928.49
1697	7770.85	8379.97
1698	8420.55	14370.92
1699	14023.54	9018.2
1700	9023.63	13472.34
1701	19565.38	12352.8
1702	1772.76	11103.64
1703	11017.03	18412.1
1704	18392.96	13454.82
1705	11621.93	2969.2
1706	14265.21	13480.94
1707	14938.99	13715.68
1708	9439.22	13595.98
1709	5910.45	5083.38
1710	16087.84	6637.44
1711	11069.46	11945.62
1712	6700.32	2889.28
1713	18726.13	9163.12
1714	3559.42	15620.75
1715	1617.01	10114.76
1716	13566.62	9820.96
1717	7081.84	822.67
1718	16387.11	19795.3
1719	12460.94	11807.39
1720	5811.03	9595.19
1721	5596.22	14549.41
1722	4761.54	17058.75
1723	1065.66	277.19
1724	15780.03	17721.03
1725	3439.06	13141.47
1726	17532.99	7516.82
1727	12070.62	11276.69
1728	2621.32	4629.17
1729	11258.78	5169.55
1730	18599.9	10349.29
1731	16026.68	10931.85
1732	13924.66	4939.32
1733	16694.12	12293.82
1734	9698.61	19618.52
1735	11846.02	10827.78
1736	3878.26	3288.67
1737	12216.75	8803.91
1738	10963.93	19065.67
1739	4339.67	1817.67
1740	12790.44	10929.15
1741	12771.02	5727.85
1742	12337.43	13987.83
1743	13466.29	12221.39
1744	18890.54	9649.25
1745	9790.07	12348.19
1746	17292.34	8036.33
1747	13833.73	4333.24
1748	19436.38	16036.77
1749	12901.58	11842.21
1750	12979.83	14847.28
1751	10562.83	4727.05
1752	15921.85	1897.74
1753	10323.66	17915.35
1754	17818.65	18538.86
1755	14980.08	7080.97
1756	18949.03	5019.56
1757	2960.36	15241.46
1758	16394.18	17242.63
1759	10069.89	6755.23
1760	14325.07	18003.04
1761	15279.84	3738.72
1762	13990.09	19515.61
1763	3874.11	11379.23
1764	684.67	1586.07
1765	3671.77	19152.8
1766	18553.89	3580.11
1767	8412.86	8442.77
1768	3508.26	11564.59
1769	4118.58	13021.27
1770	5445.77	417.16
1771	11592.06	15596.69
1772	11869.09	542.19
1773	13420.52	7150.65
1774	10979.8	10036.34
1775	5190.27	800.68
1776	19985.59	18038.06
1777	5071.85	18513.65
1778	6417.06	4049.03
1779	8319.72	8079.14
1780	5511.02	9232.24
1781	4260.39	3167.87
1782	3427.03	14531.16
1783	2821.64	6385.43
1784	10232.88	5061.83
1785	2609.93	16395.84
1786	3489.06	14171.01
1787	9999.7	3334.48
1788	5764.28	12705.34
1789	12058.75	13077.84
1790	8831.65	3121.21
1791	6658.34	8591.69
1792	17245.21	10008.04
1793	16470.54	3070.5
1794	4495.58	11650.28
1795	5098.68	6624.09
1796	194.15	15113.61
1797	17329.06	3464.94
1798	18254.7	41.29
1799	2737.02	7392.05
1800	6436.54	4442.29
1801	9336.98	6532.0
1802	10699.94	4272.11
1803	14753.56	13929.46
1804	1950.49	13951.6
1805	16337.97	13040.35
1806	4299.32	5831.45
1807	7127.02	9213.8
1808	13130.99	14837.73
1809	259.22	17882.48
1810	16469.48	10176.7
1811	3560.54	5445.31
1812	7217.28	7657.22
1813	12089.99	17290.86
1814	12184.44	19307.28
1815	1105.76	1644.25
1816	4357.82	153.06
1817	14771.14	481.34
1818	5834.79	15529.26
1819	14078.45	1211.54
1820	4227.08	15708.1
1821	2421.38	5567.2
1822	15786.88	3342.93
1823	640.52	2323.34
1824	4457.39	13532.35
1825	7064.23	7593.32
1826	17531.05	17626.98
1827	15190.17	11838.18
1828	4192.08	11284.03
1829	7283.2	13768.09
1830	8977.97	16149.48
1831	7643.27	8984.91
1832	1903.34	132.77
1833	7398.45	5826.63
1834	13066.31	14498.74
1835	19432.82	11490.12
1836	7125.01	9650.26
1837	8442.05	8002.78
1838	17413.69	4980.03
1839	9978.45	2436.33
1840	1945.8	13158.07
1841	5322.88	19905.21
1842	266.6	5836.39
1843	349.24	11897.86
1844	15434.56	8094.69
1845	5686.07	3345.13
1846	9578.81	15616.32
1847	6912.77	7903.07
1848	318.75	19481.14
1849	4421.58	19625.83
1850	9809.67	7723.04
1851	15283.59	19268.0
1852	18855.79	15487.14
1853	11366.08	17265.74
1854	17159.02	12283.12
1855	10065.05	19606.65
1856	18362.23	9784.11
1857	13949.32	3347.87
1858	12146.32	3552.28
1859	1143.19	7052.9
1860	8306.74	655.34
1861	3206.6	3183.26
1862	12636.22	4785.13
1863	16631.04	19675.46
1864	18461.52	829.42
1865	15324.96	13229.99
1866	11606.52	3254.76
1867	1884.9	2129.03
1868	13823.78	280.19
1869	1017.3	1787.83
1870	800.54	9469.69
1871	8931.09	1255.32
1872	18933.37	14879.13
1873	12608.85	1831.95
1874	14390.65	10023.5
1875	4066.88	3690.82
1876	3568.59	3168.06
1877	6826.98	12292.84
1878	5569.56	14417.06
1879	11152.91	14863.55
1880	17753.15	5150.36
1881	4741.76	4975.64
1882	10588.62	2218.0
1883	1657.19	6435.0
1884	4048.14	16224.91
1885	7537.21	4349.04
1886	2523.3	6761.63
1887	7097.86	5299.07
1888	16501.35	16502.94
1889	18723.19	5690.38
1890	17112.99	14465.6
1891	18415.5	17399.74
1892	13904.8	12689.59
1893	3342.55	5261.35
1894	9905.84	3517.68
1895	8225.49	1008.56
1896	10362.42	14469.44
1897	2031.26	5430.95
1898	13068.65	4571.47
1899	12450.29	8894.69
1900	13810.82	3812.44
1901	10481.17	306.87
1902	11673.79	6436.92
1903	6461.07	5911.6
1904	14740.13	17982.14
1905	6566.7	9056.01
1906	6136.36	11500.78
1907	19427.81	12243.79
1908	11798.93	14261.86
1909	12570.38	8003.95
1910	9309.08	15405.47
1911	7971.55	9781.67
1912	7941.32	9147.83
1913	17208.65	15070.89
1914	16929.27	13396.16
1915	10251.91	18866.58
1916	5738.06	13284.61
1917	15672.78	10623.05
1918	11324.98	15152.32
1919	6788.85	12423.64
1920	10128.49	3884.43
1921	4249.21	13480.77
1922	10543.99	16479.57
1923	16121.12	7875.55
1924	11807.5	7571.55
1925	17871.35	2983.15
1926	17546.14	12104.61
1927	2212.43	13241.99
1928	4571.98	8225.22
1929	15527.65	13509.06
1930	18233.89	7636.69
1931	6934.92	7912.95
1932	2126.76	883.42
1933	13327.46	9565.22
1934	2495.67	17121.63
1935	10774.34	11049.86
1936	17255.06	3269.92
1937	17315.91	17604.05
1938	10079.6	6617.68
1939	13576.46	10087.24
1940	18636.33	11516.13
1941	14061.25	16415.93
1942	14709.37	779.67
1943	9353.57	3420.45
1944	9159.64	9101.2
1945	8511.79	15330.36
1946	5013.35	4117.07
1947	17771.44	13135.56
1948	12182.13	11607.75
1949	16466.35	6774.82
1950	2899.02	13381.87
1951	12876.98	5518.69
1952	1762.91	4757.36
1953	15756.45	9956.1
1954	15469.84	3379.23
1955	7837.99	11871.95
1956	7923.02	4942.19
1957	565.45	4653.6
1958	7980.51	19450.16
1959	1302.87	9205.98
1960	3200.97	352.57
1961	16766.31	18700.89
1962	4349.84	18887.69
1963	18936.64	18388.33
1964	14901.83	7105.98
1965	5851.5	9036.41
1966	5600.46	18415.98
1967	795.85	1323.78
1968	17330.83	1294.6
1969	4496.25	1436.46
1970	16596.21	9928.97
1971	12071.83	5857.15
1972	5439.8	14179.1
1973	2689.43	18214.83
1974	11940.94	14754.32
1975	17013.78	18489.57
1976	8514.06	5172.6
1977	7305.46	7275.07
1978	15600.56	9268.45
1979	4020.01	19730.31
1980	7787.72	1825.55
1981	1181.26	17687.48
1982	7436.74	3656.64
1983	19084.28	9029.34
1984	3726.0	6744.14
1985	17332.21	1646.03
1986	4554.13	5887.56
1987	16485.24	4701.51
1988	5407.77	9255.89
1989	3769.21	1603.43
1990	7616.32	3291.69
1991	9184.92	68.66
1992	3769.36	5933.8
1993	1772.0	12908.37
1994	339.36	18559.37
1995	7601.75	14640.19
1996	9924.81	3277.48
1997	14364.6	9280.0
1998	2552.78	8169.35
1999	4863.35	14614.76
2000	10537.4	10107.62
