1	21509.94	6289.78
2	16176.63	7487.09
3	14552.03	3221.54
4	1144.69	10060.18
5	24453.1	16220.68
6	14649.22	5940.65
7	20544.3	4784.18
8	21147.01	7074.58
9	12745.88	11131.79
10	6321.04	17430.49
11	6346.58	22099.87
12	12622.27	3940.95
13	20112.86	20487.65
14	19588.89	9583.67
15	16022.76	24310.04
16	20016.7	4457.74
17	20488.68	16509.95
18	6460.17	17484.67
19	8392.72	21153.65
20	13990.19	18826.05
21	17671.75	2378.23
22	13179.92	17237.73
23	14253.98	24614.14
24	12545.79	18162.85
25	12146.14	16883.16
26	16671.03	6355.44
27	1972.05	8357.39
28	1466.07	9432.22
29	24416.37	11466.29
30	15733.5	9400.09
31	21729.54	9710.85
32	10215.53	14927.12
33	3688.15	14022.16
34	11062.5	4912.05
35	14507.02	3388.96
36	23748.51	15200.99
37	7626.11	11728.32
38	18160.68	4639.53
39	11448.76	4714.93
40	19331.67	7725.43
41	9766.92	2934.68
42	24010.07	1928.56
43	8922.77	16920.42
44	24897.66	8539.45
45	13407.54	10799.41
46	9809.4	12944.02
47	21108.2	12554.3
48	10817.41	8098.56
49	14083.12	23670.05
50	10056.34	18615.94
51	5853.92	15967.49
52	16221.74	16793.34
53	16028.98	2668.89
54	12412.33	658.66
55	1051.52	7089.01
56	16128.02	21364.07
57	9191.64	6510.89
58	10724.66	10984.18
59	21255.19	15755.76
60	4277.04	20153.89
61	11656.36	13330.19
62	22315.13	9413.32
63	7852.42	14058.47
64	18490.15	1036.19
65	22328.8	16495.63
66	12791.53	23886.24
67	13872.06	8291.37
68	11347.7	3291.81
69	3141.17	9347.77
70	456.93	4035.24
71	17895.92	3560.81
72	15593.45	9777.94
73	14614.14	14384.29
74	6669.26	4781.65
75	22946.73	9788.98
76	2906.0	11782.1
77	15087.4	1532.91
78	15777.36	11609.13
79	7897.25	7964.62
80	1474.48	15035.6
81	14765.48	18898.14
82	15155.06	14375.19
83	1678.44	22326.99
84	21114.6	4525.8
85	19422.2	2912.43
86	18695.93	24812.4
87	5091.86	19817.49
88	19017.97	2.1
89	5682.14	7461.87
90	18186.63	8937.42
91	12900.02	3572.34
92	17703.73	14106.0
93	22985.21	6239.85
94	24827.59	17587.77
95	15550.8	16578.78
96	22503.14	1129.28
97	352.39	10041.87
98	2735.04	12729.99
99	8320.21	20556.63
100	14911.23	2332.21
101	21518.86	20260.9
102	16437.51	24268.8
103	9774.88	870.66
104	3598.66	9651.93
105	10813.25	12482.16
106	417.87	20985.35
107	2780.84	5977.66
108	14047.46	171.14
109	24666.28	2593.19
110	6230.71	4525.06
111	20640.42	18883.19
112	16149.55	16682.08
113	2666.86	19175.18
114	6299.25	20901.93
115	19312.22	3557.47
116	17920.69	11348.51
117	6544.25	21781.42
118	7775.64	8290.42
119	17359.46	24633.11
120	2957.75	14065.93
121	16468.04	5911.54
122	16372.16	16282.53
123	22394.02	5025.47
124	23608.25	14834.53
125	14280.21	20695.87
126	22381.85	18717.94
127	24161.08	16349.15
128	17403.56	2225.21
129	9702.49	4089.94
130	15710.48	24929.71
131	16126.41	3543.55
132	23417.21	3866.2
133	24911.36	23552.94
134	2102.38	1375.44
135	11988.47	15947.49
136	14868.57	482.04
137	798.03	1860.91
138	10387.46	7184.18
139	5798.47	17690.89
140	795.0	14627.38
141	6420.15	12863.36
142	3302.26	18579.86
143	1274.82	8023.5
144	10498.24	23728.95
145	3950.76	2752.98
146	7774.56	21221.16
147	6290.01	11557.26
148	16568.19	4836.14
149	20793.63	7672.45
150	7903.91	23264.02
151	21493.24	14637.83
152	4748.39	8710.69
153	6403.48	19519.87
154	10197.63	13905.54
155	6797.31	1192.66
156	20849.08	13183.6
157	1177.21	8955.01
158	10605.92	13182.68
159	7496.93	22913.23
160	7711.99	5391.06
161	13883.96	3257.22
162	15202.22	1126.29
163	22857.39	4032.03
164	5092.29	3022.44
165	14518.99	922.8
166	5736.47	4686.63
167	7050.64	612.8
168	15085.52	1669.78
169	6486.16	6163.3
170	4679.18	17233.53
171	2276.3	6205.16
172	9493.7	8997.12
173	18390.74	1052.46
174	10893.88	23939.46
175	16416.56	7391.43
176	23353.36	21494.48
177	17804.95	13642.36
178	6010.85	4507.63
179	22860.42	8140.39
180	22277.26	2457.31
181	15915.94	4627.39
182	15335.02	20658.37
183	6918.02	24654.92
184	23589.31	13527.41
185	12682.09	1875.95
186	14013.11	13538.24
187	11899.88	6231.63
188	21983.85	4205.54
189	6451.59	12777.27
190	19387.47	22981.13
191	1505.65	3147.41
192	19494.99	4328.66
193	1417.52	6654.79
194	14511.26	2503.85
195	14622.41	24370.53
196	8532.97	22867.85
197	822.6	9322.89
198	10799.96	14709.8
199	15877.72	5540.03
200	22948.06	8540.08
201	21400.56	7519.44
202	5073.99	19944.17
203	21309.01	9955.35
204	24592.9	14032.41
205	17893.07	7478.24
206	20581.26	22460.7
207	221.49	8753.89
208	12852.3	21534.84
209	9059.88	20370.31
210	16535.6	4138.96
211	22570.81	23599.96
212	13159.21	2384.91
213	20694.33	18482.17
214	6832.66	7903.08
215	10472.9	1576.83
216	18550.68	6322.25
217	3498.54	16405.77
218	4778.4	15792.49
219	401.22	8419.07
220	9959.72	9661.33
221	8498.25	7041.07
222	14957.33	1934.77
223	10456.43	2048.25
224	11455.48	4387.55
225	12337.51	17594.17
226	16334.2	1014.45
227	2264.6	22603.56
228	8631.59	17650.76
229	6546.04	1569.49
230	17375.52	24502.65
231	17504.43	371.28
232	15011.42	22740.97
233	16876.49	19882.5
234	9594.24	20451.8
235	19839.1	18691.89
236	8529.8	8653.81
237	21296.97	10015.74
238	16206.04	23341.56
239	4510.7	9331.56
240	10206.82	8521.82
241	20899.64	19024.66
242	23471.53	17891.07
243	21086.96	10495.66
244	17473.49	1245.81
245	18930.05	6596.53
246	20298.63	19443.3
247	1321.6	7209.24
248	1198.59	897.73
249	4529.95	9341.29
250	12849.51	16040.67
251	21756.61	3840.06
252	7493.38	21593.72
253	5079.78	24068.92
254	13883.37	22675.32
255	4468.17	5747.16
256	3042.43	22540.48
257	21713.33	12431.25
258	3459.78	20594.83
259	10412.15	16459.9
260	22863.75	9038.81
261	13435.12	12676.15
262	22339.53	16681.56
263	12568.53	17029.9
264	11012.43	10280.43
265	3309.12	7397.93
266	24774.69	23624.61
267	15184.75	8479.63
268	7347.98	462.82
269	5740.88	6476.0
270	9106.12	22717.71
271	24126.34	12137.12
272	17938.66	18923.76
273	16692.44	21219.18
274	7426.78	15013.98
275	15995.36	9700.48
276	18513.6	14258.11
277	7247.04	4407.14
278	4555.7	5926.86
279	10846.87	14432.37
280	18972.0	24298.69
281	19367.79	13532.68
282	22296.78	1671.41
283	4683.33	2925.82
284	24719.1	16188.69
285	24820.97	11452.43
286	7591.46	1035.9
287	4263.98	23482.34
288	18120.35	122.36
289	6540.42	22695.19
290	18697.11	2327.82
291	19085.07	18390.92
292	21414.47	7583.72
293	18116.69	23236.4
294	5330.84	16580.56
295	863.49	2037.01
296	1091.3	14092.13
297	23430.8	17646.28
298	12657.81	7791.88
299	20823.89	11935.57
300	20889.02	20473.05
301	1632.8	7188.13
302	12515.39	2600.93
303	4431.26	17769.73
304	13522.18	3289.93
305	4900.53	19906.55
306	14787.71	600.85
307	5748.01	12044.89
308	7503.58	20411.97
309	20764.73	15296.71
310	15442.73	23143.78
311	306.13	11767.3
312	10378.74	14082.75
313	13294.3	12257.17
314	4393.4	1460.51
315	20523.31	8652.13
316	9045.74	17943.69
317	13957.42	11513.57
318	17030.69	12687.29
319	24879.34	7852.85
320	15648.23	23034.19
321	9588.11	22426.43
322	8268.66	12451.45
323	19444.19	13369.66
324	18351.15	22399.77
325	12695.3	9551.22
326	21449.37	20637.44
327	19022.02	24059.8
328	9171.35	9740.38
329	8894.96	18994.79
330	22119.99	24670.88
331	5175.5	6787.08
332	479.43	9373.23
333	16458.58	2399.92
334	2794.68	19584.37
335	24481.32	19970.2
336	15215.43	16554.13
337	18910.52	15687.23
338	9299.65	10411.9
339	4641.14	19826.13
340	17804.15	20076.92
341	19239.0	181.89
342	8067.22	16358.08
343	7142.91	10524.84
344	6063.02	18586.88
345	23011.1	3982.04
346	223.52	18942.51
347	19714.97	15884.96
348	2323.2	20502.84
349	12118.47	22968.23
350	2999.6	17113.37
351	8838.5	16335.7
352	13495.36	23658.46
353	1073.67	19851.95
354	1967.84	23633.39
355	7847.75	3623.78
356	5490.1	18376.96
357	9220.48	572.02
358	13023.98	14513.56
359	1957.33	19679.85
360	13596.45	23656.67
361	3489.41	19131.54
362	20445.03	22474.76
363	6439.89	8695.68
364	23623.96	4364.8
365	8434.95	9982.74
366	9742.05	8331.07
367	18183.46	11166.93
368	8267.58	5095.41
369	11557.48	17312.47
370	15548.27	16572.3
371	9351.33	19692.26
372	11344.21	14324.56
373	20955.53	23862.68
374	5699.61	19709.89
375	3122.28	12062.79
376	21627.65	9061.77
377	12941.37	10437.25
378	16175.16	9253.89
379	11709.62	6682.36
380	22640.91	3888.84
381	15288.99	14482.35
382	21976.8	23688.37
383	8597.88	19423.49
384	23316.28	11872.91
385	22425.06	19226.08
386	2490.62	4637.11
387	18523.76	4501.76
388	20310.32	18903.3
389	7054.73	17330.24
390	23579.02	16006.83
391	2614.09	23182.75
392	18716.94	23835.13
393	10279.74	24695.25
394	17926.7	23417.44
395	17001.09	6050.9
396	875.36	15908.94
397	8416.11	7353.55
398	20822.7	1116.26
399	12324.89	8337.35
400	14259.97	22425.5
401	2747.43	6925.83
402	13239.44	3415.96
403	8041.25	9607.78
404	478.04	2368.35
405	15229.6	16288.8
406	936.72	15078.98
407	10981.61	19444.57
408	20401.44	12418.56
409	20565.86	1765.6
410	15392.29	8896.55
411	21293.53	17501.03
412	6352.15	23106.17
413	5925.49	4917.37
414	10769.97	11910.33
415	1284.82	16686.66
416	7092.94	17786.03
417	5274.9	4857.24
418	15050.9	14659.87
419	23831.87	12044.82
420	4345.66	1259.82
421	10255.42	4019.28
422	6407.37	11703.06
423	8197.29	4495.41
424	8225.04	8427.63
425	11702.71	24274.22
426	20537.19	4366.41
427	24581.08	20933.54
428	3611.16	16232.45
429	22938.38	19706.18
430	9474.84	23184.23
431	12068.53	17300.04
432	10275.97	9203.97
433	8465.75	8795.15
434	276.65	16974.95
435	5735.25	11845.29
436	22061.29	22570.58
437	3271.7	12300.24
438	10159.92	20499.56
439	4186.32	16486.99
440	9161.3	3168.12
441	3053.62	23854.61
442	23653.63	4585.33
443	23895.87	20177.36
444	15667.77	12270.98
445	18092.71	7433.32
446	14704.77	8538.8
447	12745.39	8496.81
448	8691.52	24248.4
449	10525.96	7198.08
450	8618.94	17162.22
451	24359.31	18282.68
452	11089.78	5447.7
453	24922.93	20711.76
454	11483.38	1670.66
455	19142.58	10864.0
456	1312.42	1257.0
457	14314.43	24969.77
458	14146.35	10848.29
459	24195.15	20670.97
460	6601.4	815.01
461	15939.97	13246.74
462	3886.34	21103.12
463	9426.73	16282.74
464	5749.62	10933.45
465	9675.01	22366.77
466	3408.88	1399.03
467	11754.3	14651.8
468	17332.93	783.4
469	5451.68	9513.9
470	21127.08	13772.81
471	10917.95	24792.33
472	6486.78	24913.68
473	22149.15	12289.04
474	9266.04	20872.88
475	19467.71	10574.21
476	1414.8	13673.8
477	23157.25	17509.18
478	6810.58	1091.72
479	21699.03	1818.91
480	22435.73	19901.86
481	15922.06	11545.59
482	12409.18	2792.8
483	12608.15	16922.41
484	16420.87	16851.61
485	8227.74	15935.97
486	24160.95	10543.04
487	1825.94	11944.2
488	4768.11	4912.75
489	19058.76	24667.39
490	12432.97	10539.58
491	20629.45	3014.52
492	6615.26	4385.13
493	9252.91	17122.42
494	4763.07	24652.13
495	6394.13	13951.87
496	10066.05	7726.66
497	3642.2	2417.43
498	13787.66	12824.33
499	23668.09	6471.45
500	24298.01	19389.61
501	24582.23	8205.37
502	4335.26	23063.2
503	10040.72	11792.86
504	11165.7	12659.12
505	7703.2	5630.68
506	7331.79	14171.77
507	23817.99	22668.69
508	11709.03	24388.42
509	16664.28	22136.22
510	7849.54	5149.58
511	6518.64	9482.43
512	18967.83	23144.47
513	125.65	22694.82
514	22552.28	8271.24
515	468.7	4707.5
516	6074.79	13457.32
517	10814.88	24527.95
518	8730.04	3509.6
519	9879.58	15559.62
520	16043.65	6721.62
521	8507.28	11231.57
522	15036.53	6360.8
523	15933.8	18022.35
524	17911.75	19021.12
525	7957.63	11872.05
526	22450.9	19730.99
527	9058.96	5278.91
528	1061.48	6043.37
529	14893.59	15919.67
530	8658.12	7371.88
531	22328.6	10241.34
532	5056.89	6618.85
533	22611.54	6217.21
534	7432.24	23450.85
535	21782.79	1002.84
536	11871.75	22652.42
537	18536.02	15722.43
538	11652.13	17114.25
539	12938.13	283.18
540	12900.23	12485.64
541	3889.35	8993.85
542	10413.66	7421.9
543	19790.32	11673.97
544	3580.36	20004.85
545	23851.74	11029.54
546	14868.87	1938.36
547	8076.43	9397.99
548	14111.13	18441.06
549	11088.38	4822.97
550	530.74	17888.89
551	14864.44	24681.9
552	8692.89	2439.59
553	11685.4	16165.64
554	15423.42	15583.01
555	18369.47	11425.5
556	12431.08	23809.26
557	8156.74	1502.15
558	6399.13	11850.64
559	13692.95	5427.15
560	21783.22	8636.14
561	15559.59	14258.72
562	7415.63	11679.66
563	10788.33	4291.06
564	1884.19	17061.37
565	19838.86	7764.26
566	14719.48	11001.11
567	14821.14	1470.37
568	20600.23	13273.47
569	22188.03	15840.76
570	6021.3	21796.94
571	16102.53	7200.88
572	22812.21	7426.87
573	2496.81	18661.74
574	7170.74	12223.88
575	5437.03	7813.77
576	4370.08	10442.5
577	18668.85	21776.33
578	1988.6	19312.11
579	17177.14	3046.51
580	1511.07	10910.91
581	14971.58	15180.6
582	1730.44	17654.72
583	12484.12	11789.39
584	11095.28	19756.76
585	14231.99	15672.96
586	18093.28	24871.77
587	17842.88	9794.09
588	24955.6	9497.39
589	17191.82	9982.48
590	12568.27	6324.67
591	13802.95	18638.7
592	6320.16	8304.6
593	21677.72	15589.37
594	7336.36	3819.44
595	5727.96	21461.35
596	20013.49	9902.75
597	11476.81	17412.84
598	10984.2	10785.29
599	16077.32	23129.21
600	21400.38	21258.39
601	21850.0	6223.7
602	19338.18	24488.28
603	12243.16	19784.33
604	18733.18	126.93
605	14241.99	8182.39
606	14638.6	8380.02
607	13374.17	23694.0
608	24136.59	17052.43
609	6419.94	863.0
610	9030.71	11889.29
611	13626.13	19116.61
612	19006.39	18035.07
613	1312.94	18751.15
614	483.8	5315.78
615	7192.76	21843.41
616	24196.22	24277.84
617	7288.17	4650.97
618	15034.25	10622.41
619	3264.33	14134.88
620	9800.55	16467.75
621	22507.57	2580.64
622	24379.06	1663.16
623	16261.94	3705.04
624	23554.33	18205.94
625	14317.93	3469.77
626	2365.54	13541.65
627	137.46	6865.59
628	20083.28	2388.62
629	16453.94	3602.07
630	11809.11	2948.96
631	4745.75	3326.03
632	13876.17	204.06
633	20560.7	2740.35
634	2802.13	5365.66
635	6444.37	1072.27
636	13325.42	19284.73
637	3026.7	21986.32
638	20814.63	10888.04
639	9592.08	23459.1
640	22216.6	511.16
641	19399.32	1947.41
642	23898.18	7571.69
643	11591.35	5688.37
644	2983.32	15979.38
645	14335.89	1465.8
646	14278.85	10566.56
647	16252.53	11850.77
648	9478.57	970.19
649	23409.43	15879.12
650	9642.79	19276.0
651	5801.23	16722.48
652	3496.96	8634.56
653	19360.57	4735.8
654	415.19	10022.85
655	6826.84	21309.27
656	9804.43	23837.74
657	20540.39	11484.9
658	5389.5	18304.02
659	9537.75	3705.52
660	24337.59	18255.71
661	12599.23	23215.35
662	6618.86	2999.2
663	9658.95	9089.28
664	4227.97	14013.31
665	7363.39	10507.63
666	1013.5	19973.38
667	2600.95	13911.59
668	21818.42	5415.65
669	20268.58	7847.4
670	12140.69	10725.69
671	14898.63	1154.78
672	11700.05	737.78
673	18896.28	546.08
674	9519.12	8845.12
675	6019.47	6878.62
676	17033.27	10863.32
677	8395.48	11085.59
678	23384.7	12483.07
679	22148.7	9288.25
680	22949.36	21821.81
681	12212.48	3659.25
682	1619.48	23601.66
683	8047.04	20144.3
684	12266.11	6337.38
685	19323.16	7963.81
686	24456.72	3771.76
687	326.02	763.71
688	1273.49	1254.98
689	13282.27	16084.26
690	17664.74	7659.36
691	12634.87	4015.63
692	11625.7	14212.44
693	14083.62	22186.38
694	18167.39	9917.58
695	13923.79	4477.1
696	5026.9	16038.53
697	3119.38	15838.49
698	3945.52	721.05
699	15767.97	3823.17
700	9051.02	21106.09
701	17105.03	8443.89
702	7659.15	10134.72
703	8519.55	2561.34
704	13082.15	8198.52
705	2697.08	1418.29
706	18039.95	14933.63
707	5425.73	11929.02
708	9531.81	8607.63
709	13733.77	20671.59
710	10142.56	24885.61
711	4292.88	24489.88
712	571.4	3660.1
713	724.03	1168.7
714	9589.85	1772.01
715	4019.29	1630.49
716	12474.57	8355.17
717	19576.35	11181.33
718	22664.32	22030.32
719	7475.34	22179.58
720	13078.32	9456.79
721	24300.98	1372.28
722	13246.99	21997.72
723	827.49	5700.62
724	14065.08	21740.11
725	8587.8	16031.56
726	19646.91	21534.34
727	23261.93	12496.02
728	14890.95	6011.44
729	14275.04	18510.92
730	13845.27	13539.46
731	10391.2	381.42
732	6595.61	6192.88
733	766.17	12076.97
734	279.99	7229.13
735	14629.82	244.44
736	15783.05	23476.08
737	9397.61	968.55
738	16049.09	5882.94
739	3841.41	14278.91
740	7479.25	1304.77
741	11457.58	4738.01
742	1026.37	16269.78
743	10416.61	19471.15
744	9502.18	2838.73
745	6210.59	12636.29
746	22314.13	19514.39
747	10226.03	5403.63
748	19773.62	24560.26
749	17500.36	7755.22
750	6401.28	12507.4
751	12463.31	10058.46
752	16169.68	16473.6
753	1914.13	18672.06
754	23121.31	2556.01
755	15840.41	6829.86
756	6871.36	6193.92
757	8548.42	19822.3
758	13583.55	10834.56
759	12885.3	22824.74
760	6256.4	24681.82
761	21449.66	13798.78
762	15867.47	15723.26
763	15313.59	24171.79
764	9731.02	18167.88
765	10473.93	9425.04
766	5949.98	6631.12
767	2740.51	1869.37
768	24858.11	15855.36
769	18024.63	15953.18
770	17889.82	24208.72
771	11961.63	15834.21
772	7211.26	21013.78
773	17956.06	17972.86
774	6173.82	12586.91
775	1231.28	6147.85
776	20511.3	3978.29
777	4856.84	4352.67
778	7793.27	15639.49
779	3645.28	16040.16
780	12374.07	23861.57
781	17699.17	2090.6
782	1068.68	15817.69
783	10163.29	16394.79
784	24844.94	23474.2
785	9907.09	10965.69
786	17194.59	21950.36
787	1183.91	7393.93
788	13727.14	10025.5
789	2210.55	11888.44
790	14469.14	18850.14
791	487.92	3603.92
792	19022.9	15632.82
793	1083.63	8937.32
794	18341.72	18949.41
795	12472.64	2759.43
796	18327.01	5441.08
797	18918.3	22916.98
798	11182.74	10817.18
799	24485.95	9563.81
800	9502.81	4159.04
801	15553.5	23295.34
802	9956.54	6979.03
803	13645.22	18608.83
804	1376.32	997.16
805	17292.63	22655.65
806	24339.2	8545.27
807	2691.07	17000.57
808	7020.11	1351.23
809	1462.53	9098.55
810	24503.44	9596.62
811	23254.74	617.27
812	21102.94	23905.05
813	20812.51	23058.24
814	24571.76	749.28
815	19555.96	15013.51
816	3054.21	9516.64
817	19672.89	17918.51
818	2906.37	1037.02
819	8525.32	21914.46
820	19109.26	20312.4
821	3977.64	808.72
822	11606.83	8362.97
823	16783.39	15439.35
824	16716.21	21564.69
825	8297.44	22176.51
826	16871.88	8954.72
827	10670.17	5507.12
828	23083.28	13572.7
829	2353.49	12227.36
830	6042.96	10684.52
831	20013.6	22430.38
832	20820.41	9192.93
833	704.9	14126.16
834	1129.23	15173.73
835	7174.75	7652.54
836	9561.91	13107.58
837	12319.78	8904.29
838	16258.8	24273.1
839	11267.99	17487.32
840	19967.74	2560.78
841	19835.69	9327.74
842	6002.71	2487.65
843	18105.47	22797.09
844	13133.48	5193.96
845	634.6	7677.96
846	15766.38	19130.98
847	3525.1	2571.96
848	5873.36	19430.65
849	4544.2	6676.05
850	1321.4	10670.47
851	14425.67	1543.38
852	16108.85	24015.99
853	7761.69	143.93
854	8740.26	8453.94
855	4891.59	21137.08
856	11893.23	17209.2
857	8070.02	12622.62
858	15976.75	6826.78
859	12401.29	4360.99
860	2494.87	3688.64
861	21089.18	22418.81
862	1207.18	7173.36
863	18510.77	11775.57
864	24071.52	17497.2
865	14019.26	5305.19
866	2362.14	18877.14
867	8835.29	4725.41
868	5678.67	15690.15
869	21268.16	18851.05
870	1238.03	22977.67
871	3755.77	19953.83
872	8976.09	20549.63
873	11864.4	6583.8
874	8416.82	7682.4
875	13267.69	20670.87
876	2895.99	6138.43
877	17483.38	15903.35
878	8970.24	19889.6
879	2351.62	23229.84
880	17098.87	15001.51
881	3641.66	13193.36
882	6110.37	13336.95
883	19658.51	10584.02
884	17371.61	10150.93
885	20790.33	20528.32
886	4112.62	2694.01
887	17240.44	18722.04
888	22512.02	4472.73
889	3397.93	18125.37
890	17494.54	12137.49
891	5922.07	15066.81
892	14320.37	6425.32
893	6337.09	2423.02
894	9964.61	358.58
895	20530.07	21271.08
896	2497.61	15291.25
897	12058.53	21873.24
898	18217.99	1436.54
899	15529.14	23688.79
900	18699.15	11356.67
901	5919.67	21791.9
902	13962.91	6440.2
903	9085.76	3288.06
904	9502.93	9325.99
905	16172.25	24647.71
906	14646.37	8812.61
907	11385.07	8429.38
908	2211.24	8801.93
909	8285.61	4910.96
910	16460.11	16924.24
911	6394.08	22328.89
912	17178.11	6713.84
913	13647.33	5243.1
914	7047.09	7977.37
915	165.18	12387.08
916	4697.0	17795.2
917	11464.23	22645.14
918	14632.62	5978.59
919	23195.54	559.56
920	20987.06	997.61
921	4058.41	4066.62
922	20159.91	352.79
923	19324.82	19558.52
924	23898.84	7243.92
925	15804.32	16250.45
926	140.29	995.75
927	21057.06	11597.51
928	16509.11	14466.17
929	16374.27	21350.24
930	18516.59	2390.39
931	7034.42	13451.59
932	7585.15	20687.1
933	11796.49	13660.97
934	18639.93	18927.11
935	128.99	574.56
936	2978.76	8454.54
937	10420.97	15110.47
938	14603.38	6282.5
939	7447.01	5502.77
940	9240.22	15053.61
941	12308.75	4549.16
942	3423.54	23281.99
943	4880.77	13161.15
944	4083.5	6186.22
945	13697.06	11624.02
946	16265.46	15473.69
947	20742.09	11688.83
948	3398.91	15471.45
949	13736.16	9190.82
950	14212.3	23915.67
951	21251.8	5598.31
952	8816.1	9781.7
953	12715.46	17797.37
954	24377.56	7849.36
955	21154.4	11549.86
956	1440.18	11884.61
957	21729.15	22361.89
958	11508.41	6749.21
959	6039.8	1063.42
960	7531.52	14439.58
961	10391.72	18844.86
962	8663.97	4393.22
963	7759.3	243.83
964	15558.0	6495.35
965	12668.48	18401.81
966	4588.64	4402.68
967	13502.48	3586.26
968	19178.16	7286.44
969	24588.65	16547.65
970	21353.3	19964.54
971	4333.66	9184.06
972	613.24	19824.29
973	17366.72	24923.75
974	4903.88	24100.01
975	20858.68	22966.48
976	21829.54	13828.19
977	8432.86	717.35
978	9724.54	19486.86
979	13651.29	12736.55
980	8218.81	11254.9
981	12581.13	11115.02
982	5327.95	18796.12
983	4436.18	21982.29
984	8652.96	17580.71
985	20543.61	11894.53
986	21014.25	24523.0
987	4415.7	18612.19
988	1554.89	19400.5
989	24908.84	13645.98
990	4662.11	7450.28
991	4381.94	18776.58
992	19959.07	17824.58
993	20792.63	8575.87
994	22099.15	15837.43
995	13949.77	3416.28
996	19307.33	7718.95
997	17923.18	12304.92
998	4592.34	23864.51
999	10100.22	4411.8
1000	5613.53	4943.36
1001	2013.53	12221.34
1002	17161.52	6187.06
1003	21086.24	8431.56
1004	19715.38	16958.31
1005	24556.59	11951.86
1006	16443.31	5579.1
1007	22145.4	4037.71
1008	17194.72	2774.16
1009	23576.53	9462.06
1010	21830.25	4966.16
1011	19975.06	10966.43
1012	3367.35	6286.84
1013	8271.27	21272.37
1014	4137.43	18369.8
1015	15426.21	2067.13
1016	12277.0	7547.3
1017	14051.77	16551.99
1018	24330.64	3554.8
1019	21725.25	24460.14
1020	14762.27	14651.12
1021	24495.19	9507.92
1022	883.09	17809.25
1023	938.92	15414.49
1024	10364.8	10818.61
1025	13874.5	24484.3
1026	21464.67	21740.2
1027	4316.75	1479.62
1028	1451.41	492.68
1029	11399.97	3883.98
1030	10847.08	13054.52
1031	23677.31	12833.17
1032	5350.44	1940.35
1033	9049.6	15367.76
1034	7651.85	4682.31
1035	5105.3	12789.02
1036	23048.01	11886.08
1037	3445.91	22308.15
1038	12609.74	17297.29
1039	5232.74	24111.78
1040	19517.43	13121.12
1041	12327.07	1213.76
1042	24604.73	66.85
1043	7212.14	15008.47
1044	10193.6	6632.1
1045	9195.04	11391.45
1046	4515.97	18934.92
1047	2725.4	19316.48
1048	14170.57	14386.43
1049	20626.09	20296.57
1050	4794.79	3445.67
1051	15576.64	18696.34
1052	18627.2	14685.99
1053	14848.99	2695.54
1054	5924.09	22592.55
1055	15521.93	10236.17
1056	16953.97	8926.23
1057	12521.3	5985.64
1058	178.06	15650.35
1059	10737.62	5813.37
1060	8113.76	13669.86
1061	21730.4	17023.11
1062	22847.83	12001.95
1063	9866.65	10045.18
1064	12505.6	10362.27
1065	17051.65	15646.68
1066	2779.28	7454.65
1067	4606.46	6711.25
1068	18356.88	5275.29
1069	21265.96	22944.82
1070	16575.59	18380.28
1071	3495.05	3340.79
1072	24673.41	5551.61
1073	1584.17	19308.28
1074	1958.64	8099.2
1075	22694.96	244.58
1076	13276.44	9272.26
1077	23478.05	22853.97
1078	15262.59	16441.42
1079	12408.2	6685.24
1080	18826.65	13224.52
1081	15513.88	21640.06
1082	16598.07	4993.56
1083	12545.99	5908.76
1084	4944.68	5168.67
1085	3072.97	8122.7
1086	6415.33	23200.52
1087	17041.85	24422.69
1088	18910.65	5709.72
1089	16213.57	3960.34
1090	15984.8	3462.81
1091	12894.05	2847.8
1092	8028.37	1342.14
1093	18389.41	1298.33
1094	9502.72	7071.43
1095	20241.35	7888.64
1096	11890.84	18613.57
1097	22491.88	9060.57
1098	17947.26	11973.04
1099	20312.26	1685.97
1100	21119.2	3367.54
1101	12397.75	19399.77
1102	2752.16	16186.42
1103	7631.3	473.38
1104	18293.81	19510.53
1105	9604.14	13008.86
1106	5932.34	24846.59
1107	22982.52	20361.28
1108	16252.21	19711.08
1109	1077.07	19442.54
1110	23020.43	9531.99
1111	21717.75	22000.85
1112	9555.05	24172.72
1113	21152.47	22674.35
1114	13189.85	16350.57
1115	4257.04	10728.08
1116	14604.65	17342.87
1117	8611.02	9207.15
1118	24946.03	6847.34
1119	9955.13	7654.86
1120	14266.05	24873.79
1121	5307.66	1290.58
1122	2771.25	412.57
1123	18034.77	20542.42
1124	7164.81	23421.86
1125	4833.41	22014.43
1126	15671.45	23436.65
1127	5741.91	23409.2
1128	16578.83	9904.68
1129	17998.28	8502.46
1130	22095.16	20619.89
1131	5247.29	7800.9
1132	3281.72	23397.0
1133	5516.61	15664.41
1134	7483.01	8043.8
1135	5320.92	19893.23
1136	3201.57	7928.25
1137	14823.29	5861.77
1138	19180.76	13073.86
1139	1198.91	22331.58
1140	5177.0	3103.11
1141	21324.59	15689.04
1142	23131.25	4818.47
1143	4978.58	19827.37
1144	2302.17	1962.94
1145	24936.22	14498.09
1146	22222.15	16339.72
1147	19082.28	16557.1
1148	4113.25	21296.75
1149	9663.11	8449.64
1150	489.04	9623.2
1151	5480.96	19790.99
1152	15458.54	15334.45
1153	19314.34	23140.96
1154	24170.25	8239.79
1155	18296.14	20632.16
1156	11084.91	14897.88
1157	11717.64	18595.09
1158	338.52	22089.63
1159	13902.36	20015.01
1160	13937.34	597.84
1161	12038.73	16917.37
1162	3122.86	10746.87
1163	3268.21	7514.39
1164	1362.1	17159.01
1165	17214.69	20700.36
1166	19322.2	5317.78
1167	8328.21	5248.05
1168	22355.17	19102.42
1169	9428.14	1491.73
1170	593.84	13353.66
1171	14384.62	3905.33
1172	20899.52	12339.65
1173	1302.66	827.91
1174	22187.06	18164.62
1175	22624.35	15489.67
1176	10392.75	4193.0
1177	3748.77	4476.14
1178	13006.93	19529.04
1179	4951.71	21993.31
1180	2360.7	6029.11
1181	7276.03	22914.94
1182	9022.07	18188.78
1183	2539.89	12645.63
1184	22944.0	8268.77
1185	8953.69	12800.29
1186	16343.58	19358.17
1187	65.6	20290.79
1188	13839.58	8923.71
1189	21084.3	6919.5
1190	17394.28	15658.33
1191	16703.08	3079.96
1192	21542.5	11139.08
1193	19573.26	23911.62
1194	6403.4	11500.59
1195	8846.41	20532.03
1196	2281.53	581.21
1197	19744.01	22000.1
1198	15884.77	20036.6
1199	10086.18	3726.65
1200	8929.85	16921.64
1201	2824.53	6132.17
1202	8554.68	20520.96
1203	16838.87	22664.37
1204	17092.62	11785.01
1205	16144.43	9630.53
1206	11432.19	5315.66
1207	21940.43	2618.37
1208	20494.89	13625.74
1209	7726.6	17230.35
1210	10220.71	19268.35
1211	20.22	22705.1
1212	13245.23	1226.41
1213	7829.3	2122.43
1214	2964.35	19825.85
1215	17108.3	13641.33
1216	24008.68	17742.77
1217	4875.35	3426.9
1218	17909.35	13139.46
1219	8665.59	16616.9
1220	5958.65	73.75
1221	20322.01	11463.71
1222	15644.84	22838.59
1223	12022.6	12137.85
1224	7723.71	898.1
1225	20596.68	5474.92
1226	23848.05	8888.17
1227	8444.95	16419.22
1228	12367.15	17324.62
1229	6147.89	20947.85
1230	10611.36	1119.38
1231	12213.68	8409.13
1232	5801.53	24221.63
1233	6803.51	11962.01
1234	416.77	506.92
1235	21205.37	16908.6
1236	10454.54	5127.74
1237	20823.52	2230.35
1238	17326.71	10542.4
1239	620.81	19393.37
1240	1163.16	9235.93
1241	5336.52	13653.46
1242	13754.48	7887.74
1243	17630.13	17653.03
1244	3605.99	11496.39
1245	17126.66	11492.75
1246	19156.21	15667.15
1247	3135.0	15915.6
1248	1235.51	8949.28
1249	4072.67	13260.33
1250	14739.13	23983.91
1251	14606.84	3586.88
1252	24612.86	19809.42
1253	4110.57	10323.72
1254	891.25	4826.61
1255	957.58	7437.36
1256	20818.68	15519.75
1257	19081.82	13584.05
1258	8378.04	15939.27
1259	19775.64	21827.19
1260	13011.16	1759.37
1261	20876.2	8151.9
1262	5676.76	22968.14
1263	9174.89	18908.96
1264	19943.83	4167.2
1265	14573.18	7581.58
1266	21367.44	2996.08
1267	17570.22	14036.75
1268	10509.54	527.64
1269	16712.33	373.5
1270	12978.0	11061.34
1271	3148.46	24368.62
1272	20555.7	12703.12
1273	2773.73	12653.05
1274	17371.12	20282.68
1275	4300.46	2144.96
1276	17671.45	19238.88
1277	5805.9	9759.29
1278	8296.92	1613.84
1279	21610.97	8407.51
1280	16832.61	2984.31
1281	2623.02	1084.4
1282	6642.92	8069.02
1283	6792.44	22206.84
1284	1247.37	5547.61
1285	21317.79	2571.9
1286	17967.98	14298.45
1287	14854.67	18864.65
1288	21281.24	23579.05
1289	9152.55	7523.13
1290	14142.36	4852.62
1291	18923.07	13099.93
1292	6922.0	1701.73
1293	14797.04	14736.62
1294	12722.58	20755.09
1295	18852.52	10852.13
1296	2499.12	20446.14
1297	21031.07	1460.89
1298	10976.51	4975.14
1299	22558.33	19287.92
1300	18544.88	19445.01
1301	15017.1	24001.39
1302	15624.08	13383.54
1303	11176.54	9050.56
1304	9510.29	1626.82
1305	415.36	5006.99
1306	24075.4	3190.37
1307	19705.29	304.19
1308	8380.95	7235.08
1309	19310.95	22951.95
1310	5956.48	12133.47
1311	9117.52	15956.36
1312	5800.31	2976.26
1313	20254.95	302.89
1314	4159.84	24108.4
1315	7312.79	10893.75
1316	7307.63	12264.7
1317	3570.3	6008.99
1318	16075.78	6109.25
1319	22606.03	9881.21
1320	2830.07	8278.24
1321	6905.99	13483.59
1322	14082.08	1227.07
1323	13739.14	10946.25
1324	20970.09	20866.12
1325	1436.59	21107.79
1326	10262.48	17371.94
1327	9513.33	141.88
1328	10077.6	15005.34
1329	8666.61	12997.07
1330	8729.88	12145.12
1331	2195.56	14782.92
1332	10912.17	15273.99
1333	4676.48	8902.05
1334	18737.09	242.66
1335	7652.96	8727.34
1336	15159.37	17534.34
1337	2151.16	16098.54
1338	18261.61	1054.43
1339	13807.11	19496.92
1340	7405.3	8080.76
1341	9418.89	23800.6
1342	21425.94	20537.2
1343	18371.2	1662.49
1344	21722.75	17659.44
1345	16574.59	23324.64
1346	11230.61	8752.5
1347	439.76	8987.45
1348	21269.37	13107.54
1349	3781.84	180.54
1350	24896.5	11160.09
1351	14614.69	23058.15
1352	21523.58	10219.27
1353	17052.2	8176.96
1354	8968.02	1628.16
1355	2080.31	3480.89
1356	19451.59	4042.16
1357	6553.42	17256.92
1358	12135.13	20546.55
1359	16451.78	24608.62
1360	3496.95	5190.23
1361	21064.68	5723.84
1362	8603.57	24966.81
1363	11037.47	6285.06
1364	5211.0	1012.69
1365	13502.79	21147.05
1366	19037.31	7151.29
1367	11674.68	20940.14
1368	19215.7	17818.31
1369	10534.21	12257.92
1370	23750.79	24559.69
1371	9377.41	21206.73
1372	9666.38	7908.83
1373	12654.58	14927.09
1374	11368.51	13826.23
1375	12047.63	16159.47
1376	1182.6	6705.76
1377	10909.31	5806.0
1378	4465.49	20943.27
1379	22437.47	9012.78
1380	9598.67	20708.08
1381	13281.24	18653.27
1382	13031.28	7821.35
1383	16210.1	6804.74
1384	20073.92	7733.22
1385	20110.39	20512.21
1386	7957.75	170.86
1387	1330.21	21068.1
1388	8398.64	3902.71
1389	1828.97	15603.94
1390	6650.3	6649.15
1391	14475.45	4656.76
1392	24975.02	24298.1
1393	24297.36	23106.44
1394	12272.51	23881.35
1395	6146.95	17409.19
1396	14091.74	329.4
1397	21056.38	24190.54
1398	17361.18	2149.16
1399	2823.41	13639.99
1400	15796.04	16180.74
1401	5411.41	1297.58
1402	1.63	11820.73
1403	7420.4	22828.03
1404	14158.53	9458.27
1405	23424.05	24643.98
1406	3400.96	14844.57
1407	2001.1	5025.35
1408	15411.83	8532.45
1409	18661.42	20736.95
1410	9241.42	4740.06
1411	13308.96	18423.62
1412	20988.99	22942.24
1413	5132.07	11399.31
1414	12226.55	13710.86
1415	15529.57	7683.68
1416	11967.91	2298.8
1417	7558.62	15267.49
1418	5145.91	22062.43
1419	17855.36	8570.86
1420	10114.08	20419.67
1421	9402.09	11059.24
1422	13996.1	8642.2
1423	1094.11	19184.72
1424	12169.65	8104.95
1425	17678.67	22778.53
1426	10597.61	957.35
1427	21190.44	5284.36
1428	16150.31	5971.98
1429	19959.5	11815.65
1430	17300.07	19238.41
1431	6786.54	3013.39
1432	24224.69	24291.97
1433	13500.85	22231.88
1434	4004.95	8080.97
1435	871.22	14498.58
1436	22808.4	691.31
1437	17847.0	2668.99
1438	23076.49	1195.01
1439	24104.38	7780.74
1440	14613.87	23017.96
1441	1110.49	23640.31
1442	6007.19	13773.96
1443	24143.63	12258.0
1444	8963.64	23095.07
1445	439.73	11020.72
1446	385.69	556.3
1447	14752.41	7211.32
1448	15629.66	24055.9
1449	19264.76	24191.03
1450	7314.0	7146.55
1451	6307.78	21934.29
1452	16782.33	22707.07
1453	7296.65	8530.72
1454	16675.94	5777.43
1455	105.36	6057.63
1456	7617.85	1600.52
1457	14910.08	15437.21
1458	2430.5	7498.37
1459	1330.28	17800.08
1460	522.18	734.43
1461	19615.41	9583.33
1462	3299.95	20121.32
1463	17940.39	20580.22
1464	17549.25	12017.25
1465	16225.52	10257.8
1466	8498.74	13508.26
1467	7621.27	11076.06
1468	22288.61	5799.33
1469	19653.61	9801.7
1470	18138.4	23705.84
1471	11786.52	20245.04
1472	7527.99	23920.34
1473	14444.44	17905.26
1474	16258.47	6981.52
1475	3947.01	21638.27
1476	7303.53	7086.73
1477	15241.61	13873.77
1478	12683.42	7344.68
1479	3987.85	24271.58
1480	13888.24	20763.51
1481	10388.41	10558.3
1482	14917.76	17161.12
1483	13007.5	3496.66
1484	11047.11	1226.85
1485	23937.24	4210.72
1486	9858.84	9838.48
1487	3736.26	4425.57
1488	21337.73	22244.67
1489	17100.62	23908.21
1490	10755.69	20641.2
1491	339.05	6735.89
1492	3323.1	21680.07
1493	3526.75	22707.21
1494	12555.75	14621.3
1495	19629.54	8378.62
1496	11852.06	10335.0
1497	17022.01	20806.3
1498	13979.09	9665.59
1499	19165.51	8415.35
1500	1889.29	2820.73
1501	16789.45	19004.9
1502	24819.43	4554.29
1503	23272.66	3902.93
1504	21405.53	18404.92
1505	23000.97	711.45
1506	11014.87	18800.74
1507	14534.14	20874.26
1508	11637.13	8761.65
1509	4016.56	17465.93
1510	4870.79	24003.01
1511	15649.76	17739.68
1512	1706.54	1475.93
1513	3602.95	14498.16
1514	16906.35	15863.32
1515	7594.51	15275.27
1516	22026.6	17270.64
1517	785.62	2202.26
1518	12435.87	11530.71
1519	12006.66	21344.05
1520	6574.31	20986.13
1521	185.21	18189.31
1522	7164.72	12208.76
1523	10315.34	24473.17
1524	2241.4	19465.75
1525	1546.17	14901.07
1526	7217.49	11215.8
1527	21085.12	1248.37
1528	2419.83	18019.29
1529	13718.89	21360.51
1530	9366.1	22448.83
1531	23475.55	21656.63
1532	24728.44	5682.44
1533	10657.02	15547.54
1534	10779.84	10037.85
1535	11071.4	21377.88
1536	6060.07	2609.46
1537	14589.26	1500.77
1538	19771.93	6391.37
1539	11524.74	5081.29
1540	14242.17	8628.44
1541	8961.38	19963.12
1542	10040.91	10887.03
1543	18195.33	24906.18
1544	15924.38	14438.65
1545	6648.7	8774.3
1546	1449.82	15762.54
1547	4579.95	20601.88
1548	13925.07	17212.16
1549	23108.7	9215.07
1550	6920.02	22121.43
1551	21436.55	1658.54
1552	8100.19	8831.23
1553	7258.75	22136.59
1554	23228.15	7684.86
1555	9593.53	15301.15
1556	7441.04	2601.51
1557	9875.93	3773.98
1558	2726.32	9345.08
1559	23603.19	20387.32
1560	15571.49	14256.32
1561	18612.72	13617.21
1562	21089.61	13541.13
1563	5491.45	15663.03
1564	5577.83	1774.22
1565	10826.0	23315.47
1566	15126.41	5739.53
1567	11846.81	9310.97
1568	20016.63	13485.08
1569	1523.49	3350.18
1570	8785.96	20753.19
1571	19997.19	24403.57
1572	20116.01	23873.23
1573	6888.92	20730.32
1574	5836.04	486.27
1575	8859.79	20813.69
1576	22688.35	17178.94
1577	20738.56	14573.58
1578	14743.99	19917.75
1579	6605.56	5528.92
1580	4174.06	7398.63
1581	7735.68	7815.29
1582	16911.55	9461.54
1583	14500.09	868.1
1584	14833.81	4144.78
1585	16798.33	15371.51
1586	23563.37	3058.12
1587	18963.86	4948.77
1588	18738.72	10369.19
1589	405.85	21642.48
1590	20841.51	11462.77
1591	8242.89	12090.49
1592	21386.84	19212.41
1593	860.12	2473.67
1594	20854.14	11867.63
1595	23459.68	2997.59
1596	14636.73	20565.93
1597	6781.76	8057.08
1598	7513.62	2834.72
1599	8338.13	9787.21
1600	9057.41	11809.63
1601	5260.33	19945.76
1602	18170.38	10294.24
1603	13583.32	2488.03
1604	14848.75	13840.02
1605	5670.4	6514.67
1606	12753.04	18243.18
1607	6942.19	21849.78
1608	23881.65	10463.62
1609	21447.71	21767.52
1610	16451.03	948.3
1611	17488.51	19168.19
1612	2654.4	9301.16
1613	1524.37	10535.97
1614	5085.41	18737.54
1615	7015.08	19541.88
1616	19597.74	3917.18
1617	7383.35	577.17
1618	11145.56	15407.76
1619	7136.24	9996.09
1620	24209.24	7743.16
1621	9130.65	9988.56
1622	10962.68	3444.73
1623	3870.12	21815.71
1624	16696.97	9244.38
1625	7300.32	13397.44
1626	12966.08	13660.57
1627	7361.49	23687.32
1628	6942.64	24992.42
1629	2453.01	3686.22
1630	6139.0	10868.97
1631	19218.73	22560.27
1632	9275.52	17791.37
1633	18313.41	10626.94
1634	5990.8	21925.21
1635	9127.06	2984.52
1636	2195.85	12643.8
1637	17529.45	1284.02
1638	15052.5	16318.13
1639	15769.37	11157.08
1640	22424.5	229.85
1641	2450.31	19722.9
1642	511.04	11346.21
1643	4189.59	13928.75
1644	15131.19	21198.54
1645	16512.77	1576.85
1646	19010.49	2190.8
1647	14123.87	2504.13
1648	9308.76	15716.05
1649	8054.08	6467.81
1650	23185.45	8260.62
1651	6815.0	13607.58
1652	17488.4	15539.24
1653	14711.69	7881.17
1654	20764.61	6861.62
1655	13006.53	4303.17
1656	14436.28	24356.41
1657	4948.3	23814.41
1658	24837.92	18225.73
1659	19641.91	16197.03
1660	21171.28	8402.92
1661	21659.75	9095.14
1662	17102.34	14042.85
1663	9632.3	9574.25
1664	2689.32	11854.14
1665	21245.93	4640.71
1666	1374.85	11422.25
1667	15483.72	22650.23
1668	22064.37	8691.06
1669	24874.91	12147.98
1670	7457.57	9481.71
1671	1045.13	8914.9
1672	1676.01	14667.02
1673	20408.5	22932.37
1674	1799.78	3437.35
1675	6283.37	24827.75
1676	19773.66	13522.18
1677	3195.56	7390.88
1678	19448.17	14798.12
1679	20298.42	22097.26
1680	21587.0	3588.16
1681	21972.82	7788.04
1682	14056.69	24636.24
1683	150.39	8120.4
1684	19537.71	18535.42
1685	23293.9	18180.66
1686	6175.64	8325.23
1687	18585.29	6338.74
1688	15702.4	6746.45
1689	13976.18	4995.31
1690	15198.32	22735.1
1691	16895.72	13313.77
1692	4633.38	15548.15
1693	10479.58	1284.94
1694	15798.14	13794.14
1695	16570.01	114.77
1696	4587.94	10073.16
1697	16303.4	22954.94
1698	12563.61	21678.74
1699	8880.18	4680.47
1700	12245.51	20256.9
1701	16603.77	8721.09
1702	4232.32	995.72
1703	10627.91	3709.33
1704	4385.44	15209.57
1705	4219.05	23072.12
1706	18897.64	23476.78
1707	13428.66	11345.11
1708	11024.15	23672.96
1709	16215.36	24186.75
1710	14303.48	10946.76
1711	5787.11	18477.19
1712	24471.2	9357.6
1713	14970.71	7560.45
1714	20853.59	15919.44
1715	7343.1	10599.66
1716	15511.45	5497.06
1717	19403.14	11307.25
1718	5029.51	1347.69
1719	23827.55	7084.8
1720	332.38	11047.13
1721	6750.27	2558.41
1722	21527.62	256.01
1723	19145.0	5791.88
1724	12060.02	23275.41
1725	4219.47	22000.13
1726	20579.27	11767.03
1727	19275.95	11488.93
1728	11717.14	4469.24
1729	14678.1	36.98
1730	16724.74	11946.54
1731	21688.29	20731.08
1732	13227.64	13317.09
1733	564.37	10909.96
1734	2520.37	3648.15
1735	3854.47	10532.94
1736	12892.43	19967.36
1737	7920.72	19634.22
1738	14753.91	9292.74
1739	21915.61	2185.18
1740	10643.23	740.89
1741	23819.29	6521.48
1742	23080.38	24195.76
1743	13626.27	2247.73
1744	16546.86	621.26
1745	11842.42	21603.9
1746	10917.9	7256.3
1747	10327.21	7890.4
1748	3465.69	22765.16
1749	21754.58	13172.46
1750	2446.55	4235.05
1751	2144.25	11754.5
1752	21974.88	12017.47
1753	6962.27	22510.89
1754	7243.32	4944.51
1755	5537.0	21804.91
1756	18385.15	6758.54
1757	5167.9	21275.53
1758	23539.0	21175.24
1759	21132.19	7833.77
1760	597.23	16901.66
1761	9723.66	16513.17
1762	17740.83	22591.69
1763	13763.24	5958.17
1764	12366.69	11416.03
1765	24355.92	4060.7
1766	22238.77	10319.26
1767	10656.53	20643.1
1768	8725.8	1840.3
1769	14949.16	19733.77
1770	7322.48	2056.1
1771	20012.26	13874.12
1772	4688.66	19861.41
1773	10182.34	102.93
1774	19548.88	23795.27
1775	20653.93	15753.38
1776	4116.86	21260.7
1777	20205.13	8795.19
1778	24494.98	22926.07
1779	11246.61	21990.91
1780	13702.85	19242.22
1781	9604.01	17300.93
1782	12504.4	3665.97
1783	13891.67	24822.16
1784	13135.16	14194.31
1785	21408.27	6083.3
1786	8301.58	3960.49
1787	24409.97	12437.79
1788	18439.06	22282.15
1789	24775.41	1363.41
1790	2419.08	5299.92
1791	14537.89	5231.26
1792	8083.92	20591.91
1793	19895.57	24318.97
1794	3686.77	798.61
1795	283.8	13254.88
1796	1242.57	19430.55
1797	14822.34	23133.3
1798	5842.75	19548.41
1799	9247.68	13726.94
1800	12742.25	10244.4
1801	17927.85	8036.01
1802	23226.12	5651.71
1803	22337.19	7392.84
1804	6479.36	11291.75
1805	4662.24	10752.67
1806	19131.57	8407.65
1807	1489.73	15738.68
1808	6549.26	11091.43
1809	4951.08	20460.96
1810	18897.56	4845.92
1811	19549.57	8345.09
1812	2614.87	5565.59
1813	15111.16	23032.28
1814	19665.7	15051.38
1815	515.99	21000.81
1816	10392.73	18059.35
1817	2776.38	13496.27
1818	13706.12	1489.33
1819	9180.75	19101.85
1820	19431.07	529.41
1821	9076.18	21340.19
1822	341.38	10234.77
1823	9650.83	1360.43
1824	9200.9	693.9
1825	13201.09	8904.14
1826	21418.93	17485.16
1827	19981.06	15332.69
1828	16887.16	3958.25
1829	8254.13	8918.0
1830	1883.5	22158.76
1831	11583.41	6731.36
1832	16211.75	8597.01
1833	2570.82	10918.48
1834	22373.66	18727.47
1835	1511.35	13098.13
1836	7263.56	21071.7
1837	18942.96	23982.59
1838	7461.7	372.06
1839	17299.99	21997.01
1840	1765.17	23279.24
1841	12285.36	1827.45
1842	24188.79	4138.03
1843	558.35	19651.7
1844	16171.48	4771.45
1845	11818.37	5772.81
1846	21687.69	12553.77
1847	18123.48	23244.29
1848	296.59	9582.76
1849	23219.68	15226.7
1850	5117.33	12234.77
1851	10645.39	13650.14
1852	13905.84	17949.67
1853	21147.76	17219.49
1854	4689.56	16884.13
1855	5433.97	7978.51
1856	16192.56	19591.33
1857	134.63	78.66
1858	355.39	7952.88
1859	4571.72	14596.19
1860	24840.48	10914.9
1861	12736.03	19500.43
1862	819.01	14008.18
1863	13883.09	9109.23
1864	20706.97	9080.62
1865	16805.51	9411.67
1866	14661.15	19394.79
1867	15494.72	19483.69
1868	19376.0	16490.9
1869	7820.49	18878.62
1870	8519.63	10527.18
1871	2909.26	10760.61
1872	12551.35	4136.23
1873	14659.48	14884.2
1874	14624.41	13933.95
1875	5443.8	5615.85
1876	23670.89	6360.44
1877	8936.47	12674.26
1878	2163.54	14785.01
1879	9806.39	4530.17
1880	5062.99	18775.66
1881	13713.09	16674.78
1882	786.06	14671.03
1883	22770.15	1171.89
1884	10084.06	13618.44
1885	9898.8	1779.82
1886	207.72	2118.25
1887	10143.31	22432.47
1888	841.74	8623.94
1889	19345.08	460.04
1890	18232.79	21870.53
1891	4883.96	15414.86
1892	9906.22	12750.19
1893	24313.84	5026.29
1894	18367.41	3178.91
1895	192.67	13490.11
1896	18083.11	104.3
1897	16011.85	710.13
1898	8029.89	20445.83
1899	3259.1	13363.63
1900	13576.76	11606.86
1901	4504.79	7631.6
1902	2661.29	9414.01
1903	23031.22	24806.3
1904	24139.2	19050.49
1905	3783.75	6895.79
1906	6950.12	20307.26
1907	7066.95	19489.26
1908	3992.43	18585.5
1909	13797.28	16449.12
1910	23425.31	17852.67
1911	8017.63	1141.13
1912	11628.66	19080.38
1913	4170.49	20634.78
1914	13840.62	20487.92
1915	15322.52	15287.3
1916	3844.48	20010.6
1917	4838.42	1049.6
1918	10324.73	21647.72
1919	22253.44	4417.81
1920	7667.58	6037.69
1921	23802.33	12404.39
1922	19787.81	9641.49
1923	14301.82	3832.17
1924	11222.2	7766.18
1925	19893.81	3809.29
1926	6692.15	9241.36
1927	22577.62	8936.61
1928	23611.67	17695.38
1929	8135.17	24393.39
1930	16462.2	19972.71
1931	3641.31	9682.23
1932	11064.67	21213.7
1933	16899.06	9480.3
1934	23065.53	4465.1
1935	22922.18	8409.22
1936	12956.03	3038.16
1937	13271.2	20220.73
1938	14532.97	24628.96
1939	1589.19	13176.84
1940	6610.81	18904.35
1941	8803.84	16740.52
1942	14586.39	6968.02
1943	11880.22	20920.83
1944	18674.73	2752.13
1945	21794.34	384.16
1946	2989.81	19773.94
1947	6180.1	7410.86
1948	16425.34	23738.74
1949	23385.27	22547.49
1950	21644.28	16598.09
1951	17596.81	5943.78
1952	10272.37	24436.82
1953	22617.49	24038.78
1954	609.58	20375.14
1955	5389.21	17678.46
1956	16373.55	21466.77
1957	20582.05	21525.94
1958	8862.14	14535.01
1959	2275.53	23866.71
1960	17705.89	8625.4
1961	21365.83	17877.96
1962	5361.44	23017.34
1963	20828.7	19160.65
1964	19755.62	11944.49
1965	7704.57	17621.5
1966	24667.89	2860.13
1967	16895.63	2661.11
1968	16230.23	15484.08
1969	355.59	3660.72
1970	10672.78	10334.18
1971	12918.97	19013.27
1972	20577.17	22305.19
1973	4852.84	18341.67
1974	17762.21	6000.06
1975	4562.59	23783.28
1976	20154.59	14582.96
1977	20614.97	14671.46
1978	22451.45	14144.2
1979	17764.54	18492.85
1980	22079.5	3970.21
1981	18038.63	10565.55
1982	11809.51	24388.9
1983	10702.63	8827.85
1984	24484.73	7421.39
1985	15810.83	23035.53
1986	21022.16	2412.02
1987	17018.41	8291.19
1988	7789.68	11564.72
1989	13894.13	15075.19
1990	15349.3	18747.9
1991	8337.93	22222.39
1992	11887.87	9517.25
1993	15936.17	10710.13
1994	13585.52	5419.95
1995	23216.6	23011.89
1996	24137.47	12799.34
1997	7202.53	9085.62
1998	22121.42	14515.54
1999	17673.39	21397.89
2000	9962.58	15489.89
2001	16797.71	20305.89
2002	18444.77	14303.71
2003	5908.38	21099.42
2004	6622.93	6609.94
2005	8687.57	4869.91
2006	12839.25	23912.68
2007	527.53	19867.77
2008	13245.77	22978.77
2009	4279.31	13100.89
2010	2663.22	6667.0
2011	11619.91	22453.66
2012	17261.57	24353.71
2013	12342.48	1857.4
2014	142.99	9142.02
2015	8576.38	8680.42
2016	21727.82	19473.49
2017	24052.93	23685.95
2018	14438.54	19945.04
2019	10267.01	11845.71
2020	10334.54	2160.38
2021	11542.42	24791.55
2022	4018.52	7623.16
2023	1220.41	18233.19
2024	18606.84	22164.62
2025	6086.0	23071.78
2026	17350.79	4603.59
2027	3741.13	19244.27
2028	4934.28	4417.93
2029	4344.78	19783.25
2030	18935.73	9652.36
2031	15190.55	8372.76
2032	2379.01	21343.67
2033	2407.03	5101.12
2034	2186.74	528.34
2035	4092.24	1343.0
2036	14268.06	22805.75
2037	21110.04	1037.22
2038	1452.42	2565.11
2039	19738.2	6995.03
2040	8032.19	3118.63
2041	23592.49	231.73
2042	5244.06	6979.72
2043	20301.53	21663.58
2044	4586.31	12703.35
2045	5268.11	4754.04
2046	17024.11	11659.26
2047	1005.36	14111.42
2048	22073.6	8382.48
2049	15054.09	53.08
2050	9.83	6281.78
2051	9728.57	11136.33
2052	7551.42	23282.51
2053	15410.32	17536.23
2054	5602.68	2541.65
2055	662.9	8412.13
2056	19699.11	22744.37
2057	4378.73	8207.47
2058	24602.13	7716.97
2059	13656.37	12188.05
2060	17408.06	12078.32
2061	924.68	9586.77
2062	22162.74	18545.3
2063	5955.96	9766.23
2064	3435.35	20710.46
2065	1726.83	1146.9
2066	20056.52	21211.15
2067	13524.1	1982.42
2068	7566.21	11210.03
2069	22249.02	19297.71
2070	6364.47	4468.31
2071	273.42	16355.09
2072	10787.73	15395.85
2073	20802.53	2194.05
2074	10986.0	4722.27
2075	18678.01	8810.93
2076	9362.14	10727.19
2077	8253.16	2869.0
2078	14497.37	24084.57
2079	3354.35	20866.09
2080	10432.67	22808.73
2081	15035.23	17807.11
2082	2479.51	18641.51
2083	11130.68	3480.56
2084	11320.54	807.79
2085	21951.18	21778.17
2086	3302.45	3695.42
2087	22565.31	22882.83
2088	9750.38	15585.93
2089	21319.98	3191.36
2090	11831.38	9220.8
2091	17452.88	3285.13
2092	14634.74	6268.71
2093	4047.87	19298.93
2094	10832.43	11551.91
2095	4548.34	8587.2
2096	5361.78	23973.73
2097	14430.34	23967.25
2098	5747.32	15218.49
2099	8761.84	23037.94
2100	13953.99	7893.41
2101	12030.2	10092.61
2102	5118.42	8002.99
2103	15663.55	20294.69
2104	17508.36	22643.71
2105	854.35	15271.58
2106	9903.63	23505.4
2107	21292.67	18536.22
2108	11320.05	10754.55
2109	8441.33	1820.33
2110	4229.72	2787.87
2111	12729.39	1229.63
2112	3250.21	24139.25
2113	9212.84	6310.22
2114	20675.43	12905.49
2115	9196.29	15894.25
2116	13964.54	6453.2
2117	11157.39	24653.02
2118	19706.6	3083.85
2119	18297.43	10702.46
2120	15940.42	15191.7
2121	18326.14	13938.15
2122	16701.15	24820.26
2123	302.14	24424.75
2124	8060.59	21614.51
2125	7627.48	8112.15
2126	4400.94	860.57
2127	20175.85	1206.39
2128	10305.23	14549.57
2129	3448.89	13449.0
2130	1836.87	411.38
2131	20585.31	8242.65
2132	12632.68	13143.94
2133	20931.19	22343.73
2134	16705.45	9597.45
2135	5482.11	21288.54
2136	19030.41	5857.98
2137	1040.08	20384.25
2138	1790.91	2586.48
2139	11153.05	14827.63
2140	2411.2	2147.52
2141	11199.67	22129.63
2142	7040.61	2044.28
2143	12682.51	23336.56
2144	3568.44	13380.1
2145	22348.7	17348.66
2146	3803.3	8231.17
2147	13394.16	8319.76
2148	17335.28	7157.75
2149	3809.78	12072.72
2150	15460.35	21470.25
2151	18274.16	21327.74
2152	2789.22	24478.76
2153	2896.71	14168.19
2154	19050.95	3016.07
2155	21379.32	464.22
2156	17612.57	8156.51
2157	9151.87	11263.98
2158	7847.28	10680.88
2159	2465.31	20657.37
2160	6340.34	17286.47
2161	14598.69	23869.14
2162	15820.43	5657.83
2163	24730.41	5669.69
2164	423.56	1127.43
2165	24145.35	7959.36
2166	7077.66	7948.06
2167	15728.72	10154.52
2168	10032.64	10260.67
2169	17027.71	11829.68
2170	3797.04	1491.11
2171	16990.85	22067.35
2172	9439.6	6811.41
2173	11355.01	4394.2
2174	14189.51	4529.03
2175	4027.52	14767.75
2176	16443.96	17813.85
2177	6207.71	11291.29
2178	5950.51	16999.63
2179	116.79	3522.86
2180	18539.03	18139.55
2181	20557.4	21339.75
2182	5545.92	23314.19
2183	18321.54	12493.17
2184	17680.84	15099.57
2185	745.05	21407.58
2186	23979.51	21801.78
2187	8504.46	2860.87
2188	23078.13	17759.69
2189	8920.22	4203.17
2190	12767.26	21054.65
2191	15185.14	5906.62
2192	20763.03	12245.85
2193	13864.18	7481.11
2194	15846.4	18574.45
2195	876.51	12872.41
2196	15740.91	17298.6
2197	6304.99	2415.66
2198	623.88	15846.78
2199	6478.05	6084.8
2200	21260.86	11483.89
2201	21509.97	21358.23
2202	1144.97	11680.81
2203	15505.95	1898.37
2204	1017.9	21463.26
2205	12935.51	12479.59
2206	3416.36	12213.45
2207	14922.55	3107.91
2208	8890.57	15751.81
2209	15233.72	6899.62
2210	10321.15	24219.01
2211	16587.31	13527.29
2212	10165.13	19623.38
2213	17710.61	20466.35
2214	1561.25	5533.92
2215	4312.41	15418.81
2216	2611.67	19063.71
2217	2197.89	18196.14
2218	11808.68	13405.73
2219	23843.09	9104.35
2220	17325.21	9656.15
2221	8906.14	3051.16
2222	12995.37	13583.51
2223	18645.33	15985.72
2224	346.45	8256.34
2225	16551.62	22389.77
2226	9826.75	24332.41
2227	5472.21	18906.67
2228	18156.94	3349.21
2229	6474.09	24480.28
2230	17144.49	19569.78
2231	17002.35	17774.13
2232	5498.91	19990.22
2233	4062.36	7969.4
2234	10157.31	18311.68
2235	23490.98	2524.03
2236	18810.97	24590.34
2237	24975.15	14726.77
2238	3425.8	13945.85
2239	8790.23	11388.41
2240	12921.5	21543.56
2241	4916.57	2693.19
2242	7660.57	17105.94
2243	8993.94	14942.44
2244	5019.16	19772.01
2245	6621.35	11620.25
2246	1690.67	6580.69
2247	16.14	4615.17
2248	7165.05	3551.98
2249	17371.04	20185.12
2250	4136.2	8810.27
2251	21272.56	14680.47
2252	2029.93	3979.25
2253	13470.53	21237.16
2254	9445.16	12443.68
2255	19744.76	15944.73
2256	2600.32	9213.36
2257	409.11	19465.97
2258	11535.87	544.46
2259	6786.12	118.72
2260	10203.88	4343.13
2261	11634.63	11982.23
2262	9512.29	13024.9
2263	18190.57	12074.06
2264	16561.72	3484.53
2265	5371.14	3005.84
2266	19685.06	1301.39
2267	18983.04	17657.18
2268	22725.18	5056.8
2269	16513.5	6454.88
2270	7040.87	21513.75
2271	8860.47	21021.11
2272	16365.12	1361.89
2273	24728.55	7409.86
2274	53.76	6758.19
2275	12485.17	8322.89
2276	15118.97	5487.33
2277	12054.2	15444.71
2278	4317.01	16719.67
2279	23950.84	23004.02
2280	18302.77	8562.82
2281	22332.43	14963.43
2282	19545.42	17631.75
2283	8637.12	60.32
2284	22727.68	13217.67
2285	4255.2	22517.29
2286	23544.81	5314.65
2287	7005.53	17541.1
2288	8206.03	16753.27
2289	16278.24	17362.51
2290	15510.04	21483.88
2291	21014.05	849.05
2292	24150.13	6837.37
2293	10046.46	20946.79
2294	18753.5	22181.55
2295	20774.62	7492.34
2296	3196.4	16530.2
2297	24025.34	4356.37
2298	15510.99	16453.98
2299	16629.55	16322.54
2300	3179.37	6302.45
2301	2544.79	13934.1
2302	4861.83	17704.69
2303	1822.51	5125.64
2304	19081.47	546.78
2305	22796.75	12735.68
2306	18886.07	23619.64
2307	24455.73	17275.71
2308	2831.82	16232.14
2309	14747.58	9918.53
2310	3430.07	8348.22
2311	9705.05	22951.16
2312	18180.56	12631.27
2313	5950.0	11811.01
2314	15860.27	12943.9
2315	10600.29	3761.67
2316	18353.06	6208.7
2317	7020.98	11980.32
2318	104.38	265.95
2319	1076.15	18620.05
2320	10571.27	18394.51
2321	22346.73	931.7
2322	10615.04	19200.65
2323	5320.22	15853.37
2324	13121.22	3053.35
2325	4924.86	21928.72
2326	844.54	19466.3
2327	16221.23	11014.05
2328	24204.87	20006.05
2329	6263.46	19915.56
2330	4062.83	12656.68
2331	4906.02	4915.14
2332	7694.2	22165.43
2333	5505.12	3046.92
2334	24747.64	3382.72
2335	6969.27	15481.16
2336	10734.97	24046.58
2337	14447.91	11768.34
2338	3046.26	18891.05
2339	15229.95	24812.51
2340	17655.98	6811.24
2341	4729.11	20364.74
2342	11020.52	5920.97
2343	13978.76	22763.4
2344	14569.01	4246.06
2345	12290.78	158.23
2346	23363.88	9294.52
2347	23123.61	1923.4
2348	19993.59	9198.77
2349	24136.74	22407.41
2350	21456.34	18166.34
2351	20683.02	8253.75
2352	23236.12	21779.96
2353	9144.37	7328.83
2354	7177.26	23948.22
2355	9335.97	14134.56
2356	3083.5	15209.0
2357	1297.91	3624.62
2358	11688.04	776.39
2359	2023.98	2858.44
2360	21261.09	13427.96
2361	9467.16	5863.72
2362	16192.38	24645.1
2363	5437.51	15068.3
2364	744.1	4493.78
2365	18258.3	22190.48
2366	14350.95	12939.54
2367	22840.7	17724.77
2368	8340.29	8293.38
2369	2243.71	7511.91
2370	6680.51	12776.3
2371	16885.02	754.41
2372	9556.82	24698.79
2373	10865.21	17489.2
2374	23527.41	5359.32
2375	663.24	16955.54
2376	15324.85	1086.61
2377	3557.59	23413.66
2378	752.93	14234.61
2379	14925.92	23842.19
2380	17802.41	22339.54
2381	14195.39	17598.37
2382	409.04	4624.79
2383	7543.38	23996.38
2384	6417.93	18823.84
2385	21662.32	4851.86
2386	9350.35	24473.9
2387	8676.03	7889.32
2388	7941.53	6867.25
2389	2740.54	326.07
2390	17914.54	23378.33
2391	20505.57	4791.25
2392	18622.0	15809.5
2393	2621.0	2454.09
2394	20867.55	640.88
2395	5651.02	24556.51
2396	13132.51	23309.59
2397	10718.5	6645.18
2398	678.81	5711.89
2399	17250.92	17640.05
2400	20089.95	23535.93
2401	16361.78	2178.95
2402	14140.48	2653.35
2403	6816.99	20470.91
2404	21553.12	7349.81
2405	3486.13	5921.03
2406	3924.65	14189.73
2407	4038.16	16794.79
2408	19119.03	18074.03
2409	16901.73	7776.37
2410	6931.06	3921.24
2411	2255.95	18093.56
2412	10400.33	1231.17
2413	24636.43	2825.09
2414	20940.98	3926.33
2415	7523.58	15927.01
2416	15939.28	8550.38
2417	7356.39	13210.34
2418	2781.61	4117.11
2419	10210.14	10398.2
2420	4997.36	4556.35
2421	16107.86	17585.11
2422	9985.57	11586.2
2423	18963.41	9386.42
2424	20608.13	23858.79
2425	9288.98	13401.14
2426	23917.91	11386.03
2427	9238.53	3082.34
2428	21148.57	20361.65
2429	4921.03	24268.62
2430	3948.03	16645.68
2431	2775.03	17552.8
2432	23980.65	2383.52
2433	12957.85	4338.86
2434	1816.73	24243.75
2435	10870.02	14143.94
2436	18557.7	21096.16
2437	23253.49	3406.29
2438	9390.95	7221.52
2439	20472.19	16750.68
2440	5172.15	3576.51
2441	206.92	12833.92
2442	5917.81	12165.71
2443	4000.12	14111.5
2444	17926.89	22512.95
2445	3148.34	2199.69
2446	2324.26	11992.4
2447	24736.99	5123.03
2448	18797.06	12212.74
2449	21852.79	1371.16
2450	19333.01	6765.82
2451	3128.97	8516.6
2452	10147.4	24310.41
2453	19569.48	21072.23
2454	12536.94	15728.29
2455	8885.81	3210.65
2456	2367.47	24435.85
2457	12388.16	2389.91
2458	12718.69	2099.31
2459	3556.03	7468.82
2460	15954.93	2745.69
2461	23722.08	22195.17
2462	19087.41	11489.52
2463	8346.64	8241.71
2464	23815.87	22114.23
2465	6283.67	4456.15
2466	21710.28	23054.03
2467	17566.52	9769.03
2468	9165.66	1587.68
2469	15968.0	16890.05
2470	2890.34	13232.56
2471	5831.9	5470.41
2472	12441.78	14471.66
2473	1494.85	16354.21
2474	5750.28	19786.74
2475	7479.23	6886.88
2476	1751.87	24605.01
2477	8287.4	7549.72
2478	12548.73	8560.35
2479	7576.05	24801.59
2480	23709.29	18369.63
2481	7229.21	2484.52
2482	15708.52	3771.09
2483	13958.23	16834.33
2484	16165.46	24652.56
2485	6072.29	17281.85
2486	16594.11	2847.41
2487	19763.06	18556.58
2488	1135.41	4037.65
2489	22700.43	21743.34
2490	6790.75	23041.64
2491	12647.69	7163.3
2492	13862.04	10780.36
2493	11351.14	19694.47
2494	21999.03	15309.57
2495	22556.94	6993.68
2496	22660.59	16139.81
2497	21016.58	1522.88
2498	11489.14	14772.63
2499	17694.67	7463.87
2500	11016.28	7696.13
