1	24913.18	8656.85
2	28443.57	13046.34
3	20089.43	17634.41
4	20195.11	10746.45
5	3029.16	7661.15
6	28479.93	28043.03
7	21972.41	8039.62
8	25170.44	16502.6
9	4820.79	28796.18
10	28465.72	13208.41
11	12625.28	19437.5
12	8076.46	19400.58
13	12852.13	27164.75
14	11177.88	1984.36
15	25518.52	1702.09
16	14054.05	24377.46
17	5420.42	10180.47
18	19991.77	14426.3
19	3570.22	28477.06
20	3101.87	28825.85
21	10051.26	826.72
22	622.92	25033.19
23	14916.49	16347.82
24	22497.24	18483.9
25	7899.98	25416.4
26	1993.74	28031.19
27	15918.61	28477.6
28	23555.42	15277.37
29	11191.06	23523.93
30	11784.77	19906.54
31	10266.62	8662.72
32	17198.18	5708.13
33	4190.04	26401.86
34	16984.93	22320.51
35	4060.13	20976.87
36	19440.58	19827.24
37	26364.9	27848.83
38	13046.71	16486.07
39	21466.3	21059.77
40	26714.6	10669.45
41	20778.77	25500.14
42	7836.5	277.44
43	14889.37	14170.19
44	12291.82	4354.53
45	8428.42	19706.68
46	26842.38	16469.74
47	10391.34	20712.11
48	26240.79	12923.28
49	19024.67	9222.82
50	22740.41	14148.67
51	16385.77	12705.85
52	22623.02	1177.74
53	13933.37	5539.96
54	20873.86	19340.95
55	18063.87	19256.06
56	24174.9	10307.06
57	18259.66	16570.0
58	21842.83	6960.08
59	9136.04	20610.09
60	20038.3	2185.96
61	26675.08	26317.16
62	19828.76	19512.69
63	20641.2	17060.84
64	27493.85	26223.97
65	22073.97	18527.77
66	521.79	62.77
67	27306.8	26265.57
68	14686.3	24351.51
69	435.71	20370.21
70	26465.88	15111.25
71	12591.5	21816.91
72	22910.78	4857.1
73	2823.94	663.2
74	16634.01	27971.15
75	27938.31	24249.89
76	16878.57	849.3
77	9028.54	21312.34
78	23201.76	8975.21
79	17479.63	20181.28
80	24278.91	16015.12
81	9093.26	13767.2
82	8256.62	10311.5
83	15141.62	7026.13
84	6403.66	7939.99
85	24726.6	12408.82
86	11102.36	21116.28
87	3470.03	22871.07
88	12293.48	21889.98
89	7469.14	2505.77
90	10728.89	12470.14
91	10512.57	14617.47
92	15391.07	13945.4
93	725.09	3768.61
94	21347.66	27210.14
95	3146.73	25739.04
96	11532.45	8396.24
97	3554.82	17562.42
98	24042.32	18305.19
99	18263.36	4781.81
100	12221.42	26234.69
101	21661.74	21989.56
102	23989.6	7781.7
103	8202.46	28689.02
104	399.68	53.06
105	27629.74	15905.4
106	19139.59	25612.25
107	16807.24	26942.59
108	17747.46	5171.17
109	8059.63	15062.73
110	3688.58	3858.34
111	21949.66	19499.51
112	7611.33	7991.96
113	24772.72	2840.6
114	1580.51	26208.16
115	26965.2	27052.78
116	10123.69	18428.05
117	8912.99	7998.65
118	16222.51	22320.0
119	6652.22	8176.5
120	28913.82	9645.91
121	6289.45	19955.25
122	15626.83	21837.54
123	26019.38	26376.21
124	19676.35	8006.22
125	8950.45	19936.58
126	13103.56	22465.35
127	22484.2	12410.55
128	23558.14	1454.17
129	4135.89	24964.15
130	20713.26	23209.07
131	17981.99	3478.8
132	23469.94	5005.26
133	19970.35	5722.54
134	27826.33	23142.38
135	10907.3	8111.37
136	15446.55	14220.64
137	8954.04	15687.89
138	11599.36	19699.89
139	2784.37	5702.71
140	5141.77	2449.2
141	20088.3	2754.13
142	28851.18	13911.87
143	20570.78	22785.93
144	10233.64	10993.59
145	13459.71	12144.34
146	24292.68	8688.3
147	13763.51	4126.16
148	27218.55	23236.8
149	19457.46	13632.51
150	9674.69	22454.6
151	24283.95	18225.37
152	17536.6	19987.79
153	19057.34	14450.94
154	3560.16	2729.94
155	11115.65	21748.5
156	22104.68	1207.54
157	12580.41	24864.15
158	6269.38	15812.34
159	6312.74	1532.55
160	254.43	27366.62
161	2787.15	10324.5
162	9375.53	28281.84
163	14608.18	7102.58
164	23433.56	27243.56
165	17052.88	7313.51
166	204.59	9303.77
167	17012.69	24591.86
168	26205.21	16706.87
169	18646.34	11138.34
170	17829.84	13510.27
171	18831.6	24081.39
172	12400.79	9161.98
173	17703.65	12215.48
174	7469.87	1782.34
175	13439.07	12386.81
176	13759.43	25912.77
177	7353.78	12507.76
178	25641.28	6319.63
179	7637.62	15285.11
180	9356.35	6401.27
181	15262.33	24114.77
182	15177.22	18635.34
183	850.6	3330.43
184	13405.12	4207.5
185	15229.41	1217.55
186	17227.37	12649.19
187	15752.18	203.64
188	27559.87	12118.4
189	25996.51	3106.25
190	21395.29	27598.24
191	17578.37	20662.3
192	28965.4	22443.63
193	10656.14	20603.3
194	15402.47	5546.81
195	12969.92	15062.25
196	7591.53	32.76
197	3740.39	20343.25
198	14282.31	8747.6
199	23412.26	4155.46
200	8892.28	15804.1
201	9971.32	8295.16
202	18274.01	12912.51
203	6314.35	18903.1
204	1770.08	12626.74
205	19467.0	24806.19
206	93.55	12760.02
207	17074.0	14152.95
208	21671.2	3679.74
209	26247.93	11392.64
210	26428.67	24244.22
211	19139.51	26279.4
212	17522.8	530.98
213	22293.0	20012.97
214	15531.92	18884.6
215	457.7	17228.93
216	7625.6	25441.69
217	28495.33	23687.91
218	13373.18	2547.25
219	23288.01	28429.11
220	25149.68	16572.68
221	13275.86	15087.06
222	21564.59	11973.45
223	1354.87	15505.99
224	5023.1	25165.9
225	20045.08	27900.08
226	28489.6	27815.91
227	21712.65	20029.91
228	15354.13	14920.63
229	4494.45	11305.0
230	17147.38	28442.8
231	5694.28	13075.25
232	8385.54	19059.07
233	22040.32	13209.04
234	17332.42	27598.6
235	24344.95	9780.65
236	17960.09	5980.73
237	20309.62	16448.85
238	21628.64	27147.53
239	4129.42	11669.92
240	19298.58	2714.23
241	9849.37	26713.7
242	6863.59	5106.47
243	18734.82	5424.06
244	4909.63	21041.52
245	28656.01	18720.95
246	4474.47	13114.82
247	4750.14	19152.71
248	19164.13	9819.42
249	917.55	17647.79
250	9131.26	2943.27
251	21994.07	6179.25
252	15149.52	13782.16
253	21340.53	13341.1
254	5552.5	6689.38
255	12779.38	15028.85
256	10271.31	12199.74
257	25162.1	5144.95
258	27792.67	2117.13
259	3247.27	8373.89
260	28555.57	4461.22
261	1177.43	15464.99
262	27313.22	16902.38
263	3059.33	23601.22
264	22274.82	5980.42
265	27118.87	6570.9
266	6153.38	12226.96
267	5641.2	11945.58
268	23531.75	2383.34
269	10413.6	27987.81
270	19088.39	14411.73
271	18810.34	16308.37
272	11881.89	14013.49
273	21588.27	10129.29
274	16832.07	2066.52
275	13249.51	4084.08
276	4242.59	17162.42
277	16816.79	12085.25
278	7702.62	4671.33
279	1682.19	22740.98
280	16648.82	10228.66
281	5248.43	17326.43
282	5141.72	15291.89
283	17625.97	18267.42
284	23429.04	7551.37
285	26896.85	7487.54
286	2032.91	12795.23
287	23050.1	22025.74
288	17414.48	2909.69
289	13285.28	20065.22
290	7046.32	3652.23
291	25070.01	9021.95
292	2498.65	20687.25
293	24377.34	22102.31
294	28248.4	19068.92
295	6939.45	17236.64
296	7408.97	20002.88
297	22821.94	15303.54
298	9828.16	1762.48
299	16942.69	5529.07
300	7005.43	4490.1
301	12620.65	24164.82
302	19661.69	19277.49
303	24952.27	19131.68
304	22384.73	19561.25
305	1104.55	18438.95
306	22777.06	27177.26
307	21544.5	13514.72
308	14571.46	25217.38
309	23471.12	11417.48
310	9452.45	24388.59
311	23759.65	2918.42
312	11106.78	25488.45
313	27389.17	1862.11
314	18346.37	2640.02
315	8276.24	12638.88
316	27043.96	13011.36
317	20378.38	12242.8
318	19080.81	3877.57
319	16575.57	7142.83
320	859.37	28948.18
321	11214.26	12284.34
322	14783.71	16242.33
323	11929.7	18190.36
324	19969.31	10992.43
325	17194.93	22736.98
326	11755.17	3649.78
327	15361.07	10465.44
328	13504.3	13215.43
329	5054.79	11468.11
330	14425.67	589.76
331	12934.8	8317.22
332	2531.72	9858.76
333	3686.99	7958.1
334	18095.0	6517.69
335	2359.3	25234.3
336	27834.7	7535.09
337	14111.52	19720.54
338	1280.44	1395.68
339	6435.12	13963.24
340	5969.42	15535.84
341	25818.7	14621.42
342	20021.37	6370.3
343	14605.7	9469.93
344	14989.81	12489.84
345	20159.45	22163.45
346	11801.75	21610.59
347	22513.52	4463.43
348	23887.76	18324.01
349	10153.86	5839.41
350	2767.95	3194.25
351	7022.17	27160.52
352	15648.71	18204.53
353	17065.37	13780.49
354	14425.94	21295.1
355	7206.26	23059.21
356	10639.58	26883.05
357	9133.23	12639.4
358	19619.58	25152.77
359	24328.68	1820.3
360	20528.56	27789.16
361	6017.45	9472.63
362	25450.46	27613.48
363	2784.61	25878.0
364	28321.55	18984.4
365	24511.86	28641.48
366	12160.33	21663.91
367	1812.42	27543.04
368	17519.4	16726.24
369	16325.59	9696.24
370	11284.79	1455.87
371	15801.78	26710.39
372	23676.38	5649.96
373	12499.37	20105.74
374	7670.1	19311.79
375	18810.39	20022.56
376	20472.51	28420.17
377	22456.62	12855.65
378	11008.67	11502.34
379	23240.85	1082.22
380	17997.16	13466.28
381	1162.16	9824.37
382	16669.02	2486.94
383	11790.98	10845.55
384	11646.83	12029.99
385	13478.63	14369.08
386	3153.67	11388.7
387	27117.0	21246.98
388	26719.8	15947.29
389	939.95	7264.75
390	24826.99	12886.22
391	27977.51	8273.81
392	5097.04	6949.12
393	23486.7	13344.68
394	2982.71	2668.88
395	11563.35	13082.7
396	25072.92	7173.67
397	11751.08	14360.74
398	16535.38	4817.55
399	17963.3	26357.21
400	2608.56	11828.88
401	7557.39	27714.26
402	14592.0	11281.33
403	14212.13	26273.47
404	18047.53	16336.3
405	14097.39	3480.68
406	7760.12	23429.25
407	28779.67	27820.65
408	27876.62	28234.72
409	26320.97	2511.65
410	19172.75	25820.94
411	25892.61	20789.73
412	2918.71	20649.14
413	25023.02	25942.94
414	9021.16	18639.92
415	11079.5	1457.04
416	9563.45	24718.15
417	1710.03	21250.88
418	8059.41	1277.0
419	17584.84	2947.77
420	2258.11	17875.3
421	22899.35	24322.64
422	9983.31	22414.68
423	6827.55	9719.54
424	13782.21	20179.67
425	16409.31	10929.99
426	21089.28	986.29
427	13131.96	5584.28
428	8092.27	18186.41
429	17655.06	15430.25
430	14644.15	25622.66
431	22547.55	9277.16
432	23681.84	25763.16
433	24247.57	16894.62
434	4815.1	474.31
435	28808.04	11168.67
436	22494.26	20796.91
437	2839.05	23941.59
438	17506.84	17474.63
439	26075.59	7269.84
440	11457.34	22320.6
441	11812.97	9255.48
442	21195.5	26928.9
443	5445.78	2363.75
444	7321.92	11328.88
445	3776.39	17883.0
446	15517.03	25620.06
447	18932.79	25845.92
448	10873.32	12351.94
449	25542.41	2298.76
450	9379.48	12697.9
451	26771.09	13811.55
452	23947.02	5030.21
453	20298.53	21503.41
454	2027.98	22150.03
455	10051.03	13748.14
456	3838.86	19430.4
457	5226.64	22449.05
458	21495.6	9718.19
459	21745.52	26205.9
460	12469.94	25360.91
461	13052.67	149.88
462	1042.22	21286.8
463	22419.49	18174.75
464	14554.34	27970.99
465	2100.67	27223.56
466	15680.83	20984.57
467	21198.6	7223.63
468	20189.43	3851.49
469	21907.01	1639.25
470	25925.72	24924.73
471	14224.69	15008.03
472	11380.43	23103.6
473	19393.37	15464.7
474	24106.19	8218.45
475	27318.97	13042.13
476	4030.19	24505.09
477	24035.2	20041.51
478	20355.8	1655.83
479	10676.35	2014.66
480	2113.36	15632.45
481	414.9	7350.8
482	19216.09	465.78
483	7010.13	25518.78
484	20063.54	24912.98
485	23729.8	28293.61
486	24202.07	24887.56
487	4045.81	22090.55
488	28938.08	1544.01
489	12556.78	20987.03
490	19468.11	6518.24
491	9129.41	550.84
492	9745.93	22023.01
493	11526.15	3975.34
494	18204.76	21443.84
495	5348.0	18851.13
496	20820.11	19178.44
497	238.26	26729.56
498	24924.97	2545.38
499	14002.72	2745.3
500	8238.68	24644.27
501	8369.18	21477.38
502	13392.57	3536.85
503	10063.9	22823.59
504	7434.58	8926.38
505	16058.89	5736.37
506	17375.57	5018.46
507	9360.92	11644.23
508	19640.28	7696.87
509	24147.19	20502.9
510	20934.36	12529.16
511	5277.5	10833.15
512	7049.11	16390.25
513	23246.61	14072.02
514	32.32	8844.75
515	15854.31	4383.07
516	19588.54	1810.1
517	14767.72	25668.56
518	20168.74	26315.2
519	16641.08	4845.99
520	16448.8	16087.97
521	10407.32	8075.51
522	11508.39	23500.93
523	12684.81	11443.27
524	478.73	12036.6
525	25981.77	20173.39
526	27308.77	27679.78
527	9149.45	12552.3
528	6250.55	20337.64
529	28831.37	377.14
530	5025.93	3929.67
531	26488.45	15381.6
532	23574.31	19035.15
533	27729.82	1376.37
534	8245.49	2578.04
535	2123.06	9775.84
536	5563.13	12427.72
537	27136.53	22702.49
538	65.54	24821.34
539	16901.29	19768.58
540	726.74	17901.33
541	27720.81	25598.11
542	28004.95	28657.96
543	3622.97	567.41
544	8037.58	3872.83
545	14893.13	19257.65
546	22871.36	16092.55
547	21740.11	12997.07
548	9667.13	25313.27
549	8969.57	18863.04
550	11707.54	11917.09
551	854.35	5383.87
552	20779.97	28626.96
553	13114.1	6415.67
554	26927.98	23581.54
555	1139.18	21309.35
556	19224.68	4009.14
557	25273.02	3383.72
558	24176.17	9666.42
559	9987.98	28503.59
560	24200.06	250.83
561	6515.57	7435.77
562	24663.11	4672.45
563	791.54	21566.85
564	12050.26	26024.92
565	2502.25	21083.49
566	28774.19	27262.19
567	25929.28	22835.82
568	15976.13	22000.17
569	5769.88	6415.08
570	22899.55	4484.7
571	1909.96	10737.01
572	9366.48	3906.68
573	24184.5	23716.34
574	14764.94	10017.07
575	1049.45	21721.05
576	901.24	10533.69
577	22553.72	12161.22
578	7712.66	4185.82
579	22713.76	12684.5
580	12339.69	5462.31
581	25282.17	7769.72
582	15484.96	22900.79
583	21307.25	16831.65
584	2896.62	28415.62
585	7526.06	24966.1
586	3873.11	5852.59
587	21502.62	11862.57
588	5099.16	23287.6
589	10695.8	6133.34
590	1059.32	19976.64
591	20421.76	27458.74
592	7726.46	21094.35
593	254.77	20482.54
594	23365.83	25041.25
595	82.69	11029.47
596	10791.96	19384.85
597	25037.75	12003.36
598	25379.77	12360.32
599	17822.0	23996.07
600	27832.66	7401.0
601	18519.06	9045.41
602	6816.66	9609.28
603	12786.67	11516.69
604	12553.03	3980.21
605	22189.46	10035.91
606	20180.94	7819.93
607	14449.33	12915.02
608	8652.75	27775.44
609	6608.4	24754.13
610	3380.42	28115.7
611	12015.92	28544.74
612	773.01	27478.65
613	26724.3	18496.55
614	12829.86	9765.03
615	8623.91	27992.22
616	26680.72	24042.79
617	7308.93	25877.95
618	28128.4	25421.0
619	4221.96	23956.83
620	13877.86	20935.51
621	27873.62	24417.82
622	12580.54	20470.43
623	4689.97	9858.96
624	12827.53	20488.22
625	18924.61	26363.4
626	5911.28	16443.29
627	15452.06	17050.11
628	6309.59	256.72
629	27534.38	27350.81
630	5688.86	1328.32
631	21669.27	12294.62
632	1798.98	10981.68
633	4410.56	11147.89
634	3164.15	25794.69
635	14173.25	1193.52
636	27000.23	4794.03
637	7625.82	2828.4
638	26768.99	13049.69
639	17192.44	14052.64
640	25223.2	15112.82
641	9390.33	2114.31
642	6763.1	1517.15
643	18470.15	12921.39
644	18327.05	981.21
645	11389.8	12635.09
646	16940.19	18797.78
647	4683.8	24423.16
648	24929.79	4944.98
649	6262.52	6861.02
650	45.16	7088.05
651	4946.67	8349.36
652	8902.05	15755.97
653	7152.49	6576.23
654	25480.25	5732.48
655	21855.92	19904.84
656	13779.92	3546.24
657	18653.28	3240.49
658	27294.02	1992.19
659	5130.86	14109.63
660	23968.33	3464.29
661	13341.26	17842.36
662	27817.55	9831.81
663	24473.14	15618.55
664	19488.7	27549.99
665	20424.86	16308.15
666	25591.49	17972.37
667	8309.96	9124.54
668	15801.28	9474.64
669	15239.49	24849.89
670	17201.03	25641.67
671	27243.49	14225.23
672	21564.72	1777.12
673	17282.04	6656.67
674	4689.03	18019.51
675	8558.28	7057.94
676	7077.36	25560.44
677	4505.14	17956.74
678	17911.92	18426.63
679	11230.7	17860.99
680	6025.63	8954.66
681	14457.36	2637.35
682	383.62	5042.69
683	12423.73	5296.66
684	18699.46	24995.54
685	20884.57	13460.14
686	28928.17	16771.85
687	25483.01	9118.05
688	21020.5	25104.37
689	6278.61	21896.37
690	19906.63	10241.52
691	7757.79	21271.69
692	20378.46	8173.28
693	18999.81	1389.21
694	21448.85	8271.86
695	10268.83	1177.79
696	9265.79	21616.3
697	8411.28	22058.63
698	4089.38	22623.3
699	5746.97	10190.63
700	10244.17	23331.41
701	23032.68	8332.52
702	16527.48	26928.64
703	22496.09	1180.6
704	13552.22	2374.39
705	11947.05	17031.68
706	4427.25	9273.08
707	26227.34	1585.32
708	644.39	25761.15
709	12973.58	9044.55
710	23021.31	10223.26
711	10703.43	9289.0
712	16383.31	19344.65
713	22829.78	19122.02
714	7317.58	1360.48
715	7168.45	3489.11
716	8916.16	28641.06
717	19157.69	18544.27
718	13455.05	4278.6
719	4599.6	1394.6
720	20005.57	24668.78
721	13792.38	7437.27
722	7857.26	25804.04
723	12251.39	22823.07
724	20265.32	25985.08
725	13860.17	4876.05
726	17180.11	8093.73
727	8177.63	4691.62
728	24792.65	18479.42
729	27119.89	18248.29
730	4075.11	5714.13
731	19824.61	19242.13
732	1800.07	18034.98
733	15939.24	25536.47
734	13280.47	229.37
735	24078.0	8009.32
736	23364.28	22771.48
737	6688.3	27444.6
738	5445.98	11387.1
739	27048.87	7696.61
740	26923.83	11089.76
741	27010.85	23968.43
742	17012.4	4051.99
743	3895.18	27567.18
744	2932.14	20471.74
745	24289.13	5776.24
746	25756.77	28720.01
747	23805.97	1331.42
748	26950.56	25406.4
749	20076.85	17206.44
750	26236.52	21648.97
751	15888.92	9882.26
752	3474.25	21493.45
753	16006.43	9542.87
754	22920.92	19459.45
755	21885.84	17795.82
756	28985.21	19209.36
757	6332.17	14961.79
758	5450.27	2590.09
759	14099.95	15524.7
760	10697.37	28855.19
761	25918.33	12984.03
762	23677.4	22692.75
763	22615.05	18241.95
764	25214.54	18542.66
765	8944.08	24596.39
766	6711.44	20278.03
767	16549.72	24683.11
768	19519.22	7658.68
769	3197.03	6103.08
770	9491.62	6306.68
771	5133.19	28927.47
772	12960.66	24130.8
773	15453.18	19499.87
774	13.18	22497.06
775	5786.3	16496.9
776	8715.25	6357.37
777	11836.45	488.54
778	3312.76	21837.12
779	17796.07	11973.81
780	1541.62	11342.88
781	4293.19	6939.26
782	3517.86	24166.58
783	5129.98	825.18
784	21261.13	3971.03
785	19214.97	20975.22
786	23104.24	19558.2
787	21813.55	7519.1
788	15556.02	5927.98
789	1950.49	11823.75
790	15415.34	19287.04
791	4199.56	27366.2
792	2658.29	18651.54
793	23374.33	26483.61
794	27655.27	11026.85
795	8540.87	10949.79
796	2868.27	24945.23
797	5177.77	18620.23
798	3113.56	11962.13
799	8353.94	1909.03
800	28650.76	12793.69
801	22151.25	17382.12
802	9589.44	2447.22
803	23979.38	25205.95
804	9948.23	4365.75
805	28514.72	15433.4
806	2718.83	24198.75
807	8419.18	16443.04
808	6517.85	22429.01
809	25292.34	17555.44
810	19340.34	14550.87
811	21002.32	27228.88
812	1409.57	12058.27
813	12372.57	18469.57
814	18497.57	8771.65
815	19768.4	19582.75
816	121.3	24629.46
817	764.01	23993.28
818	6337.5	2437.97
819	3686.8	17787.51
820	2478.9	26951.33
821	15326.12	24505.5
822	25337.36	3511.32
823	9898.75	2483.7
824	22568.93	24269.1
825	26030.9	26162.62
826	7474.79	19324.27
827	27798.9	22478.17
828	8405.87	21282.58
829	15113.04	22279.81
830	26624.37	21055.48
831	9983.72	10143.25
832	18510.55	4440.35
833	7376.6	20254.43
834	3529.19	22713.23
835	13789.3	20691.88
836	11085.54	24348.0
837	3649.27	8189.45
838	10934.92	23027.6
839	14809.9	14488.34
840	20657.72	19992.06
841	28407.19	14428.65
842	5668.7	14088.47
843	11092.64	3303.32
844	6778.36	8962.34
845	25552.07	11874.36
846	18481.6	23747.48
847	9801.24	8606.95
848	13385.49	6802.66
849	570.48	2986.8
850	13765.89	21168.85
851	26438.19	28689.94
852	22059.72	9208.18
853	665.58	4866.38
854	431.67	26222.35
855	6578.26	21291.64
856	9086.84	23226.94
857	5274.04	11576.5
858	14956.25	12921.56
859	6432.62	9704.54
860	2757.17	28884.41
861	1289.01	19674.86
862	3458.52	8837.07
863	6861.87	20072.31
864	14403.1	10078.43
865	13598.31	406.77
866	20710.3	17379.18
867	15624.53	15623.83
868	5443.9	11095.29
869	15614.8	19974.05
870	25149.83	4980.2
871	41.31	23545.06
872	26588.42	26952.21
873	996.07	21241.94
874	5941.82	27731.1
875	14266.68	20760.36
876	11697.37	2741.46
877	19926.17	14642.25
878	11261.55	26647.6
879	26128.81	14223.71
880	8054.45	18073.78
881	12113.82	26438.7
882	24031.01	17760.29
883	18374.98	16294.63
884	26883.15	5430.62
885	13195.67	23652.65
886	20007.51	25946.43
887	15762.31	13678.13
888	19282.47	22411.33
889	2334.68	6528.9
890	7489.57	2737.87
891	20040.94	14754.63
892	837.71	19402.66
893	4184.96	22279.11
894	10850.38	15535.73
895	17475.15	25143.1
896	14087.99	9086.52
897	10564.87	9629.83
898	24575.1	18127.81
899	341.23	5397.92
900	23275.76	17785.36
901	737.02	73.7
902	28920.5	12770.33
903	17382.3	18808.28
904	18972.48	1179.49
905	18541.96	12160.76
906	26887.73	20841.71
907	20421.77	6265.24
908	3714.19	13296.65
909	22867.61	24764.14
910	9080.95	7716.27
911	18405.03	11354.82
912	8402.89	10416.65
913	4418.49	17780.82
914	6589.59	6640.02
915	15155.23	1350.55
916	19939.94	4256.94
917	24656.03	10535.85
918	3006.12	11845.3
919	19078.79	13236.11
920	3766.33	11869.36
921	6637.48	19919.64
922	9378.56	24791.95
923	12279.12	25614.38
924	9097.94	16839.54
925	182.21	14086.24
926	22183.97	6323.89
927	7173.65	6122.05
928	213.21	1550.03
929	27828.81	25120.5
930	21995.69	15157.35
931	2097.26	7899.88
932	15138.5	25051.47
933	3333.32	24142.83
934	25827.08	28380.88
935	5983.11	14246.47
936	2040.57	25008.71
937	25468.93	18600.65
938	23729.7	2265.98
939	9525.31	13798.59
940	15343.83	1749.24
941	28024.11	27166.27
942	7352.24	4926.3
943	17736.43	26621.47
944	76.54	20771.95
945	11204.67	7195.97
946	24309.07	15257.5
947	13687.83	1413.68
948	7146.36	4631.57
949	18666.77	12725.17
950	16984.43	20771.76
951	14410.57	5562.57
952	16775.17	6117.13
953	10909.24	23893.84
954	23264.98	10911.62
955	19646.47	21886.96
956	10305.37	10180.46
957	6451.19	19725.65
958	27461.55	7440.06
959	15439.24	26649.59
960	12191.16	22756.11
961	18039.8	12121.87
962	5436.11	22166.98
963	4420.39	9137.0
964	21137.96	12767.58
965	7829.22	28459.67
966	13303.52	11668.1
967	19462.67	4164.8
968	19720.96	127.35
969	17560.87	27282.73
970	14318.07	7354.81
971	28243.59	1798.44
972	9008.01	15664.43
973	11822.14	23210.39
974	8174.68	9633.41
975	27384.49	16141.42
976	286.48	19787.74
977	1863.2	19884.4
978	4485.93	28911.08
979	22859.86	21991.94
980	6345.75	22935.85
981	2353.62	25625.1
982	23203.0	15922.81
983	28626.82	24112.36
984	3716.62	25226.39
985	346.46	22098.22
986	22892.9	801.48
987	28559.54	15950.03
988	17563.17	25675.68
989	543.15	2830.33
990	7294.18	26735.39
991	3069.15	6729.08
992	9805.07	18488.66
993	9353.29	941.37
994	20258.32	4941.74
995	20705.58	6471.95
996	26183.72	493.96
997	21401.92	18305.71
998	25314.93	21793.18
999	7935.56	170.34
1000	24834.15	26276.69
1001	1967.36	3832.6
1002	10999.09	5977.85
1003	15807.57	4282.91
1004	15601.2	18058.01
1005	26432.25	9632.78
1006	18019.15	27447.23
1007	22311.2	22452.33
1008	13042.61	75.05
1009	23055.09	8206.7
1010	26555.62	16483.63
1011	23322.68	16447.77
1012	2573.02	5566.66
1013	8755.29	14966.42
1014	1256.14	21255.38
1015	6936.64	7972.77
1016	9166.2	28794.57
1017	18832.84	13923.92
1018	27431.18	1782.78
1019	9570.9	15118.18
1020	16996.38	6291.71
1021	20443.5	5998.75
1022	17263.44	13838.34
1023	18521.82	22018.14
1024	7791.13	2742.34
1025	4536.75	21630.23
1026	1848.16	9491.94
1027	21391.39	17851.28
1028	10328.04	16718.16
1029	2958.13	22340.4
1030	7830.81	27828.76
1031	4957.15	19656.14
1032	13459.25	22325.83
1033	25974.46	19940.79
1034	6225.43	4947.08
1035	23143.41	19396.19
1036	24559.1	11492.85
1037	5791.46	24389.11
1038	11707.07	21727.56
1039	27267.64	28172.4
1040	8102.17	11347.21
1041	8149.35	28834.21
1042	17594.08	4427.77
1043	21548.7	6057.5
1044	12236.98	25230.58
1045	14598.92	16615.02
1046	13558.85	18447.31
1047	25242.03	5355.03
1048	19934.77	14052.22
1049	12967.51	12991.68
1050	7144.29	17814.33
1051	24358.68	7440.48
1052	17330.9	12479.16
1053	12472.31	4903.59
1054	2966.09	9946.21
1055	22470.19	12081.76
1056	10919.32	12862.55
1057	11578.78	20293.15
1058	24961.3	8319.16
1059	18248.04	20697.93
1060	3341.05	18549.06
1061	25123.08	17008.74
1062	24145.73	11752.92
1063	10621.19	13240.29
1064	10193.31	21455.75
1065	69.38	3163.55
1066	12835.28	13808.18
1067	19832.45	21356.53
1068	16353.93	18283.25
1069	5688.93	27490.24
1070	2195.38	4250.93
1071	3829.73	11887.85
1072	3641.53	9834.35
1073	4119.75	6436.65
1074	21860.25	6980.4
1075	17434.17	13599.1
1076	213.6	7127.86
1077	2888.62	289.31
1078	12554.03	6624.58
1079	10404.46	21102.63
1080	21390.38	21084.79
1081	8546.06	18765.12
1082	22255.5	10393.71
1083	11646.93	23172.36
1084	10067.36	8616.36
1085	20962.16	7913.34
1086	17044.39	9311.96
1087	26896.16	4330.73
1088	23846.68	20023.62
1089	13383.32	4607.03
1090	9222.75	28718.65
1091	18009.7	9681.94
1092	27924.27	17431.69
1093	3318.33	10526.55
1094	15832.19	23898.26
1095	17330.89	16285.23
1096	23481.47	3540.72
1097	14227.14	2636.25
1098	23841.97	6811.12
1099	21091.08	27198.79
1100	11755.65	15709.29
1101	4097.51	27071.61
1102	16541.49	25158.88
1103	19420.65	11438.24
1104	25366.14	3591.59
1105	7930.87	20336.05
1106	26806.77	407.83
1107	715.33	3936.01
1108	15233.82	1905.79
1109	13645.64	27080.39
1110	17079.04	28353.5
1111	8522.56	6066.27
1112	15221.5	27363.32
1113	1074.12	14780.76
1114	20790.93	17392.44
1115	19920.68	28804.78
1116	6738.14	25393.54
1117	22836.43	8215.87
1118	4138.49	19892.02
1119	362.61	28038.6
1120	11316.19	2766.18
1121	11128.28	9786.45
1122	24820.13	15429.63
1123	11567.37	8905.27
1124	11424.8	115.2
1125	14210.64	17725.31
1126	199.35	23933.15
1127	9255.46	264.6
1128	25680.3	19931.69
1129	877.72	4521.82
1130	13335.47	13861.78
1131	12678.89	14682.41
1132	21716.53	17117.12
1133	18005.02	22652.25
1134	3342.3	22752.12
1135	11190.36	26888.4
1136	13711.8	18437.44
1137	9629.12	13329.63
1138	28905.8	23546.29
1139	23008.82	10339.07
1140	13561.39	11274.11
1141	3747.27	5742.24
1142	7489.6	19250.8
1143	11501.63	22051.81
1144	26252.68	13795.86
1145	17599.97	26036.62
1146	8357.59	27055.56
1147	15283.92	12513.72
1148	26921.39	1126.19
1149	19489.82	27771.61
1150	14017.07	15244.32
1151	19572.8	7933.79
1152	7894.97	11871.7
1153	28491.32	3477.52
1154	27579.64	5695.3
1155	23123.65	11782.76
1156	202.72	23846.03
1157	15320.95	17070.74
1158	22284.33	17626.92
1159	2854.58	4953.67
1160	20403.41	6141.99
1161	6790.77	11982.69
1162	14759.95	21978.98
1163	5198.03	1810.05
1164	20830.35	7323.07
1165	8460.93	24326.53
1166	26046.5	5805.42
1167	26390.35	487.14
1168	2940.12	4322.87
1169	25438.73	18412.9
1170	14866.87	17958.36
1171	8185.72	10381.63
1172	22523.21	26548.6
1173	21801.56	7031.93
1174	21115.36	4365.4
1175	3895.45	3464.13
1176	1701.51	20662.15
1177	17495.8	19968.35
1178	26285.13	7944.05
1179	5102.56	10954.59
1180	19625.82	6806.68
1181	22604.17	8832.26
1182	17596.06	27841.77
1183	20809.0	13833.46
1184	11245.88	8623.19
1185	26437.85	8465.27
1186	18050.87	13396.73
1187	21909.01	13710.32
1188	19185.97	18983.15
1189	15708.25	28031.49
1190	12386.43	19234.25
1191	13519.91	28557.56
1192	13770.57	18248.38
1193	5016.33	17586.44
1194	8762.33	12676.83
1195	26025.02	2561.85
1196	23288.29	26173.87
1197	6341.7	10675.83
1198	1821.29	7230.56
1199	18520.33	9831.74
1200	10015.86	17879.71
1201	25926.17	8923.06
1202	1637.37	12.38
1203	28946.01	24740.19
1204	1109.49	10823.75
1205	23413.32	5772.21
1206	24813.97	27219.42
1207	6941.04	8194.34
1208	8762.79	24893.22
1209	5369.86	6878.44
1210	8201.55	3095.26
1211	13619.21	23731.35
1212	6714.63	22047.29
1213	5002.74	10147.4
1214	21296.99	12487.45
1215	16532.67	16301.27
1216	16272.76	19753.76
1217	21529.53	22239.15
1218	25548.02	13745.37
1219	19129.66	3479.15
1220	24318.58	17882.66
1221	6591.87	24353.3
1222	3987.62	24131.98
1223	11409.34	22080.3
1224	25607.55	10161.69
1225	21735.18	24446.32
1226	22525.39	456.2
1227	25373.85	16692.75
1228	12173.36	14065.71
1229	269.65	15109.23
1230	283.46	6856.6
1231	4964.39	12326.48
1232	18316.02	2280.9
1233	24610.19	26582.25
1234	13930.94	15884.53
1235	24074.26	7478.65
1236	17253.8	2.28
1237	25077.73	2689.21
1238	20629.54	16189.78
1239	25186.44	26806.11
1240	8445.53	20173.03
1241	11880.08	25008.65
1242	16342.34	12776.53
1243	19520.1	7916.63
1244	9812.14	5444.13
1245	8700.1	3070.85
1246	22852.73	21768.7
1247	13807.49	19934.73
1248	2989.39	24229.24
1249	13498.09	19901.58
1250	25007.65	6836.17
1251	17860.06	23523.51
1252	17997.64	9485.75
1253	27832.74	22532.59
1254	9173.89	541.76
1255	22393.14	27239.19
1256	17437.57	12937.34
1257	21022.08	3138.46
1258	11838.79	25630.02
1259	12817.72	14379.24
1260	3520.06	21151.01
1261	24486.61	17078.18
1262	15588.51	27624.8
1263	4428.95	28618.35
1264	6348.65	3243.14
1265	4315.24	14685.96
1266	7899.87	28735.08
1267	14004.98	14227.24
1268	3279.27	10996.06
1269	21108.43	23934.45
1270	26127.15	10807.49
1271	25974.73	6365.19
1272	22415.91	17128.5
1273	28032.54	28299.14
1274	19096.81	8506.6
1275	28657.0	12362.3
1276	13009.37	25257.24
1277	12609.15	22092.87
1278	10849.76	16950.29
1279	8950.92	21618.45
1280	27138.77	2225.25
1281	25933.1	9311.79
1282	7643.05	9574.55
1283	17697.95	26715.17
1284	14372.78	2645.83
1285	17947.43	19632.06
1286	3917.98	28997.44
1287	18641.88	5794.9
1288	10745.71	23129.69
1289	15336.11	3631.69
1290	24538.82	15268.79
1291	13159.15	28140.25
1292	11743.04	24833.06
1293	17742.72	23009.36
1294	4631.22	21891.1
1295	13928.29	1897.56
1296	1786.02	26782.56
1297	9801.47	17036.6
1298	23320.43	7046.17
1299	22046.67	9874.05
1300	25475.35	20830.66
1301	22001.13	9620.5
1302	8075.97	26906.41
1303	2735.15	427.75
1304	7733.25	28036.11
1305	15149.24	15811.04
1306	21274.4	16398.01
1307	7049.29	9670.03
1308	6064.21	15479.81
1309	862.42	17523.17
1310	20186.66	21712.27
1311	20310.01	25881.76
1312	14344.35	1984.26
1313	26299.9	20953.97
1314	1794.85	4698.52
1315	7320.76	10310.15
1316	25159.91	6887.22
1317	9172.94	5457.04
1318	4441.69	18484.38
1319	17694.35	3114.69
1320	17298.4	23491.11
1321	13142.55	1643.57
1322	25186.12	21513.31
1323	19741.51	6439.21
1324	1950.82	20640.1
1325	2321.78	3719.28
1326	10906.61	7020.9
1327	15818.86	13833.67
1328	114.98	15495.47
1329	15719.98	18297.27
1330	25957.4	26343.19
1331	22148.01	5331.33
1332	10657.81	1991.99
1333	15468.93	14821.66
1334	25191.21	19509.59
1335	1997.23	19361.89
1336	24953.89	21046.28
1337	3335.32	3112.1
1338	11054.24	9081.93
1339	6600.66	24230.2
1340	22582.89	21119.35
1341	6050.88	5832.37
1342	26098.21	25759.19
1343	16261.38	26088.86
1344	15477.82	10294.6
1345	13698.5	15987.93
1346	13840.85	4323.8
1347	21780.43	28544.99
1348	11450.39	23600.87
1349	25081.79	22755.44
1350	8560.07	16852.54
1351	10294.44	21989.22
1352	27141.05	5895.1
1353	929.07	27812.32
1354	12197.98	23093.65
1355	17209.52	9117.74
1356	21498.07	1850.23
1357	10119.53	24639.51
1358	10290.57	5707.66
1359	2248.45	10251.67
1360	9259.1	20033.2
1361	16132.59	4776.21
1362	12372.2	17290.8
1363	22787.85	7338.21
1364	13871.95	11841.01
1365	7636.32	22490.16
1366	22656.24	11455.42
1367	18001.52	16253.17
1368	28579.02	13184.8
1369	21508.77	7805.89
1370	15146.13	27226.05
1371	15846.83	23468.2
1372	4181.48	8386.7
1373	8887.9	7831.46
1374	6995.31	25687.74
1375	28589.39	3178.81
1376	23493.1	8512.41
1377	17313.36	27340.23
1378	20554.41	18083.6
1379	18790.51	15757.1
1380	16851.54	21405.0
1381	1385.1	25183.7
1382	7855.73	7853.19
1383	8715.26	1425.69
1384	12361.85	24409.29
1385	4831.04	18351.85
1386	26507.54	12305.61
1387	11182.37	3636.88
1388	20195.79	11118.96
1389	23321.96	25763.22
1390	7844.36	2090.03
1391	5799.9	8352.53
1392	11152.25	17625.67
1393	14719.32	28731.39
1394	28371.56	22691.9
1395	24100.09	13686.67
1396	11329.06	9897.2
1397	20716.21	27479.06
1398	27649.58	25911.28
1399	28455.18	10787.94
1400	11265.14	841.33
1401	14514.85	14678.13
1402	23789.75	15641.14
1403	19887.52	2395.33
1404	23421.36	21304.01
1405	2681.07	4075.18
1406	6160.06	10797.51
1407	920.61	1664.79
1408	3854.6	16485.43
1409	28391.6	5997.16
1410	9337.18	22722.0
1411	10220.32	6265.58
1412	18059.49	24652.71
1413	3417.12	2150.17
1414	3792.49	18332.99
1415	24565.97	22125.57
1416	12757.69	5404.61
1417	829.56	6836.71
1418	6680.9	20949.87
1419	10772.02	7490.83
1420	24546.7	26437.23
1421	3171.46	4117.33
1422	23952.6	20967.98
1423	14852.09	6133.0
1424	22314.6	20994.67
1425	25327.94	16399.34
1426	21382.32	16257.49
1427	4166.95	23809.38
1428	23468.61	9961.03
1429	26179.56	11639.59
1430	9006.6	21243.78
1431	1722.98	18220.74
1432	22153.97	20935.91
1433	22426.99	13807.97
1434	9510.87	19518.07
1435	9607.75	3594.94
1436	8782.05	22917.81
1437	12187.42	27543.61
1438	28332.01	773.65
1439	13231.16	23232.16
1440	20862.85	14575.42
1441	2229.97	12003.15
1442	6727.91	24139.44
1443	14049.2	6496.73
1444	5207.95	882.93
1445	22183.0	6190.7
1446	6342.82	17745.39
1447	26125.98	11680.45
1448	8905.34	11429.73
1449	20360.75	10788.36
1450	25725.63	7192.51
1451	19224.06	28718.96
1452	20459.91	19451.2
1453	19475.0	9188.42
1454	20517.2	26738.68
1455	10001.12	17030.14
1456	21170.8	25012.46
1457	7409.99	5746.35
1458	5411.34	9761.86
1459	14407.57	16879.98
1460	4328.15	27760.36
1461	22756.38	3987.05
1462	27930.56	26933.84
1463	3432.31	7502.62
1464	12333.43	20088.71
1465	23726.73	27724.11
1466	24880.17	13932.66
1467	369.9	1295.81
1468	25995.6	776.59
1469	16707.66	5749.12
1470	20399.6	3175.56
1471	25814.85	12416.46
1472	17199.34	14870.2
1473	11597.58	18769.54
1474	746.01	19961.5
1475	18012.45	23162.46
1476	2972.03	11881.15
1477	24341.93	5431.55
1478	8761.21	7119.63
1479	7855.92	5891.86
1480	4450.77	18987.3
1481	12360.64	22476.85
1482	23036.76	27274.7
1483	17548.98	15660.34
1484	21864.66	12896.02
1485	24032.23	28375.32
1486	27688.77	3123.54
1487	3772.81	19713.4
1488	21967.36	3225.2
1489	11714.77	1202.45
1490	4107.64	26113.28
1491	27422.12	2190.75
1492	11187.93	20058.73
1493	22645.01	19909.49
1494	16509.46	9400.83
1495	19349.53	19522.96
1496	1469.94	13070.28
1497	14228.85	1252.25
1498	12961.87	15405.12
1499	7516.35	5674.27
1500	27797.32	22522.45
1501	932.76	11510.34
1502	7258.48	27207.88
1503	26920.38	20902.52
1504	24521.26	7842.1
1505	11876.82	6227.66
1506	20525.01	16847.73
1507	9755.92	16396.69
1508	14744.64	9143.02
1509	26707.04	2129.85
1510	18723.08	12684.8
1511	15810.68	22039.07
1512	10974.52	17934.0
1513	25961.87	16329.7
1514	16346.11	16232.02
1515	11166.12	690.19
1516	9751.71	25172.22
1517	27204.99	23597.76
1518	19497.98	7742.16
1519	26524.82	22634.69
1520	22268.91	16019.13
1521	23679.02	28688.83
1522	271.5	23284.73
1523	14915.46	10316.5
1524	13767.5	27609.93
1525	13778.09	3273.36
1526	10558.7	22828.17
1527	26307.02	4919.01
1528	20823.01	24692.54
1529	2133.56	10294.83
1530	19287.01	14562.22
1531	17291.73	25103.2
1532	8398.86	16743.88
1533	20390.0	23564.52
1534	4992.71	17133.8
1535	28759.23	12994.94
1536	15541.91	15495.5
1537	10809.04	13784.2
1538	15271.91	20555.54
1539	14073.42	21707.66
1540	17862.33	9868.47
1541	15572.53	20126.51
1542	5835.62	11178.99
1543	1814.2	28380.87
1544	2965.35	24910.22
1545	17156.55	10661.58
1546	17367.42	63.76
1547	19758.25	22861.39
1548	28549.5	14257.5
1549	28157.26	28696.95
1550	21604.87	14938.74
1551	21575.46	11355.04
1552	23952.76	12578.16
1553	9328.28	23890.52
1554	28316.35	1469.29
1555	11760.38	5961.18
1556	20326.27	7442.25
1557	9960.73	13626.47
1558	21851.71	13982.22
1559	27273.32	22194.21
1560	27658.68	7688.63
1561	15329.6	25463.38
1562	5007.73	9570.3
1563	19884.78	17020.81
1564	22224.05	20288.91
1565	2499.07	11287.83
1566	19826.43	19129.65
1567	7660.78	1494.31
1568	27532.81	26875.85
1569	26753.73	6324.91
1570	14823.74	5496.77
1571	7907.96	22920.5
1572	14940.11	1402.93
1573	27190.79	5265.37
1574	25080.71	10980.02
1575	13754.79	18220.0
1576	13241.18	9588.1
1577	19170.39	11683.01
1578	27297.77	10519.19
1579	15505.19	18778.73
1580	23224.47	12310.03
1581	5656.56	15026.81
1582	28026.14	24255.21
1583	4305.06	24423.99
1584	18785.4	5878.65
1585	8584.79	5314.53
1586	5239.55	5852.3
1587	27271.9	3368.71
1588	18537.1	16084.5
1589	28196.99	1336.18
1590	5821.7	11682.2
1591	16642.43	12869.72
1592	22963.11	5956.98
1593	9375.52	26655.09
1594	6495.2	17094.03
1595	9145.9	245.12
1596	18761.38	21129.65
1597	24685.22	5050.3
1598	3392.48	8733.48
1599	15654.63	7622.36
1600	10688.14	27684.84
1601	25602.62	2217.4
1602	25311.6	16490.51
1603	24606.1	8684.86
1604	17947.08	5008.36
1605	22631.9	18605.16
1606	7620.88	16518.13
1607	17083.08	12038.85
1608	24222.8	16286.88
1609	23430.88	7613.65
1610	20149.71	16721.01
1611	17149.12	5241.1
1612	10427.88	17400.96
1613	28031.94	3541.37
1614	27044.14	1879.68
1615	17388.31	18457.57
1616	9763.33	11946.6
1617	7083.47	615.98
1618	19601.02	23409.95
1619	5783.08	823.8
1620	20898.65	25695.02
1621	27614.3	27803.02
1622	9415.34	14069.96
1623	21122.02	15987.32
1624	2157.3	18812.63
1625	26270.04	10913.96
1626	18998.07	15576.87
1627	13130.05	1254.72
1628	22361.47	658.15
1629	18738.11	10838.26
1630	18750.31	17658.97
1631	18170.33	9906.4
1632	25918.61	21213.63
1633	27982.87	20936.82
1634	17986.85	7395.67
1635	6259.34	9042.98
1636	6348.89	12732.56
1637	17701.49	9580.59
1638	4228.3	12836.57
1639	9851.89	11589.63
1640	5568.67	23268.93
1641	16402.93	28140.67
1642	18754.61	27592.54
1643	24530.41	263.71
1644	5721.42	25815.58
1645	2631.16	9343.99
1646	18478.33	7611.46
1647	18832.68	8427.35
1648	7318.12	6885.77
1649	28609.43	24522.96
1650	7735.46	8088.16
1651	15343.59	3571.62
1652	27003.1	25240.69
1653	3308.3	25713.15
1654	1816.18	21685.92
1655	8270.94	13874.62
1656	9120.78	24380.41
1657	3438.22	11772.04
1658	28447.24	22546.01
1659	1823.06	2905.24
1660	8438.23	1193.51
1661	13564.42	14250.67
1662	14795.59	2181.2
1663	21484.44	4923.69
1664	19970.55	4024.18
1665	1054.18	3011.52
1666	7650.49	4222.92
1667	20197.62	9730.56
1668	975.05	8500.04
1669	1901.77	10338.73
1670	23010.73	24687.79
1671	11454.03	14686.54
1672	17018.9	3323.19
1673	20955.46	14998.99
1674	17642.44	1939.44
1675	913.5	27566.76
1676	4540.87	24543.43
1677	24180.95	25056.75
1678	8078.83	19960.58
1679	2214.46	4468.71
1680	23866.9	4317.68
1681	8228.67	19013.45
1682	25105.42	24045.26
1683	17221.71	13492.76
1684	3336.45	3128.92
1685	18889.52	13994.45
1686	11051.89	27270.61
1687	16271.14	16833.8
1688	12456.58	10742.75
1689	24785.07	20154.84
1690	25835.52	18598.89
1691	25450.17	18287.46
1692	18876.95	17461.48
1693	7947.68	7920.35
1694	20962.01	6026.09
1695	12671.06	13845.77
1696	18328.47	13552.1
1697	18953.85	9463.24
1698	22571.38	22870.62
1699	13041.34	5264.49
1700	7222.95	6344.92
1701	13167.36	11362.14
1702	1288.98	6171.78
1703	8054.37	4086.59
1704	5195.7	12155.28
1705	5963.24	28725.67
1706	8215.92	16470.71
1707	18217.34	9530.28
1708	21076.75	19900.37
1709	11585.86	13460.7
1710	10567.58	19884.47
1711	5158.3	9812.45
1712	21294.63	1865.25
1713	8856.13	7681.09
1714	21446.99	11549.36
1715	18316.48	19475.99
1716	19298.55	18697.68
1717	22602.86	20738.59
1718	1396.58	25698.07
1719	18276.81	14599.88
1720	27830.96	28718.74
1721	19732.59	1173.48
1722	18948.24	24998.65
1723	16163.75	8596.31
1724	1869.8	27442.9
1725	681.0	18803.45
1726	4250.45	16531.32
1727	1408.18	16171.74
1728	5958.64	14824.71
1729	20098.43	23855.88
1730	20335.44	25289.15
1731	20170.58	22207.86
1732	5051.5	27582.27
1733	26066.91	24908.48
1734	19535.89	13904.63
1735	13105.54	25380.08
1736	11450.19	14767.54
1737	13683.44	16164.21
1738	28285.32	9977.0
1739	6272.6	25091.11
1740	24959.74	2704.87
1741	24008.86	10858.47
1742	20724.37	14105.3
1743	3179.27	10899.47
1744	19776.72	1510.53
1745	13103.49	19992.76
1746	25812.09	18381.91
1747	10432.09	27658.2
1748	25324.09	15393.36
1749	14129.07	14048.74
1750	14344.58	10936.56
1751	7631.57	23351.19
1752	20637.65	6997.7
1753	4493.28	18028.87
1754	14831.07	17148.05
1755	17497.53	28113.36
1756	3223.31	13471.45
1757	23808.27	13888.47
1758	15743.05	13600.79
1759	5861.68	5380.03
1760	22648.91	2122.05
1761	1156.71	19594.53
1762	19733.54	26898.95
1763	9903.36	21885.92
1764	3886.68	9406.5
1765	16623.7	1319.28
1766	17114.19	14847.82
1767	4173.39	23095.52
1768	25947.41	8577.25
1769	28138.78	3775.46
1770	23339.31	6893.34
1771	26580.77	15513.06
1772	24553.78	18808.26
1773	22937.39	2181.5
1774	24781.21	25516.41
1775	4464.25	11228.83
1776	5874.94	2668.7
1777	28108.34	1571.02
1778	4147.06	27376.77
1779	8189.6	23809.96
1780	26745.85	14364.09
1781	10284.77	6024.41
1782	12716.25	4231.33
1783	7307.29	12096.59
1784	8013.0	3004.32
1785	9940.04	14256.7
1786	20555.62	14148.49
1787	19031.21	9838.83
1788	13612.06	21487.38
1789	1074.51	8135.86
1790	95.72	16261.9
1791	7200.61	1655.98
1792	97.57	14741.71
1793	6516.49	5591.64
1794	13147.38	19609.71
1795	12731.77	13024.86
1796	11276.83	23512.89
1797	27819.31	18479.43
1798	3229.72	20335.89
1799	28493.98	23102.53
1800	15662.94	25253.26
1801	162.49	1035.92
1802	3891.97	15749.41
1803	6226.25	25905.83
1804	6568.38	16531.27
1805	26.29	1667.12
1806	5363.41	14006.45
1807	17959.43	17226.45
1808	8226.17	22435.54
1809	2915.95	22075.69
1810	18073.81	14807.97
1811	8408.19	13184.07
1812	18176.38	28182.8
1813	13000.48	15949.27
1814	16747.96	4229.85
1815	23745.99	24575.42
1816	14883.15	15789.67
1817	11481.34	23078.35
1818	9438.95	13321.17
1819	5513.72	21761.56
1820	10789.99	16731.37
1821	8242.08	18362.15
1822	23274.82	12384.64
1823	5678.46	28976.93
1824	15493.66	14913.28
1825	394.04	11142.24
1826	2411.65	12567.44
1827	25097.57	2924.08
1828	3697.16	18255.57
1829	6290.45	9892.42
1830	10382.63	13920.1
1831	1583.26	3074.46
1832	15199.43	13796.45
1833	24114.71	10455.05
1834	3579.13	12778.72
1835	25260.85	3538.16
1836	4813.77	21718.46
1837	21498.31	14298.09
1838	18404.8	14673.4
1839	27070.31	15350.51
1840	10781.97	24130.13
1841	10748.34	24463.84
1842	9151.18	23656.01
1843	17407.93	14531.55
1844	5948.41	13082.22
1845	23576.71	9055.15
1846	22614.15	14670.63
1847	12180.58	27115.87
1848	9494.0	14204.81
1849	1877.46	20866.12
1850	3611.56	27181.7
1851	19941.64	20848.44
1852	13460.89	255.11
1853	28759.99	22064.14
1854	12560.84	11740.21
1855	16038.2	145.66
1856	3432.09	9633.26
1857	25696.04	23855.27
1858	9045.32	19644.71
1859	3992.2	23719.79
1860	1405.25	12954.17
1861	22988.24	25371.15
1862	27275.14	13131.24
1863	13126.92	5656.42
1864	25870.78	21214.76
1865	8636.05	28510.83
1866	1917.05	16932.24
1867	7780.98	11899.14
1868	15164.16	7912.76
1869	16231.74	4221.46
1870	12732.99	7471.95
1871	5276.15	22589.31
1872	4451.65	10777.63
1873	27571.5	18922.67
1874	18255.37	4612.38
1875	17485.29	17156.72
1876	6693.15	19125.49
1877	21852.08	5973.79
1878	72.56	12708.96
1879	25565.61	16926.94
1880	18868.11	7156.82
1881	10147.77	18706.66
1882	16544.16	16921.2
1883	26810.29	13608.25
1884	16511.05	3328.54
1885	14980.95	689.84
1886	13197.52	17799.15
1887	19391.23	21911.75
1888	13966.41	19370.8
1889	28409.52	4503.3
1890	24936.43	27125.61
1891	22098.51	25806.09
1892	7082.8	22610.99
1893	28344.08	24043.02
1894	5136.03	21407.08
1895	17572.34	28452.58
1896	10309.02	20099.22
1897	17458.13	27389.61
1898	23689.46	19594.45
1899	2464.7	9608.27
1900	10508.58	18519.68
1901	20552.83	17201.08
1902	2784.5	7072.88
1903	23911.46	11104.95
1904	20790.52	19220.04
1905	24014.82	26735.33
1906	13586.07	528.97
1907	5486.12	16628.49
1908	25094.28	476.35
1909	28172.25	316.76
1910	2244.8	16416.16
1911	24695.99	5678.29
1912	27607.42	516.96
1913	5734.75	24496.96
1914	14629.31	18787.99
1915	23974.02	16991.27
1916	19405.69	2121.08
1917	26670.78	8853.5
1918	8010.12	26557.94
1919	23032.82	2666.42
1920	18332.02	126.93
1921	22113.36	4254.05
1922	8576.07	10314.72
1923	6016.29	21497.02
1924	10264.73	23947.82
1925	11734.23	282.92
1926	17862.39	23880.66
1927	17509.99	9105.63
1928	17162.66	19662.54
1929	4352.66	26291.3
1930	1147.87	9461.27
1931	14033.67	10702.3
1932	5580.03	21497.63
1933	1233.49	72.86
1934	454.37	27526.46
1935	17584.74	10819.74
1936	22124.21	9772.79
1937	25756.38	15508.09
1938	1538.79	26360.06
1939	5917.94	12546.63
1940	15006.37	6906.55
1941	2778.27	19903.69
1942	13446.39	10133.99
1943	868.85	13268.44
1944	16493.6	18802.32
1945	21371.1	19338.36
1946	25006.25	8171.25
1947	3059.06	17613.6
1948	1417.64	16422.54
1949	19438.6	17990.45
1950	13274.42	22762.25
1951	7086.36	13124.91
1952	23553.3	8793.03
1953	27826.79	13692.7
1954	13610.13	9014.93
1955	3401.24	2899.19
1956	2693.85	6000.91
1957	5197.51	13980.62
1958	7195.66	2177.89
1959	25853.03	507.45
1960	14330.81	18221.32
1961	1925.86	23719.91
1962	28235.21	23575.0
1963	840.21	2400.54
1964	9162.08	20203.63
1965	19872.27	20218.91
1966	10142.43	7173.08
1967	27491.75	6540.46
1968	28048.81	14120.59
1969	4357.0	2525.04
1970	16688.73	653.89
1971	16263.51	2139.52
1972	25448.36	4436.15
1973	5669.25	4079.0
1974	11032.37	7655.53
1975	8555.44	7041.61
1976	17805.69	26439.3
1977	27861.12	14984.45
1978	20976.3	24186.34
1979	4343.74	8254.86
1980	14765.7	18697.06
1981	6080.29	20483.1
1982	1519.74	27473.23
1983	21675.23	24192.91
1984	8388.77	3712.61
1985	16229.81	23282.46
1986	12636.51	16844.87
1987	28222.5	482.72
1988	8283.23	27022.4
1989	11411.67	18096.93
1990	13730.91	6481.88
1991	4898.77	18342.99
1992	12139.68	178.04
1993	23881.1	19939.51
1994	26964.54	13328.87
1995	22506.76	25575.86
1996	8446.1	12630.85
1997	2423.73	3634.75
1998	27625.54	22789.83
1999	28704.35	20864.85
2000	14707.41	5606.76
2001	24614.38	25991.86
2002	6162.77	13933.78
2003	24976.98	15704.19
2004	28147.5	15323.88
2005	17078.45	18630.63
2006	28454.19	13372.11
2007	13164.24	26559.86
2008	2426.46	15503.22
2009	14776.04	6228.42
2010	15910.37	4008.08
2011	19001.1	22603.12
2012	27154.0	1866.11
2013	18429.97	4746.74
2014	16514.94	24185.15
2015	26047.84	8152.65
2016	17696.06	27913.67
2017	6184.85	18985.36
2018	5681.09	18197.29
2019	10329.2	888.05
2020	14702.19	26340.31
2021	5436.14	12921.35
2022	12090.96	6505.38
2023	3389.36	14049.69
2024	6542.82	4389.06
2025	26433.95	18046.5
2026	12436.17	18439.85
2027	4261.99	28972.27
2028	20850.67	7349.26
2029	15266.94	21965.31
2030	11922.4	14557.09
2031	7360.47	22651.62
2032	28848.05	5490.97
2033	15051.32	6788.81
2034	27662.79	19165.01
2035	10574.92	8080.83
2036	25044.97	10939.57
2037	24677.83	9558.57
2038	7542.72	16323.39
2039	7096.02	27033.47
2040	10654.0	25904.82
2041	7637.79	26636.5
2042	24341.46	7671.25
2043	24067.85	16611.35
2044	11846.54	13754.55
2045	6305.15	26199.92
2046	11921.09	22734.85
2047	4524.9	4495.59
2048	780.89	14196.74
2049	5748.91	9036.47
2050	21063.65	6530.62
2051	9317.02	5782.49
2052	27145.93	12429.66
2053	8312.3	26716.98
2054	11527.4	11573.43
2055	11373.61	17238.47
2056	25444.29	18006.08
2057	13527.17	16620.91
2058	26447.79	7465.23
2059	8286.64	26803.74
2060	13279.28	2149.59
2061	28225.63	21664.71
2062	18578.63	21169.24
2063	8574.09	15748.54
2064	19798.29	21388.86
2065	21311.29	26133.48
2066	8072.09	27480.71
2067	13250.04	19311.85
2068	10319.61	4608.5
2069	7064.52	3727.13
2070	11743.27	19232.36
2071	9612.81	23926.52
2072	15853.47	4941.75
2073	8395.73	8052.37
2074	15766.27	14384.37
2075	13407.25	20378.09
2076	13065.16	3094.45
2077	24839.37	1073.09
2078	26833.26	20737.38
2079	19706.0	26238.77
2080	15619.77	7054.44
2081	11194.88	25214.17
2082	21387.77	13701.76
2083	24475.61	9392.52
2084	25226.29	3428.16
2085	22710.88	2009.39
2086	5524.97	9639.0
2087	18280.38	26022.86
2088	2995.82	1752.79
2089	10303.09	20454.29
2090	14571.78	19652.84
2091	23704.09	21321.35
2092	14598.33	11622.49
2093	23014.77	22868.63
2094	6299.94	9210.97
2095	17891.88	9705.31
2096	4283.95	1260.73
2097	8806.34	20928.65
2098	4783.51	20756.22
2099	9241.53	22147.95
2100	27455.25	22853.35
2101	15830.5	20500.14
2102	2209.52	28127.5
2103	11447.27	6224.86
2104	21824.84	1618.33
2105	19282.3	10243.62
2106	28094.06	16429.3
2107	17260.12	3843.33
2108	25202.29	20119.17
2109	9948.73	6196.23
2110	21509.22	9982.62
2111	27933.26	624.38
2112	7590.79	21765.22
2113	1555.43	7351.59
2114	19124.49	14481.25
2115	16510.65	23893.2
2116	4661.22	24480.76
2117	14947.84	11081.3
2118	8392.76	11025.21
2119	27086.8	12008.29
2120	9685.0	2176.49
2121	11825.96	10864.13
2122	1444.47	3165.88
2123	4468.74	26828.26
2124	5373.57	18816.69
2125	13065.27	10217.16
2126	28534.31	1892.94
2127	6976.29	22862.63
2128	25560.72	198.26
2129	7826.63	4954.69
2130	20609.58	2832.89
2131	336.74	13120.15
2132	9390.74	20731.07
2133	28213.47	1110.71
2134	24451.69	15372.87
2135	13618.76	2757.4
2136	23539.78	11515.05
2137	11683.2	19968.28
2138	8576.0	18994.7
2139	21113.12	8922.91
2140	8212.85	23679.19
2141	6596.24	18115.89
2142	19959.6	17730.01
2143	15329.7	6214.06
2144	12959.48	19048.73
2145	3353.1	20759.31
2146	11490.47	3842.12
2147	16857.81	21608.1
2148	6967.66	610.45
2149	4970.08	10036.38
2150	20850.0	16661.88
2151	1023.62	25241.48
2152	23135.7	11247.22
2153	16165.84	2817.36
2154	9566.62	5075.99
2155	5837.02	13641.05
2156	4657.12	349.61
2157	18817.43	2352.21
2158	21101.41	14437.43
2159	4007.0	20488.9
2160	13135.62	15611.22
2161	4280.33	1217.37
2162	10358.0	17859.69
2163	17276.13	2762.06
2164	28681.98	26839.51
2165	18053.06	20159.74
2166	6145.12	1411.86
2167	2280.06	22994.31
2168	2.37	21049.66
2169	16865.56	11631.98
2170	27097.55	5862.8
2171	28546.18	6118.71
2172	14190.39	3973.72
2173	3622.8	6168.19
2174	16202.77	25074.86
2175	19317.34	26094.83
2176	4922.19	14372.65
2177	11824.8	21414.54
2178	17695.59	28025.5
2179	19928.74	23315.33
2180	4276.05	5216.11
2181	27701.64	6390.98
2182	15098.44	4331.75
2183	4963.93	8396.48
2184	28151.84	18919.61
2185	18048.73	18570.91
2186	9005.04	2232.22
2187	3880.81	21433.81
2188	26134.67	11560.53
2189	380.06	26519.73
2190	18064.29	26224.71
2191	16684.72	14930.04
2192	4320.65	5662.38
2193	18955.28	24878.46
2194	213.91	26193.32
2195	13574.13	16143.08
2196	28108.63	22692.1
2197	20551.96	23500.61
2198	24736.26	12897.53
2199	22233.97	22138.44
2200	15524.66	26625.11
2201	7051.1	26991.26
2202	1962.35	20034.81
2203	24552.17	17636.43
2204	26976.94	5436.16
2205	6795.37	874.47
2206	17353.49	9317.07
2207	17261.81	18121.62
2208	15599.26	2954.12
2209	25176.45	7901.66
2210	10287.34	5579.97
2211	13973.03	4011.13
2212	24223.72	7507.4
2213	8530.16	9291.64
2214	23139.9	8086.17
2215	17092.47	16918.74
2216	12518.66	26200.95
2217	13666.72	21522.7
2218	3899.5	28729.69
2219	7438.7	23881.55
2220	24509.7	8346.35
2221	13454.05	16505.55
2222	17361.16	18028.2
2223	17332.54	21382.83
2224	9714.23	16647.98
2225	12401.63	19199.56
2226	26497.97	3080.61
2227	18842.73	12082.35
2228	12211.53	23742.08
2229	20527.72	893.92
2230	17103.31	25085.43
2231	27283.0	28134.46
2232	6089.4	4823.68
2233	17945.33	15329.75
2234	22256.1	15481.01
2235	17320.89	26584.97
2236	14001.3	26787.46
2237	28799.85	28301.15
2238	23201.88	23120.29
2239	5874.26	19540.86
2240	3828.5	24239.0
2241	24574.52	18184.15
2242	5754.32	6734.21
2243	27297.18	15970.86
2244	8065.87	1839.55
2245	5735.16	12616.32
2246	15018.8	4822.47
2247	1262.02	10582.1
2248	16263.49	24149.89
2249	6696.54	7256.38
2250	26416.8	14567.56
2251	14790.06	22772.7
2252	25.73	11856.52
2253	17954.96	25061.91
2254	12035.77	1076.96
2255	17887.4	28809.52
2256	7642.97	12634.41
2257	22212.38	16125.78
2258	5413.39	11368.31
2259	17991.51	18293.2
2260	12358.98	14383.64
2261	8220.12	24298.54
2262	16119.03	12856.18
2263	1570.82	3162.31
2264	5592.86	2137.64
2265	11581.91	28696.89
2266	16143.13	754.48
2267	18814.39	357.92
2268	9800.24	20977.0
2269	9997.17	11425.36
2270	19273.94	28070.78
2271	7761.79	14794.35
2272	23665.92	21391.85
2273	4998.66	7395.17
2274	21123.84	19132.6
2275	14750.99	18595.64
2276	18338.06	28653.57
2277	20061.98	19003.0
2278	26171.06	17890.23
2279	25949.93	21134.33
2280	1746.93	26939.36
2281	23592.93	8763.88
2282	8747.38	9255.19
2283	19711.04	27842.07
2284	404.05	4905.36
2285	19485.06	2465.15
2286	27665.16	18151.45
2287	28601.42	2756.61
2288	6047.83	17875.71
2289	26398.78	3490.17
2290	11345.68	28034.33
2291	5068.07	11289.63
2292	15428.1	12985.15
2293	28103.43	16420.32
2294	7765.22	13603.03
2295	8063.7	15883.11
2296	5818.07	6862.23
2297	15621.2	27562.68
2298	367.13	5317.09
2299	25128.61	24254.12
2300	545.27	3321.17
2301	964.66	841.92
2302	18404.54	24172.76
2303	8981.49	4075.69
2304	13628.4	729.6
2305	5240.52	15286.31
2306	13511.26	6651.6
2307	5096.73	5595.77
2308	25094.51	20371.57
2309	615.14	27994.78
2310	21303.27	25197.29
2311	16437.3	4818.91
2312	26456.64	5436.07
2313	15994.98	16815.64
2314	21757.68	14255.32
2315	24678.62	12745.44
2316	24638.28	16343.74
2317	27089.3	7133.24
2318	2250.99	12560.05
2319	19054.96	15380.96
2320	27031.29	2495.32
2321	6599.21	5088.35
2322	21982.75	11376.34
2323	6920.38	4512.61
2324	6646.46	11952.6
2325	20506.25	23733.18
2326	9466.99	6884.57
2327	26316.95	15905.21
2328	9739.69	27570.75
2329	21326.46	23987.94
2330	24920.01	25339.22
2331	8887.31	15410.15
2332	24186.2	10969.4
2333	11973.11	9874.58
2334	16001.23	19868.35
2335	14989.91	14235.76
2336	19713.24	6797.75
2337	27842.16	882.18
2338	12474.35	28409.53
2339	14677.66	24138.0
2340	18378.05	23944.66
2341	2918.42	8939.03
2342	4120.01	27051.21
2343	12882.9	8868.46
2344	14313.11	10801.86
2345	7081.48	191.02
2346	27500.79	16447.92
2347	7595.5	13842.73
2348	17170.66	12562.09
2349	14101.22	1333.41
2350	21347.09	6514.32
2351	18852.54	2371.82
2352	24338.08	10026.76
2353	17703.31	28563.75
2354	4646.69	10196.42
2355	23275.93	6933.2
2356	2252.64	24972.7
2357	4060.78	26578.12
2358	21783.78	20002.08
2359	8175.52	13532.17
2360	16307.6	27957.4
2361	6546.36	14393.61
2362	21210.76	14383.71
2363	11252.76	20067.09
2364	26718.76	14181.55
2365	9677.41	6518.48
2366	4363.13	11577.12
2367	19086.94	16437.89
2368	15779.06	8370.84
2369	26018.38	13442.01
2370	19688.12	27448.45
2371	13052.25	7139.69
2372	18329.83	131.86
2373	23486.72	18123.94
2374	20809.73	12958.52
2375	27981.0	28263.27
2376	4517.02	6248.76
2377	26227.62	27920.0
2378	9730.28	15171.3
2379	21908.95	4069.76
2380	4785.67	25974.97
2381	14371.72	5836.87
2382	14389.25	7439.92
2383	22204.9	1762.69
2384	27272.04	4114.0
2385	4618.1	14734.98
2386	16313.16	22972.28
2387	5041.43	22697.61
2388	9033.07	20978.29
2389	7759.9	23485.48
2390	8735.42	27220.33
2391	3644.0	21394.53
2392	25631.27	16756.51
2393	7150.67	16099.11
2394	18977.98	3202.33
2395	1157.77	27144.48
2396	8017.91	1040.87
2397	22049.78	19818.88
2398	19402.22	12352.23
2399	7266.06	15608.65
2400	26107.82	8742.73
2401	4886.51	18371.06
2402	3445.79	12530.29
2403	9840.96	18767.74
2404	20378.0	17423.37
2405	17490.93	2765.74
2406	25519.58	16743.07
2407	10943.64	28120.28
2408	27609.18	9842.24
2409	25805.35	4983.16
2410	11740.52	12716.25
2411	13812.69	9188.37
2412	7258.04	3969.55
2413	14772.47	25839.25
2414	17865.03	2440.11
2415	1423.38	13376.38
2416	21278.5	16597.98
2417	27111.88	28948.95
2418	24029.4	20223.66
2419	15630.36	4638.1
2420	15355.57	7566.27
2421	28257.56	10235.74
2422	19064.84	14781.71
2423	13501.77	21145.97
2424	5563.87	8701.69
2425	15376.81	931.16
2426	25397.24	28194.96
2427	22104.85	10310.85
2428	13236.7	15814.41
2429	23073.12	3577.33
2430	26679.22	18848.35
2431	103.17	2668.03
2432	26220.3	14081.18
2433	13615.76	2671.03
2434	1272.33	3915.08
2435	26968.32	4700.1
2436	16753.32	3288.54
2437	15350.1	21843.18
2438	11720.12	11325.43
2439	17039.28	20920.24
2440	8016.47	24567.02
2441	4540.75	9301.21
2442	27379.09	19323.1
2443	14528.44	19867.48
2444	667.46	28528.0
2445	22157.32	3880.51
2446	15412.25	24050.45
2447	2216.13	17646.31
2448	12730.24	3400.18
2449	505.96	9196.16
2450	23812.52	25577.32
2451	20399.66	18939.96
2452	23110.61	14420.96
2453	24033.75	10018.32
2454	14282.91	10715.21
2455	3708.84	11524.32
2456	19496.52	14.83
2457	15107.51	11468.06
2458	27602.08	7382.28
2459	10474.08	3630.6
2460	21702.96	22133.21
2461	19306.9	3682.99
2462	16691.63	13978.84
2463	5159.75	20249.96
2464	12414.37	10420.52
2465	16732.78	9131.38
2466	12741.77	17212.07
2467	9273.26	24078.75
2468	26038.68	26501.82
2469	23976.39	18882.14
2470	10024.15	24632.61
2471	16478.82	17113.04
2472	16907.22	2076.24
2473	28632.12	20516.91
2474	19377.08	8413.11
2475	19743.25	1750.34
2476	28270.08	14666.62
2477	6276.06	1227.33
2478	19897.11	3053.14
2479	1012.81	28157.21
2480	26922.14	27998.24
2481	11989.21	24163.35
2482	16151.51	25403.5
2483	6613.48	2737.02
2484	7179.81	12429.61
2485	21465.6	21840.68
2486	6031.56	10370.95
2487	2063.22	28386.91
2488	14564.04	24904.74
2489	26443.67	4479.3
2490	14759.52	6713.9
2491	23491.5	9034.53
2492	2730.73	291.71
2493	22548.53	4278.27
2494	5791.93	6176.03
2495	5705.77	13269.88
2496	14302.51	15189.62
2497	15262.34	926.28
2498	6749.23	2576.73
2499	10043.55	26400.41
2500	14852.59	21858.93
2501	7280.67	2899.81
2502	2274.39	25553.73
2503	12421.82	27.14
2504	14620.93	23684.35
2505	22925.22	22132.93
2506	4480.66	24952.98
2507	2146.23	25865.07
2508	21422.6	20911.92
2509	26560.49	16601.66
2510	21569.98	3111.13
2511	19584.46	13987.1
2512	25326.6	6490.66
2513	26782.22	19926.04
2514	25000.17	13797.78
2515	5998.46	9095.9
2516	3501.34	5279.87
2517	23384.09	22410.6
2518	25281.9	2989.17
2519	2062.07	8442.45
2520	12925.05	27715.29
2521	23079.97	19294.17
2522	14863.77	170.12
2523	13348.39	20836.42
2524	1008.65	1731.83
2525	19808.16	20892.52
2526	1240.98	6331.05
2527	9527.88	3099.02
2528	23458.6	7077.92
2529	6572.53	27888.27
2530	10756.05	26812.26
2531	628.8	16207.36
2532	7977.22	5701.63
2533	20635.05	21734.54
2534	16306.91	14694.74
2535	15516.35	10401.11
2536	25434.18	915.92
2537	2493.27	14057.83
2538	15605.99	28210.22
2539	14018.35	14340.97
2540	4815.68	4224.8
2541	88.8	26865.3
2542	7274.27	12417.35
2543	8773.29	14620.74
2544	2219.15	18513.5
2545	8685.67	26262.04
2546	17335.91	528.48
2547	27155.71	21977.53
2548	19249.48	1276.94
2549	9002.12	15053.41
2550	2005.14	16868.9
2551	16151.63	2061.54
2552	18169.99	15881.2
2553	4089.91	17038.69
2554	3022.71	27133.68
2555	23102.06	27949.29
2556	16216.46	14507.53
2557	2222.93	20273.17
2558	24384.19	19009.66
2559	9277.99	6222.83
2560	6574.83	26375.96
2561	3709.15	106.54
2562	7881.6	16069.8
2563	19329.7	4211.79
2564	2370.83	84.45
2565	1275.22	7394.55
2566	2353.46	13881.47
2567	22709.43	5814.15
2568	14920.62	8449.24
2569	8196.72	20947.12
2570	11173.63	8621.74
2571	14053.93	19454.46
2572	15884.69	26103.48
2573	3744.66	7463.16
2574	19998.84	11513.67
2575	8936.15	25620.04
2576	13178.65	24977.44
2577	7898.74	3293.15
2578	3863.61	18492.14
2579	1043.64	18696.31
2580	9681.88	24352.53
2581	26080.04	17331.34
2582	3459.76	26092.47
2583	16788.36	13384.93
2584	7266.15	12093.56
2585	22555.8	5338.25
2586	712.24	4321.92
2587	7884.09	2238.26
2588	11172.22	24490.28
2589	22472.76	21667.29
2590	7805.79	19871.98
2591	23614.41	21865.59
2592	8478.55	19155.19
2593	20325.09	9222.39
2594	18292.02	23581.32
2595	2087.08	7533.96
2596	28686.8	21354.3
2597	25488.11	8335.94
2598	14283.37	4387.31
2599	1542.56	21568.99
2600	5840.44	13834.11
2601	19245.69	9242.1
2602	18689.21	10984.1
2603	18077.48	18216.38
2604	23160.52	19776.75
2605	10527.6	11976.31
2606	18614.02	8182.3
2607	15968.28	12207.51
2608	7117.51	5860.7
2609	23359.42	11906.45
2610	26612.36	24597.39
2611	14993.08	6594.66
2612	174.15	13718.01
2613	14672.25	8468.11
2614	25894.96	14705.77
2615	15684.29	6878.0
2616	28588.85	20267.18
2617	738.33	27875.16
2618	6074.16	12456.61
2619	23221.61	4241.74
2620	11205.82	1864.41
2621	4119.5	21248.04
2622	21220.73	26438.77
2623	5575.56	23097.55
2624	715.92	19267.68
2625	15304.69	22526.9
2626	13585.49	28504.18
2627	26734.46	1295.63
2628	8624.76	16153.17
2629	334.79	24494.55
2630	20176.02	21191.32
2631	24891.72	11171.67
2632	26593.5	26120.62
2633	4493.42	23958.56
2634	25200.33	3522.43
2635	27763.78	20372.91
2636	11615.88	28558.68
2637	4740.48	20398.12
2638	6055.29	15604.79
2639	6633.34	20092.08
2640	5231.34	13905.79
2641	13861.43	11291.06
2642	10608.93	27821.57
2643	21528.48	10434.71
2644	8527.95	18785.05
2645	9653.2	20534.06
2646	24411.14	21180.75
2647	6068.46	12824.99
2648	6889.5	23181.44
2649	14517.21	27340.53
2650	23901.26	1377.47
2651	10169.57	15644.21
2652	13300.63	2426.49
2653	27055.8	1611.68
2654	6032.63	28289.37
2655	25596.62	24414.21
2656	27919.52	434.38
2657	27098.26	23664.66
2658	10548.39	547.8
2659	472.5	20755.24
2660	9982.03	2201.7
2661	21102.33	6855.09
2662	13678.75	2838.88
2663	3485.46	11681.35
2664	12143.36	17811.81
2665	6257.71	12824.47
2666	23221.59	8851.84
2667	18681.08	9464.95
2668	25502.35	19355.15
2669	12347.92	19309.8
2670	17046.54	7744.6
2671	17762.65	8937.75
2672	8792.9	1038.13
2673	23690.39	17282.6
2674	16549.74	17498.56
2675	5128.36	3312.1
2676	12442.57	138.22
2677	28145.23	5156.05
2678	27207.18	27109.51
2679	5966.09	13545.24
2680	21942.41	12839.22
2681	20343.97	1154.88
2682	13494.2	1047.53
2683	18450.2	25489.06
2684	21714.39	20618.52
2685	14974.96	20950.33
2686	23793.36	16376.27
2687	1653.23	22061.68
2688	16299.48	11953.27
2689	3573.46	8557.82
2690	25933.99	27470.76
2691	26382.54	12451.61
2692	17599.24	24186.29
2693	28514.82	13078.44
2694	23014.65	11315.41
2695	16937.45	4492.43
2696	20099.59	3777.42
2697	7302.35	28946.4
2698	7141.06	24510.69
2699	23110.2	4496.58
2700	6430.78	26829.9
2701	27523.77	7623.67
2702	10162.39	19204.78
2703	99.83	21487.81
2704	2763.19	730.15
2705	27095.3	15156.18
2706	11720.59	27622.02
2707	28801.29	6677.52
2708	20500.22	26979.57
2709	22208.7	15403.33
2710	28983.6	3306.61
2711	17834.03	527.35
2712	13987.22	28039.49
2713	24382.7	2960.64
2714	17773.28	14476.85
2715	1484.08	28032.0
2716	20754.9	17226.55
2717	8914.56	21937.86
2718	13599.67	7512.34
2719	12783.73	4312.1
2720	24821.6	13336.15
2721	19754.45	5780.46
2722	8011.74	14888.89
2723	6313.09	3271.16
2724	6568.21	26259.74
2725	1345.78	15906.1
2726	6390.23	20929.34
2727	20192.54	14706.82
2728	25810.63	2280.12
2729	9087.99	4518.93
2730	20637.28	25386.99
2731	11145.54	7108.93
2732	26352.1	13248.62
2733	5268.84	23110.02
2734	18206.57	19794.31
2735	5998.82	6193.37
2736	18449.11	17725.69
2737	9433.36	9932.2
2738	2596.63	22497.85
2739	26531.15	10945.23
2740	28203.87	28708.33
2741	2439.5	28961.65
2742	5598.97	4939.5
2743	7559.61	21146.87
2744	25652.94	18419.02
2745	28948.9	13776.97
2746	5990.7	26395.6
2747	28696.31	615.17
2748	13427.55	21939.99
2749	4784.68	2672.05
2750	16170.0	2889.59
2751	4708.42	4666.16
2752	911.5	20561.03
2753	14880.21	20098.11
2754	16983.52	15563.01
2755	9567.12	19441.07
2756	15120.79	25451.69
2757	6065.67	27167.69
2758	18183.18	22062.28
2759	20519.65	12895.64
2760	1915.11	22150.94
2761	833.22	13043.79
2762	23726.12	15868.86
2763	1805.89	19669.47
2764	4437.59	16111.23
2765	16980.06	10582.69
2766	13115.93	17745.3
2767	28788.68	23234.67
2768	13413.22	23267.66
2769	24568.46	11747.84
2770	24105.12	9592.56
2771	1466.39	14733.02
2772	4364.66	22559.5
2773	28939.74	6995.76
2774	18955.98	1916.19
2775	28657.67	6717.58
2776	28814.25	16383.99
2777	4300.93	3745.43
2778	4881.96	711.74
2779	2735.81	11498.76
2780	13589.37	24654.51
2781	9535.29	20068.73
2782	3242.17	10012.2
2783	9469.61	24028.67
2784	14984.93	13590.32
2785	20777.94	3960.55
2786	14220.37	1441.88
2787	711.67	5370.87
2788	22657.18	28969.12
2789	24403.88	5838.35
2790	6303.59	20667.5
2791	8478.27	10672.1
2792	24286.57	16942.15
2793	10675.16	13108.31
2794	10310.25	17493.76
2795	28045.05	3592.0
2796	10918.09	18739.37
2797	24584.91	19481.78
2798	5876.44	15807.4
2799	11857.5	20682.15
2800	4627.54	15071.35
2801	17723.33	28050.94
2802	23061.05	18541.3
2803	154.12	7120.92
2804	6503.87	3514.41
2805	22940.34	14835.95
2806	27238.2	10363.31
2807	16018.87	23589.46
2808	18039.09	5657.3
2809	8311.56	17775.77
2810	16.19	11903.85
2811	17542.12	26650.71
2812	11971.36	6765.34
2813	3398.25	18280.75
2814	6527.11	15223.94
2815	16946.45	21071.36
2816	12238.98	19378.41
2817	738.05	19657.3
2818	7339.81	10795.61
2819	8718.6	16033.92
2820	26728.07	22259.7
2821	13910.37	25277.54
2822	17664.41	1955.16
2823	27004.66	14723.42
2824	2148.68	18711.96
2825	2351.57	3527.21
2826	2218.84	20128.31
2827	1024.07	21812.88
2828	21910.89	7777.54
2829	4630.82	24018.35
2830	18613.1	141.32
2831	13764.47	12661.29
2832	670.28	5344.47
2833	16518.4	875.33
2834	25255.63	18724.02
2835	2004.03	1143.1
2836	6096.18	9687.81
2837	7130.71	27387.14
2838	5203.88	27635.78
2839	1784.89	19645.81
2840	18936.72	26411.17
2841	27732.65	24669.99
2842	9183.7	13064.84
2843	9580.07	1290.33
2844	21028.79	3635.54
2845	23102.87	10238.41
2846	19134.35	11487.89
2847	11090.12	14034.01
2848	28955.54	27336.61
2849	3747.29	17757.32
2850	14881.6	19830.8
2851	9535.43	7850.01
2852	19301.57	4388.26
2853	892.24	12994.12
2854	13119.12	2445.09
2855	17053.84	5043.61
2856	24467.27	13242.23
2857	12605.54	16751.19
2858	4951.6	22743.33
2859	28424.62	4094.39
2860	22429.69	25949.78
2861	19294.38	4551.99
2862	11469.35	28657.2
2863	23092.62	26889.85
2864	9278.77	8318.72
2865	20166.43	9564.71
2866	10915.41	10083.56
2867	23643.57	14926.02
2868	1205.05	916.27
2869	5378.71	21507.94
2870	7162.07	19167.94
2871	17932.94	1809.34
2872	20848.77	21574.45
2873	27374.78	21764.97
2874	4214.43	8597.8
2875	22959.0	16550.28
2876	18661.55	23201.02
2877	14563.88	14751.88
2878	22309.25	9047.38
2879	25408.38	27427.5
2880	17100.03	1671.88
2881	15046.08	27779.83
2882	2014.66	10748.73
2883	23707.44	15534.87
2884	25212.67	3578.21
2885	16466.84	10722.94
2886	6768.6	6343.53
2887	23765.1	28954.55
2888	8012.43	5669.35
2889	17708.31	21089.88
2890	5716.1	24742.92
2891	27410.79	5902.48
2892	6463.62	1107.82
2893	8880.92	7957.78
2894	4599.02	8261.24
2895	2351.36	24678.15
2896	13541.05	23650.21
2897	13441.74	7803.78
2898	23380.93	7119.54
2899	26924.75	27736.82
2900	17380.47	13320.53
