1	15012.55	13143.1
2	11337.68	9681.3
3	11018.48	15219.48
4	12702.96	14643.21
5	6918.35	17845.05
6	18876.05	9499.0
7	6886.66	527.5
8	17430.29	17787.15
9	6071.79	3679.95
10	8242.62	16364.3
11	15204.84	14282.54
12	5535.33	9505.42
13	18321.69	1013.94
14	7974.85	16604.78
15	12478.22	14201.98
16	18498.23	10009.24
17	8079.98	8252.37
18	11677.68	5669.69
19	3822.74	5810.76
20	7542.56	4192.97
21	11481.3	17758.84
22	5410.79	15520.02
23	9947.65	14314.29
24	12586.49	16070.93
25	7531.77	6882.92
26	5642.96	12274.07
27	522.07	9896.91
28	13909.12	2554.22
29	9731.52	11759.95
30	6870.6	5603.97
31	2542.61	4357.72
32	16322.2	443.41
33	12854.22	998.1
34	8360.74	10498.82
35	13053.71	18500.33
36	853.04	9984.41
37	12083.55	17693.77
38	1843.54	9565.47
39	7675.36	7955.05
40	16006.24	14943.57
41	3617.99	14394.19
42	5172.97	16278.64
43	4224.71	1792.53
44	5802.78	5333.58
45	6994.43	16216.01
46	8258.47	9948.79
47	18513.38	18431.51
48	1341.74	3833.7
49	1640.51	6134.65
50	3992.3	18384.82
51	10971.42	11967.97
52	5965.05	3330.61
53	11362.75	10285.55
54	10320.39	6473.36
55	4922.63	9845.38
56	16565.5	3044.63
57	11518.56	16677.15
58	4479.49	7574.88
59	7843.4	11370.06
60	451.88	14607.31
61	4816.79	1903.03
62	14773.85	4377.17
63	5591.85	14402.7
64	2103.14	16578.97
65	17442.14	10467.59
66	5382.59	5737.18
67	7137.51	15215.37
68	4596.68	16927.39
69	10402.2	9999.04
70	10586.81	14878.42
71	2308.28	8419.42
72	12411.16	5782.83
73	3323.21	2929.43
74	2963.75	3641.83
75	2932.02	3627.8
76	10023.36	10078.84
77	2434.63	17672.44
78	7029.51	11124.61
79	16787.0	5060.96
80	3985.24	10403.08
81	2666.84	2390.94
82	7457.77	2893.86
83	7031.34	8481.97
84	2454.43	16147.57
85	7402.59	17906.96
86	16162.11	6119.52
87	12158.18	10834.16
88	6779.08	17655.29
89	5211.02	10198.8
90	16747.66	13830.31
91	1728.8	10101.07
92	17551.13	6716.78
93	9801.47	8571.27
94	13108.1	14548.04
95	12352.71	15126.2
96	14492.35	10145.7
97	10144.39	15100.24
98	1894.89	2528.86
99	2589.56	3076.83
100	2541.98	2664.21
101	12602.97	9632.86
102	12030.02	11429.17
103	18351.66	10506.19
104	1058.92	9953.35
105	12490.6	17140.9
106	282.72	14049.77
107	5511.45	8336.21
108	12153.94	14049.1
109	13983.42	1959.34
110	18379.88	971.87
111	7075.26	7988.62
112	332.48	10585.47
113	8180.54	10746.86
114	17972.3	730.74
115	16779.87	9563.54
116	5081.23	16320.21
117	18040.58	5623.08
118	18262.01	2428.84
119	5887.43	10202.29
120	6660.91	10420.52
121	9279.46	12319.22
122	16677.92	7480.65
123	8099.28	6153.12
124	17110.07	5981.71
125	853.61	15402.91
126	9935.17	17331.17
127	545.7	7686.01
128	12046.88	4147.47
129	13618.77	4607.4
130	18318.07	1853.25
131	16741.16	7068.76
132	15915.98	12527.2
133	4295.52	3506.35
134	9002.7	7815.01
135	10265.64	6528.97
136	16934.66	1402.15
137	13593.43	9587.25
138	18470.1	16541.58
139	9976.01	7953.32
140	2566.1	14880.78
141	15583.27	7516.23
142	4441.26	3118.85
143	1873.05	9536.15
144	2977.64	2878.84
145	11254.49	6236.13
146	17230.43	14197.68
147	14786.76	3801.87
148	15219.43	8257.29
149	10066.69	1082.89
150	3559.37	7441.54
151	7551.74	16214.61
152	8498.39	13180.14
153	16959.6	7300.97
154	1567.99	5597.88
155	13273.55	10928.64
156	4261.5	10935.67
157	5757.83	12998.79
158	15562.59	645.12
159	15528.61	9811.43
160	9042.32	1915.6
161	18682.24	128.08
162	15988.08	6988.05
163	5757.67	18377.63
164	12431.82	15340.09
165	9328.12	7600.56
166	8051.33	4803.01
167	18525.35	1956.01
168	7638.89	2010.75
169	1537.29	407.62
170	14342.25	305.04
171	382.78	18363.09
172	5734.78	13531.84
173	5248.11	8237.4
174	17218.6	14292.15
175	14267.7	18684.39
176	11676.07	8521.24
177	9211.94	17604.59
178	8606.05	7771.98
179	511.92	7290.29
180	2818.61	5022.71
181	15990.72	8910.5
182	13937.81	6800.01
183	9405.72	8648.69
184	9257.2	7912.76
185	8995.18	18389.37
186	13112.98	4956.33
187	14343.71	14334.06
188	8357.23	2093.32
189	11648.38	18817.82
190	14362.33	286.71
191	10423.79	9298.11
192	12832.59	5154.49
193	10532.38	12032.1
194	7145.64	16501.26
195	15704.95	11540.07
196	10865.31	9240.88
197	11116.01	14533.81
198	12899.92	11158.31
199	10286.82	18467.23
200	3871.95	4832.58
201	11251.79	14667.7
202	14554.26	10071.75
203	17132.37	9886.72
204	4240.82	5120.05
205	7619.91	15041.75
206	4998.63	13671.8
207	14877.03	4085.8
208	6009.72	16734.44
209	283.91	6552.73
210	12762.85	5486.43
211	6401.68	17201.33
212	881.26	14321.9
213	17335.77	11276.83
214	1555.42	15741.41
215	14851.92	399.08
216	5112.48	11402.63
217	5659.27	1637.26
218	2703.77	15871.14
219	16329.75	9925.53
220	1689.28	17926.17
221	2603.16	2276.23
222	13994.28	10836.98
223	4858.96	2542.53
224	4210.35	5614.5
225	2011.14	6844.65
226	14617.65	10257.49
227	7439.32	8587.24
228	7351.22	13671.93
229	11816.42	2092.47
230	2624.28	7623.78
231	16649.15	2438.12
232	10074.99	3245.47
233	15457.51	5829.49
234	4869.44	18959.17
235	16871.4	6753.64
236	15941.24	3978.17
237	18843.04	15347.81
238	2506.0	3926.14
239	16698.93	6563.59
240	13459.89	991.91
241	13840.98	11367.02
242	16327.48	11496.25
243	5578.07	16294.8
244	25.9	16878.12
245	3936.0	12715.68
246	12397.23	8252.72
247	18624.37	10001.62
248	3834.87	770.04
249	17948.97	17999.54
250	12328.38	7064.33
251	18331.58	15255.88
252	16531.86	15937.74
253	4331.21	8931.65
254	10272.16	2769.76
255	13985.32	3828.18
256	7194.08	11009.71
257	14592.82	3315.59
258	7737.89	14032.04
259	4837.46	954.45
260	16582.05	18864.24
261	4641.15	8948.13
262	12685.66	13914.69
263	15833.35	10022.6
264	14061.31	9285.19
265	13373.82	10431.56
266	4923.63	8442.88
267	14452.46	12078.74
268	10433.32	12040.83
269	7628.9	17319.32
270	10467.04	3916.65
271	18402.09	9922.74
272	3635.06	7142.19
273	7437.65	17771.86
274	2843.59	2542.39
275	8772.61	16070.1
276	8086.29	12692.57
277	6435.9	1925.5
278	13894.36	12871.52
279	6978.24	4342.87
280	8302.37	8845.05
281	14376.54	11841.27
282	12020.49	13150.35
283	1207.43	3385.51
284	15847.42	8934.18
285	4889.75	7745.58
286	17337.38	739.44
287	18305.64	1509.61
288	17555.24	9082.51
289	17417.42	1876.85
290	14838.57	13032.38
291	1037.65	18543.36
292	15891.57	10604.88
293	16103.79	4550.57
294	7472.53	6447.45
295	15035.1	14213.81
296	9669.31	16531.56
297	8267.59	9733.22
298	14242.06	1535.17
299	17890.63	13785.67
300	2451.48	13515.75
301	11371.9	12966.97
302	16362.65	13003.71
303	4691.73	6859.79
304	13639.33	6325.17
305	17982.03	12661.28
306	3244.81	4209.15
307	843.89	4572.21
308	17987.39	12573.4
309	5974.71	3333.74
310	13228.11	10456.34
311	13978.56	18381.91
312	15024.07	14337.37
313	14337.66	3437.56
314	13726.11	2274.41
315	8523.65	10091.59
316	13097.55	10964.73
317	8093.5	16129.0
318	7161.92	5901.37
319	3938.51	13782.37
320	1383.38	186.38
321	12623.74	6039.95
322	10571.98	4895.82
323	14794.66	12593.55
324	15411.43	797.29
325	13456.64	14073.74
326	3652.38	13019.02
327	17226.4	4771.43
328	4908.17	10396.35
329	7169.74	14855.71
330	5837.36	1540.04
331	4100.54	18907.53
332	11041.5	11487.96
333	15758.07	18191.69
334	16463.12	1544.75
335	15896.36	1151.9
336	9987.39	2306.02
337	12721.38	10022.97
338	12194.17	18107.7
339	15505.31	16156.44
340	876.55	5031.79
341	4960.07	9203.65
342	5623.77	10971.01
343	7168.42	18311.72
344	3074.14	12190.18
345	13069.93	11067.14
346	1111.65	3685.41
347	18888.19	13845.13
348	14387.3	5004.64
349	11969.08	5002.86
350	12840.35	6059.46
351	9826.94	4927.03
352	5646.66	9183.2
353	874.07	11386.87
354	16278.64	3782.41
355	11393.5	4141.38
356	12719.43	8015.68
357	7510.91	17001.89
358	13772.88	2558.13
359	11913.52	9789.11
360	3243.87	10675.73
361	2438.13	8381.41
362	15179.84	1530.1
363	10347.87	4455.57
364	5243.12	13359.8
365	7979.76	4483.39
366	17560.18	17273.97
367	8746.2	3893.11
368	16856.12	15522.33
369	18115.19	4049.48
370	2577.5	19.77
371	9950.6	8119.0
372	11283.5	10588.09
373	5432.64	6383.16
374	14968.41	9104.04
375	8451.85	15500.37
376	2466.43	14637.62
377	3126.54	12638.17
378	4667.35	14678.99
379	11251.54	1202.29
380	2181.22	3061.02
381	13082.16	11949.1
382	4733.13	1961.32
383	15512.86	16291.16
384	4909.77	5387.87
385	18184.05	13761.94
386	3489.8	10195.21
387	10735.51	1842.29
388	10439.83	15955.33
389	11405.84	7940.97
390	1419.75	16371.32
391	17690.55	8969.4
392	16216.01	10267.48
393	15263.04	12148.0
394	14458.79	10613.86
395	1541.62	8144.12
396	14993.3	2093.49
397	16020.51	11444.95
398	12276.43	457.29
399	16502.26	7617.96
400	11477.58	17112.26
401	4604.0	18826.03
402	15138.55	197.08
403	7185.62	16346.8
404	14945.0	13210.3
405	7464.17	7.19
406	727.57	14417.38
407	222.42	9379.81
408	1852.53	6542.38
409	67.9	12141.7
410	6436.34	4571.13
411	15132.7	7862.07
412	7345.2	14954.65
413	383.97	7207.93
414	10280.91	673.15
415	2193.31	6589.24
416	6797.72	16723.82
417	10956.53	14148.16
418	7233.63	805.89
419	8705.83	15245.33
420	14460.95	16039.36
421	654.21	11576.5
422	8408.4	5974.37
423	16986.8	14579.71
424	15962.4	6951.0
425	2467.99	10060.82
426	11734.22	2504.39
427	10569.5	15574.82
428	15773.2	12753.05
429	2057.22	18233.37
430	13099.53	384.98
431	9963.72	13746.72
432	12201.83	3245.78
433	16127.5	5090.01
434	15026.09	8838.24
435	10284.9	17302.24
436	16129.21	13957.06
437	11195.56	5479.48
438	9295.58	16897.57
439	8023.86	13416.37
440	15287.68	10792.81
441	10545.9	13130.74
442	1423.0	18891.56
443	6235.35	499.65
444	17120.7	10157.76
445	631.45	13216.47
446	3224.96	8350.02
447	14682.25	10091.63
448	7892.21	5963.05
449	15931.91	10461.64
450	15330.48	2335.55
451	5536.41	14914.78
452	9617.03	15338.67
453	17891.36	17328.52
454	4042.89	2809.99
455	5994.57	8731.28
456	1965.45	204.74
457	2443.02	3427.02
458	11852.73	16786.67
459	12648.74	5832.6
460	16303.78	16121.39
461	4655.64	13205.45
462	13679.64	15479.39
463	9865.64	15044.96
464	8507.16	9291.82
465	11496.89	12810.86
466	17593.41	74.73
467	15796.45	5684.57
468	9305.5	7525.65
469	11753.66	5020.52
470	702.69	79.21
471	14131.67	10353.31
472	17605.36	4296.14
473	7729.06	14601.68
474	16278.33	14265.39
475	14409.82	6095.39
476	506.3	1307.75
477	2548.82	6619.31
478	15313.38	700.27
479	1490.4	2294.98
480	18648.12	4398.47
481	5268.3	3807.87
482	3038.04	16144.78
483	5088.47	12740.26
484	14433.9	14988.06
485	18268.41	9452.8
486	18065.48	4018.16
487	11723.53	15678.25
488	64.44	6608.3
489	17239.44	862.98
490	17342.74	10372.56
491	7760.49	3991.07
492	8603.6	18825.53
493	4933.53	4349.22
494	4978.92	7207.11
495	18337.07	13855.39
496	13880.99	15009.5
497	15164.38	7512.93
498	16773.96	668.61
499	11780.16	6238.36
500	7434.69	11809.93
501	16182.91	14390.89
502	6863.65	6473.2
503	18906.92	735.68
504	11549.71	13335.95
505	10174.88	4877.4
506	17046.92	13978.93
507	2279.14	14505.2
508	16675.12	17390.87
509	11036.64	6510.75
510	2393.57	1835.27
511	11744.18	6865.81
512	9495.4	13126.45
513	15699.08	11028.88
514	302.05	5215.75
515	9463.93	12862.65
516	2325.85	3029.9
517	8546.28	13276.45
518	1275.44	997.8
519	2363.75	15312.96
520	1063.58	4889.63
521	10103.91	15951.46
522	2431.2	18758.77
523	5453.05	12713.14
524	8758.21	7173.67
525	14701.15	8328.99
526	18265.05	11100.39
527	4064.91	7764.8
528	18569.69	9387.92
529	11921.3	11129.67
530	4314.7	10711.47
531	12223.09	7183.8
532	11937.54	8289.92
533	12065.02	4347.79
534	11121.27	15239.07
535	5847.03	8531.94
536	15813.2	827.12
537	3279.44	1942.71
538	14710.14	14308.32
539	18899.59	10184.49
540	15420.88	1640.41
541	7814.24	14895.35
542	11914.03	9078.48
543	13573.25	2783.41
544	8886.31	8587.84
545	2847.2	12830.8
546	11817.09	14637.16
547	7288.09	2875.31
548	8491.52	12882.01
549	676.77	4714.02
550	11892.9	5820.17
551	2433.43	14080.65
552	6101.41	14581.48
553	14483.66	8089.11
554	16876.04	17161.53
555	16558.27	13889.59
556	16350.0	9630.46
557	16652.17	12517.53
558	13980.39	9447.11
559	4713.23	5572.67
560	6350.07	17306.07
561	8010.3	13801.58
562	9576.78	2306.28
563	12491.51	10395.04
564	11862.56	11283.98
565	9222.64	15461.54
566	5233.74	7397.92
567	7372.87	18841.63
568	10060.49	1245.11
569	11811.62	17706.07
570	18483.36	16174.3
571	4928.57	15400.07
572	2313.83	4826.33
573	11048.89	17389.81
574	6590.59	14640.7
575	10562.55	2708.52
576	18998.89	15336.99
577	9431.07	13478.48
578	16464.01	15160.67
579	10931.89	17823.39
580	16215.53	16692.43
581	14149.28	10708.56
582	1251.51	6253.87
583	10515.66	5740.74
584	16086.8	15801.82
585	13257.88	11714.43
586	9983.12	13338.66
587	7928.55	17970.07
588	5514.78	11434.18
589	17677.53	7323.25
590	4687.27	16849.19
591	543.35	9529.11
592	8975.39	8619.2
593	12150.42	50.29
594	17380.37	7361.18
595	15220.35	6248.91
596	9680.51	10383.02
597	9217.74	10303.6
598	15293.63	17133.73
599	9712.05	18072.11
600	653.49	1120.66
601	13065.3	11881.73
602	15680.94	14468.28
603	18919.08	14395.51
604	1779.15	9988.5
605	13207.3	5712.02
606	2803.15	6799.72
607	6828.63	10318.0
608	10836.71	15478.3
609	12321.16	1694.75
610	17400.22	2335.33
611	9512.47	7741.29
612	3198.81	8409.42
613	6340.03	9708.04
614	18896.89	12157.96
615	15917.84	5954.81
616	18533.94	15742.99
617	8511.39	14704.77
618	7612.23	2440.65
619	14215.63	3214.98
620	5595.64	16222.84
621	15000.65	4681.23
622	10895.87	16024.71
623	1820.98	6701.73
624	7630.05	9185.42
625	15080.72	3666.44
626	8436.52	11512.91
627	14098.23	9310.75
628	6389.49	15990.6
629	15345.29	17060.22
630	9869.32	5790.65
631	403.56	6803.65
632	5672.15	8794.28
633	6956.06	16208.94
634	4873.49	16544.4
635	1214.32	15905.95
636	12446.47	7022.81
637	3267.39	3279.41
638	6552.76	6890.9
639	15299.54	17724.29
640	2986.9	5750.65
641	10876.23	14865.34
642	8915.1	7077.44
643	3162.4	10099.07
644	6057.8	16181.78
645	6163.73	1086.77
646	12221.48	14970.64
647	17958.1	890.58
648	12771.93	7876.49
649	14162.83	3503.01
650	12802.1	11408.08
651	6150.33	18481.66
652	4306.01	15158.03
653	2557.22	6995.73
654	14928.67	6550.68
655	12713.1	10660.91
656	15511.92	12829.5
657	11469.33	14286.95
658	3181.3	12305.41
659	880.8	12536.11
660	5822.4	530.43
661	372.96	757.6
662	3517.83	14727.97
663	4334.14	899.26
664	9428.23	2890.6
665	18680.26	197.27
666	5656.86	18102.57
667	3155.85	4503.93
668	5240.45	3821.24
669	17859.74	4020.96
670	7787.68	10834.43
671	13767.62	418.07
672	7286.81	12714.8
673	10554.24	9410.66
674	13019.87	5854.17
675	9901.18	16280.04
676	5186.52	13269.5
677	6073.61	5388.36
678	14208.38	13726.34
679	15623.26	18769.71
680	16890.68	3224.84
681	979.5	8972.64
682	13732.54	7696.77
683	4216.34	5737.54
684	10504.98	8669.55
685	10014.14	13384.93
686	7397.33	8799.86
687	18976.87	4578.14
688	17450.54	12666.58
689	219.96	10543.5
690	10908.03	7860.65
691	1295.87	12266.82
692	14803.26	14991.67
693	8070.82	18756.75
694	5475.18	15591.39
695	18911.65	10721.18
696	18224.12	6252.53
697	8903.04	10344.92
698	942.07	16875.38
699	8267.77	18468.65
700	17023.88	881.08
701	11204.98	2484.41
702	9099.6	13464.95
703	14327.4	14653.7
704	482.47	6217.14
705	13258.32	17180.61
706	3116.26	6880.33
707	9006.42	4622.9
708	13741.0	12350.8
709	1080.54	12581.19
710	387.98	15460.45
711	15688.75	11227.32
712	2881.99	7056.93
713	2978.68	1909.84
714	13438.94	13210.85
715	11856.22	7018.87
716	10609.91	14210.68
717	8550.15	10549.63
718	17023.73	17137.3
719	9015.04	1098.29
720	1106.57	11338.83
721	7705.98	12616.66
722	7311.72	12119.45
723	5655.18	11771.68
724	5613.06	2828.69
725	18058.98	16763.14
726	1083.51	13014.3
727	4773.84	11748.17
728	10639.4	3849.38
729	13177.0	7616.23
730	12409.72	636.06
731	15735.21	18297.18
732	11489.36	11537.65
733	17850.99	5194.91
734	4006.69	16555.19
735	4776.92	17286.52
736	9627.54	2766.8
737	17868.98	6190.48
738	2510.69	3582.2
739	5560.35	18652.13
740	11434.79	5775.54
741	11197.4	16090.44
742	16462.71	6682.58
743	2317.7	9475.56
744	14918.5	9379.96
745	691.47	13965.87
746	5150.13	131.91
747	15912.5	6441.74
748	3225.4	3502.41
749	7244.25	13605.62
750	16687.19	3659.91
751	8005.76	14539.43
752	17949.85	5637.99
753	16148.71	941.61
754	8746.89	2633.1
755	9172.45	10973.63
756	14501.39	5233.54
757	18470.5	7294.95
758	7081.36	18164.1
759	12701.06	13206.57
760	9786.69	17079.25
761	4048.06	18549.74
762	730.36	15778.73
763	265.76	13693.17
764	2703.75	12335.71
765	1926.7	4086.81
766	16748.75	4823.75
767	1542.65	5017.27
768	18834.05	10210.35
769	8143.13	7901.01
770	9526.71	324.06
771	11469.43	6227.45
772	15836.94	743.89
773	16826.2	10089.7
774	1003.97	17688.58
775	4691.34	15502.19
776	1536.67	16241.93
777	9831.77	7918.76
778	13744.95	3868.75
779	11646.13	15628.18
780	1804.91	647.28
781	2101.73	18904.63
782	13207.37	18119.9
783	7922.82	17036.13
784	8908.72	2154.94
785	11962.58	5128.57
786	12521.56	13978.16
787	18731.52	10009.39
788	2735.56	4307.54
789	9397.81	9674.1
790	4760.06	16169.2
791	4463.75	10243.32
792	14099.26	2540.28
793	15219.23	7807.45
794	1329.15	11404.44
795	18656.32	18025.98
796	18271.78	3153.19
797	13570.23	18648.6
798	2695.34	15295.47
799	7683.21	12078.13
800	18647.97	8168.5
801	13807.9	17575.84
802	17433.92	1669.5
803	13281.62	13205.76
804	6418.78	5850.84
805	14192.52	8394.53
806	4543.92	16284.38
807	1845.77	759.16
808	10391.57	11775.82
809	162.36	12197.17
810	761.58	8456.91
811	4782.17	15324.52
812	2427.86	5207.45
813	7999.67	3772.16
814	12276.13	7972.13
815	12306.31	14345.98
816	13480.06	6677.18
817	4453.78	5877.31
818	7847.39	4498.27
819	6305.42	6557.51
820	11079.98	2483.34
821	17429.06	7386.09
822	17684.77	475.91
823	7364.66	16073.64
824	6239.65	1834.72
825	6897.01	114.78
826	3240.98	14098.92
827	10779.03	8077.2
828	16858.11	1042.93
829	1817.87	3543.13
830	5781.51	10731.44
831	17327.48	9726.94
832	5268.43	1892.37
833	13376.33	155.15
834	8907.41	1679.64
835	6275.77	4069.78
836	17799.42	6400.49
837	14670.82	15040.26
838	17187.41	16187.76
839	632.54	16409.74
840	3907.57	5474.13
841	860.36	11430.64
842	15823.27	3404.78
843	17619.44	17777.57
844	8342.86	7899.5
845	17662.64	16973.12
846	10966.98	4135.63
847	237.41	12080.61
848	6562.11	7437.34
849	18034.2	18590.68
850	11250.54	5600.73
851	11095.88	10980.22
852	14184.31	14097.87
853	3726.92	11682.88
854	1109.15	12469.07
855	12760.63	1640.33
856	18562.86	18671.14
857	17001.95	14896.91
858	16556.12	7059.2
859	248.16	17605.13
860	8757.2	15111.77
861	6984.75	5699.24
862	15377.94	14857.73
863	15072.06	8346.97
864	15954.21	17758.89
865	17199.51	12114.74
866	6212.54	12717.22
867	11758.62	6227.17
868	10555.2	13736.75
869	183.87	16622.35
870	12168.36	1247.15
871	2215.23	18265.53
872	13118.97	4263.76
873	12839.69	18893.26
874	9010.66	2202.97
875	13351.37	15711.42
876	9763.05	7199.81
877	13599.0	8178.47
878	10753.45	17746.19
879	16804.39	3498.28
880	8581.96	4927.88
881	2158.04	2451.11
882	3992.63	1031.19
883	18961.66	3899.17
884	2096.52	11709.44
885	11696.3	6256.17
886	11792.18	7079.17
887	18757.72	6870.28
888	17397.56	16254.14
889	2706.21	6093.93
890	9030.57	7897.95
891	13975.05	10699.87
892	15050.82	16610.34
893	8495.39	5277.8
894	11526.69	8516.76
895	2726.78	5954.66
896	4706.69	3304.66
897	15541.83	12920.37
898	10904.52	17210.73
899	12486.45	8978.95
900	11350.76	8780.27
901	6587.72	3554.4
902	14649.05	10968.07
903	645.24	1231.7
904	8524.42	1073.84
905	6332.95	2861.61
906	14485.67	13601.05
907	18302.35	13550.1
908	10523.32	1932.42
909	1018.47	17777.16
910	13253.56	3205.73
911	13538.17	7296.23
912	17121.55	7739.36
913	1657.3	16671.56
914	12061.83	9740.35
915	17838.81	18718.14
916	2836.06	9147.63
917	17059.44	18305.75
918	7764.89	4014.22
919	6711.75	9521.59
920	10112.24	13270.42
921	17651.02	16840.05
922	5108.77	2935.37
923	16859.78	16278.54
924	16670.61	116.44
925	18039.8	18258.91
926	5662.74	17794.3
927	4365.8	7416.34
928	11219.25	12297.36
929	12354.79	12327.91
930	4404.05	12508.89
931	13364.2	9207.68
932	3914.51	7112.12
933	4552.81	8908.46
934	15187.53	16402.29
935	16685.61	10719.13
936	10880.99	5203.41
937	9107.74	5280.75
938	2373.08	7348.58
939	15601.91	5389.61
940	4476.96	9525.59
941	308.0	14573.88
942	5138.87	8127.78
943	9213.43	971.66
944	6839.21	13789.97
945	9994.68	16251.14
946	17675.53	17797.2
947	11667.14	3523.55
948	404.13	7920.77
949	18566.76	15834.24
950	3100.88	6418.48
951	11506.49	12809.77
952	12785.61	12223.35
953	8350.01	6475.53
954	148.26	3779.79
955	18108.82	12757.24
956	10875.23	3509.83
957	2310.03	2118.93
958	1147.7	5533.69
959	5815.0	18341.59
960	3937.35	2664.67
961	13733.46	2579.83
962	9663.01	15352.92
963	11040.79	16999.72
964	6384.57	2583.46
965	11507.81	6972.91
966	2484.82	3266.49
967	16888.28	5138.4
968	9720.94	1080.68
969	14681.39	2990.11
970	9560.57	3712.6
971	847.62	4863.02
972	15930.69	5558.83
973	7872.45	18235.35
974	14818.36	11857.2
975	11332.48	9220.18
976	15140.41	10885.79
977	18803.81	1332.33
978	18741.0	3786.32
979	13505.86	8175.8
980	6764.55	10865.79
981	107.8	15271.3
982	11405.39	9707.29
983	2445.52	12143.4
984	4703.58	11313.05
985	7053.3	16677.19
986	14571.87	5487.09
987	15867.46	2499.03
988	18671.9	11267.55
989	18547.68	17692.17
990	3481.09	12129.96
991	6753.97	7770.86
992	14428.47	18117.93
993	14077.29	12070.79
994	10830.76	3827.23
995	8507.72	10202.38
996	1713.78	18662.21
997	70.28	10185.19
998	13986.31	16827.5
999	6099.31	2739.52
1000	9304.09	16488.06
1001	1328.94	15554.95
1002	15855.27	10770.21
1003	2150.15	1567.17
1004	428.09	8800.37
1005	2874.54	12121.22
1006	6220.4	18446.43
1007	9823.93	7255.88
1008	432.94	312.92
1009	18672.34	16550.43
1010	16299.64	17094.13
1011	17074.51	17298.13
1012	6486.83	2168.48
1013	2303.58	8591.65
1014	13162.75	10434.32
1015	4739.51	9138.96
1016	1511.66	1045.57
1017	10148.59	857.25
1018	18063.28	12490.37
1019	3593.46	16200.14
1020	1168.94	7508.78
1021	2157.9	2551.25
1022	18507.09	16319.33
1023	6595.17	10953.61
1024	18303.88	4265.36
1025	8499.06	3957.25
1026	5826.51	10661.82
1027	12159.75	10896.04
1028	18503.1	401.91
1029	13924.96	7263.3
1030	8667.39	11875.38
1031	17074.38	3097.64
1032	5712.32	13211.73
1033	7964.65	7352.79
1034	9526.09	2735.68
1035	12362.95	16357.79
1036	7568.91	1363.61
1037	10848.88	3124.28
1038	10077.31	6830.89
1039	16692.64	8671.12
1040	17719.0	10210.79
1041	1185.17	18070.19
1042	10414.77	218.98
1043	7214.23	18155.63
1044	3443.14	14490.12
1045	10207.73	14810.96
1046	16288.53	5845.59
1047	14009.26	12638.52
1048	18194.9	10374.12
1049	3062.77	862.13
1050	15300.08	4407.03
1051	17038.47	14580.04
1052	5154.3	3976.15
1053	13405.95	5495.47
1054	1368.55	6371.91
1055	2349.58	8470.49
1056	12594.57	1582.34
1057	10026.71	11073.21
1058	3330.37	15473.25
1059	16588.38	2533.56
1060	32.64	17845.27
1061	6710.15	6579.24
1062	145.64	18221.33
1063	4231.92	2747.05
1064	17163.59	13028.63
1065	4976.93	17183.21
1066	7777.37	1500.56
1067	7007.8	16093.54
1068	1203.17	678.2
1069	16394.85	2092.66
1070	532.35	2676.17
1071	16858.05	5503.56
1072	384.02	11014.7
1073	1374.28	4881.89
1074	11063.64	15577.56
1075	13817.02	4169.24
1076	12412.78	11322.26
1077	818.34	7446.22
1078	4057.09	9859.21
1079	12775.51	9793.85
1080	16630.41	12326.11
1081	2609.89	14370.74
1082	18888.79	7925.8
1083	3349.84	7427.09
1084	15763.8	11526.67
1085	14068.24	3887.81
1086	4673.96	15208.78
1087	6693.23	5601.46
1088	7284.23	15992.9
1089	5837.99	3303.19
1090	7639.3	15722.78
1091	17983.86	14268.09
1092	17824.56	12911.34
1093	2578.94	212.32
1094	1825.52	3156.84
1095	3097.71	2765.39
1096	16922.39	7228.04
1097	11320.35	3660.91
1098	13817.08	14995.94
1099	9355.05	5999.16
1100	7189.24	6722.16
1101	10512.75	14791.13
1102	13262.2	2558.42
1103	14759.47	15708.93
1104	1607.96	13961.34
1105	14367.85	13367.33
1106	17342.96	8198.81
1107	5391.21	946.93
1108	9025.06	2107.89
1109	25.51	14208.77
1110	174.4	2830.59
1111	2963.61	11764.87
1112	5161.11	16485.11
1113	12340.73	17079.66
1114	11871.83	6157.35
1115	17490.61	7496.1
1116	5122.94	6852.76
1117	16996.2	17116.93
1118	9758.87	28.91
1119	13729.32	8202.85
1120	2335.43	911.83
1121	13379.78	17937.59
1122	16256.48	8996.85
1123	15056.24	2509.16
1124	6153.15	13490.56
1125	5093.96	4598.74
1126	10215.52	7631.82
1127	5958.31	1114.88
1128	11690.02	18804.0
1129	14334.79	789.14
1130	2107.28	3868.3
1131	8364.75	16124.61
1132	16651.71	13950.05
1133	8100.13	14757.05
1134	16520.21	9454.0
1135	7269.6	4113.04
1136	12993.46	3106.14
1137	6485.21	10029.96
1138	11367.54	15557.32
1139	7965.26	2050.37
1140	5824.38	17678.01
1141	13828.25	10117.67
1142	12198.29	4638.42
1143	15233.59	10706.78
1144	9488.5	16037.99
1145	1658.55	10812.61
1146	12986.89	14090.04
1147	4519.03	13749.29
1148	1926.58	15250.25
1149	13760.55	18102.49
1150	8349.18	289.61
1151	11848.43	10592.71
1152	13943.23	7383.21
1153	5969.47	12436.92
1154	7643.58	3832.9
1155	3417.49	15017.07
1156	3565.67	11145.69
1157	3561.69	4434.81
1158	12553.73	3002.6
1159	300.1	17843.19
1160	1174.75	1214.47
1161	4782.12	6484.61
1162	6758.0	10281.84
1163	6992.08	9569.1
1164	12781.09	5899.07
1165	6488.31	2329.36
1166	12745.53	10570.61
1167	15730.72	14615.08
1168	13955.17	151.2
1169	8460.41	4633.65
1170	8413.37	4519.37
1171	9476.48	4576.55
1172	7868.06	6848.78
1173	11328.79	9685.94
1174	5102.93	12408.79
1175	16453.69	15326.12
1176	4045.28	522.29
1177	10015.0	1165.98
1178	968.08	16164.97
1179	15815.09	1329.89
1180	5476.14	11238.81
1181	4033.44	13601.21
1182	14122.98	2581.73
1183	6357.44	2871.65
1184	4507.06	2617.1
1185	18961.42	4541.15
1186	4980.51	17619.29
1187	2999.91	4294.82
1188	2729.59	4778.94
1189	9886.09	17951.67
1190	6689.44	1139.79
1191	17402.79	101.03
1192	14348.98	6730.38
1193	6268.25	16598.78
1194	5014.73	14510.57
1195	1322.52	5608.78
1196	17838.83	17968.72
1197	2755.87	2924.72
1198	3100.47	10886.4
1199	8267.55	6275.63
1200	13207.46	15153.41
1201	4906.39	4961.04
1202	17553.87	834.59
1203	6811.24	14661.37
1204	11852.91	186.59
1205	7828.21	594.81
1206	11232.97	6788.92
1207	16110.32	15329.92
1208	18229.83	17171.87
1209	10794.19	7986.98
1210	6086.61	1052.66
1211	10268.93	4070.24
1212	18880.28	13820.58
1213	2650.29	12998.42
1214	4870.06	10234.81
1215	8061.83	13928.78
1216	3935.25	8858.6
1217	8286.52	10385.2
1218	1712.27	5117.41
1219	10239.16	1081.69
1220	4735.04	3501.84
1221	16498.74	664.17
1222	18010.64	15655.66
1223	16265.14	11759.59
1224	1431.21	10547.18
1225	14625.18	14417.8
1226	7762.59	17755.01
1227	11975.28	17699.83
1228	13450.92	8497.52
1229	9104.25	15005.09
1230	18396.68	786.23
1231	11396.23	13266.49
1232	17565.07	16409.06
1233	2233.87	8797.49
1234	5590.3	8551.4
1235	17285.28	10239.53
1236	14395.05	11130.02
1237	5440.49	7000.73
1238	3961.99	9713.8
1239	14535.67	11879.69
1240	8754.65	18470.77
1241	11009.26	11347.88
1242	10159.77	16205.59
1243	16974.32	12547.64
1244	3932.79	17233.43
1245	11412.04	981.18
1246	7244.49	982.18
1247	9309.84	14333.37
1248	1733.83	15536.04
1249	115.84	14889.48
1250	2906.41	702.16
1251	2298.88	18315.44
1252	8189.88	6594.62
1253	8209.11	14129.21
1254	16638.85	4248.56
1255	12683.71	5726.64
1256	14291.09	15960.8
1257	13127.81	2011.54
1258	8081.53	2452.86
1259	2526.55	9127.35
1260	7151.07	9252.7
1261	7337.2	1311.38
1262	5864.6	885.32
1263	18520.38	12084.11
1264	6439.42	4794.43
1265	5867.57	2964.82
1266	15380.31	18531.81
1267	7001.04	13440.37
1268	8361.77	8684.01
1269	9390.16	15760.42
1270	9934.85	6652.74
1271	7760.96	17648.86
1272	1638.16	12689.04
1273	5750.01	5408.22
1274	1169.1	16297.62
1275	17249.85	9711.57
1276	2261.21	5082.44
1277	12760.16	18313.2
1278	4023.5	10012.78
1279	7453.84	14283.01
1280	14075.38	4185.43
1281	6835.72	4009.21
1282	7043.64	7841.25
1283	17989.53	963.08
1284	11916.4	4701.18
1285	16144.04	17199.98
1286	13565.7	12805.75
1287	16424.38	15210.8
1288	3614.14	2656.0
1289	3246.2	16543.76
1290	17410.38	3979.53
1291	7764.21	12996.13
1292	5073.66	5824.64
1293	6077.81	10978.25
1294	10355.14	7721.02
1295	18623.02	18651.15
1296	8713.98	14672.72
1297	900.64	18265.35
1298	1654.82	11859.6
1299	12391.85	4115.12
1300	17755.63	16703.13
1301	697.4	12308.66
1302	2916.86	12141.87
1303	7294.84	12890.04
1304	4427.77	7113.7
1305	15111.81	213.88
1306	18648.83	9874.77
1307	626.13	5661.53
1308	16071.21	14347.15
1309	1273.11	12000.14
1310	7107.83	3950.89
1311	14316.83	5663.16
1312	12247.16	9574.16
1313	110.54	15500.05
1314	15743.91	384.23
1315	4240.34	10210.86
1316	1286.55	18829.01
1317	9543.22	16346.51
1318	9451.05	13924.63
1319	2585.8	9892.06
1320	15856.67	7399.53
1321	2974.33	9320.06
1322	16047.69	12562.6
1323	16831.42	11288.58
1324	6040.2	7457.18
1325	601.7	12653.26
1326	3084.77	2583.45
1327	1036.17	6628.73
1328	12298.67	15019.0
1329	3806.58	12346.27
1330	16155.69	17643.8
1331	4348.35	17503.23
1332	4811.57	16281.1
1333	3770.75	11001.58
1334	15472.74	462.97
1335	1002.36	5657.37
1336	1814.26	11075.46
1337	6274.46	4510.98
1338	3242.53	5975.17
1339	16419.69	17588.97
1340	2627.68	4200.41
1341	812.21	3796.82
1342	4273.54	7810.45
1343	17558.34	7520.22
1344	10319.61	5029.12
1345	10122.55	1427.34
1346	7308.14	15195.71
1347	7335.14	18907.69
1348	8189.5	15185.88
1349	5222.57	9875.47
1350	14364.68	3092.82
1351	18975.88	4860.08
1352	10882.48	15597.12
1353	15798.13	17441.84
1354	7495.41	586.12
1355	3402.95	3021.12
1356	7689.78	18733.1
1357	7370.11	18862.56
1358	15518.64	14950.3
1359	2381.66	8458.6
1360	13911.48	17520.77
1361	12602.73	4985.59
1362	10237.5	10338.84
1363	7598.72	13317.44
1364	9134.05	5809.95
1365	15215.4	5052.53
1366	16535.09	1200.47
1367	5658.99	2637.53
1368	12580.76	7450.64
1369	12993.06	10748.16
1370	14795.68	17955.37
1371	13409.86	9349.58
1372	17933.37	7856.18
1373	11179.99	2505.26
1374	5146.6	18544.9
1375	2489.66	3056.99
1376	5890.14	5980.23
1377	2878.87	16006.32
1378	12546.91	11859.01
1379	2423.47	4478.74
1380	2148.05	2497.77
1381	10458.52	7995.55
1382	8849.47	4154.24
1383	2840.81	1425.52
1384	17927.67	5710.39
1385	10136.16	1058.61
1386	1109.09	212.7
1387	5388.09	18911.02
1388	4604.52	11582.52
1389	7400.29	11258.92
1390	6768.43	2630.73
1391	10545.32	8636.22
1392	15755.31	575.16
1393	17316.77	3506.76
1394	709.63	3956.25
1395	1561.55	17921.0
1396	9062.08	7920.28
1397	14687.43	1818.56
1398	10582.94	15980.32
1399	6248.25	11222.7
1400	17365.55	12036.79
1401	3297.63	9580.54
1402	3913.09	10707.67
1403	7120.55	2257.43
1404	11291.7	16858.42
1405	5292.22	17233.3
1406	15372.34	2578.78
1407	11601.87	3428.0
1408	11630.56	16101.7
1409	1124.7	9866.78
1410	4740.11	2569.31
1411	13374.81	7462.56
1412	18857.17	14419.77
1413	9095.91	11573.29
1414	3214.23	2827.88
1415	17964.15	16975.24
1416	4505.62	4689.28
1417	1289.28	18485.63
1418	9627.58	13458.05
1419	15405.9	5455.15
1420	18087.55	2068.31
1421	16341.98	9334.4
1422	16009.68	17502.68
1423	2064.72	13449.87
1424	18449.12	14951.07
1425	14348.18	9746.36
1426	14396.87	1637.35
1427	11353.21	6905.0
1428	17087.25	14137.66
1429	10185.78	3742.25
1430	6406.33	4612.81
1431	10907.13	8580.97
1432	18642.16	2516.84
1433	13812.22	14445.95
1434	17548.28	2249.64
1435	14123.84	724.55
1436	16996.91	4900.7
1437	10044.02	2430.74
1438	1502.69	7138.6
1439	10352.83	500.6
1440	12628.75	11510.14
1441	7004.4	3601.26
1442	17808.93	7816.24
1443	18949.58	4399.73
1444	1160.43	9725.91
1445	12496.37	9687.05
1446	3664.69	14724.13
1447	13113.62	7637.02
1448	9263.63	13220.3
1449	15575.05	17929.91
1450	8596.76	12616.03
1451	7284.38	8669.52
1452	10989.44	16156.08
1453	7234.43	18708.5
1454	14413.23	197.74
1455	4830.79	7427.26
1456	4470.14	1315.32
1457	8242.47	12183.97
1458	12430.21	4139.72
1459	17645.3	13196.18
1460	12054.26	15935.2
1461	370.31	16859.45
1462	9986.35	16788.06
1463	12273.08	212.33
1464	5963.96	9165.52
1465	9874.33	16220.97
1466	5363.0	11965.47
1467	8877.28	2963.72
1468	3494.0	17716.89
1469	12788.02	15928.59
1470	4823.05	7758.99
1471	7447.59	7487.11
1472	6494.12	3429.77
1473	1392.72	13141.11
1474	11910.43	18665.77
1475	13659.03	16128.88
1476	13999.59	11931.42
1477	11353.01	8597.12
1478	16868.83	16766.86
1479	12161.22	2184.5
1480	16439.41	14512.7
1481	4615.66	12836.68
1482	4862.26	11066.35
1483	16366.58	6586.66
1484	16167.18	9848.96
1485	1260.94	1708.24
1486	9612.2	13271.17
1487	8572.95	1820.72
1488	14126.91	13305.14
1489	6000.58	8335.88
1490	11702.39	14781.73
1491	8500.98	11808.99
1492	13854.31	11687.02
1493	6526.51	18822.26
1494	10369.08	11615.12
1495	13077.93	17597.5
1496	18232.46	6959.5
1497	474.21	15589.36
1498	10179.06	18365.72
1499	3565.97	14313.75
1500	17718.06	13585.27
1501	9070.05	18025.51
1502	2510.4	8606.11
1503	9300.4	10321.41
1504	16730.99	131.97
1505	13551.73	7250.68
1506	16815.68	16133.45
1507	10924.14	15209.32
1508	13932.61	6610.03
1509	2189.34	10318.89
1510	12017.73	3236.53
1511	13386.88	8508.16
1512	6988.36	8125.49
1513	11612.45	7666.07
1514	266.15	1866.96
1515	14831.88	12258.32
1516	7845.74	13441.7
1517	1910.68	831.42
1518	10861.02	1145.62
1519	12480.89	1394.46
1520	7191.01	3634.85
1521	14728.56	1359.47
1522	11891.04	6016.29
1523	8088.22	14384.57
1524	11821.78	17299.81
1525	11621.01	12785.34
1526	10304.75	6306.71
1527	17374.77	18883.57
1528	14562.33	264.26
1529	13954.35	3769.5
1530	7980.09	9577.86
1531	9193.26	6444.14
1532	8876.79	909.42
1533	9621.41	1846.57
1534	1872.68	9952.98
1535	11667.61	402.08
1536	4025.94	14629.08
1537	3660.79	776.31
1538	14896.41	3137.48
1539	6344.19	5350.47
1540	5936.82	15808.98
1541	7013.31	18300.23
1542	6813.29	3612.23
1543	5625.05	10778.36
1544	2797.13	7246.06
1545	17288.37	9998.6
1546	5535.1	6292.63
1547	17169.22	9101.23
1548	18854.04	7269.35
1549	15210.77	7551.06
1550	10698.38	13619.3
1551	8506.37	10342.22
1552	10862.19	7872.14
1553	10653.89	2543.55
1554	15508.83	4588.12
1555	11439.5	17990.3
1556	8864.16	14890.54
1557	13588.35	10861.62
1558	9458.73	18066.97
1559	16464.79	4419.49
1560	3597.79	12122.11
1561	4486.92	16970.46
1562	3804.81	2569.58
1563	10382.33	10294.61
1564	17862.94	896.09
1565	17721.31	9061.78
1566	6145.57	10829.56
1567	2900.68	1376.07
1568	6289.34	11891.77
1569	15645.0	13359.33
1570	11848.21	8200.56
1571	6842.36	16140.77
1572	2210.55	10032.49
1573	5992.42	8225.76
1574	18781.03	5856.14
1575	14292.94	11248.89
1576	14727.9	12275.13
1577	6502.51	9184.78
1578	5784.02	15144.36
1579	2091.95	9435.65
1580	7038.47	6688.9
1581	17165.47	15985.38
1582	12753.29	17442.25
1583	16879.58	1657.59
1584	16728.6	12331.16
1585	6965.06	15297.27
1586	16564.03	11.55
1587	258.16	2873.12
1588	9027.87	5530.59
1589	11210.7	6027.46
1590	11400.07	16721.15
1591	11335.36	2712.56
1592	16840.9	1194.71
1593	16366.36	7879.42
1594	9636.83	2286.05
1595	17782.69	2390.68
1596	13442.89	415.56
1597	14916.88	13190.96
1598	5404.05	10159.28
1599	3968.16	2240.43
1600	6791.35	18511.94
1601	8604.68	10655.63
1602	12467.75	4665.89
1603	13812.64	2264.75
1604	1401.24	5178.49
1605	3612.26	18646.56
1606	18103.74	8219.83
1607	7848.4	6065.28
1608	762.36	1189.77
1609	12644.33	3975.94
1610	7578.51	4785.07
1611	12916.41	9352.88
1612	17280.92	13584.67
1613	17982.96	12527.16
1614	295.68	800.6
1615	8061.8	6355.91
1616	12386.03	3232.02
1617	4519.65	7752.1
1618	16294.21	4922.73
1619	7351.15	392.78
1620	1306.82	14523.51
1621	15225.27	15898.69
1622	3431.07	8830.31
1623	7889.7	18407.29
1624	7862.96	16949.37
1625	14524.87	6654.08
1626	11439.88	17428.75
1627	18900.0	5080.18
1628	8566.19	2682.33
1629	4784.63	14713.53
1630	8891.69	3189.8
1631	11392.17	1183.54
1632	4218.17	11771.87
1633	17381.48	13583.68
1634	17596.28	10634.28
1635	4414.53	18736.22
1636	4882.87	11715.28
1637	163.35	1493.15
1638	17404.49	13200.33
1639	7288.83	10618.36
1640	7158.19	1078.37
1641	923.46	12271.09
1642	2409.02	17176.05
1643	15768.41	15575.71
1644	3290.66	14166.57
1645	13191.94	7727.2
1646	4242.37	7980.6
1647	12814.06	10901.19
1648	10950.03	4472.46
1649	2464.43	8784.54
1650	11819.22	5949.43
1651	12457.86	5930.35
1652	1678.41	17740.81
1653	16568.8	4740.81
1654	3272.6	9515.07
1655	3033.69	14313.06
1656	1823.86	12727.11
1657	7821.26	3542.3
1658	15229.38	16248.37
1659	6691.92	15160.75
1660	4503.46	5718.34
1661	14288.15	17313.71
1662	5754.96	16156.16
1663	16099.25	721.59
1664	14015.16	16013.79
1665	3261.03	14002.7
1666	18233.13	1533.07
1667	15193.63	2850.23
1668	10032.38	4166.08
1669	10536.52	180.84
1670	10108.35	3321.72
1671	18004.8	10245.81
1672	5150.03	8452.37
1673	7871.92	1640.75
1674	16346.85	2580.4
1675	8445.43	13174.52
1676	14828.32	513.3
1677	4289.24	13674.7
1678	13271.7	13294.29
1679	16858.0	17064.24
1680	9112.12	2507.32
1681	16586.42	7733.23
1682	5389.69	4526.59
1683	9176.14	13806.23
1684	16517.71	7325.58
1685	17086.23	14327.15
1686	1729.25	9601.45
1687	2330.25	11817.13
1688	6026.14	1844.58
1689	8775.14	11524.22
1690	163.7	17056.65
1691	8364.66	15069.45
1692	18890.46	18543.63
1693	15230.63	3323.03
1694	2569.58	4287.73
1695	12599.51	16911.59
1696	18228.81	16142.46
1697	12425.67	3308.91
1698	11943.27	6265.35
1699	15889.08	1045.68
1700	16625.38	3385.58
1701	2583.11	9203.18
1702	8924.46	9296.73
1703	18400.08	5439.17
1704	7457.35	624.2
1705	850.11	6429.44
1706	6234.15	18136.84
1707	10968.38	1972.48
1708	15616.63	5219.18
1709	12170.13	17827.48
1710	10220.59	6351.81
1711	5698.96	6460.47
1712	4852.15	1759.06
1713	18181.61	13520.81
1714	2703.29	16001.02
1715	12779.41	9245.52
1716	17940.35	5644.26
1717	7206.4	2035.42
1718	14948.46	12994.96
1719	5169.27	8895.83
1720	1690.08	8223.31
1721	13395.82	8524.87
1722	5144.66	11501.61
1723	1497.31	17185.79
1724	15064.6	11802.86
1725	694.29	16674.09
1726	12281.73	77.33
1727	3189.89	9544.84
1728	3764.03	15434.75
1729	2132.94	5871.47
1730	14896.94	274.22
1731	6152.76	2522.06
1732	18648.3	15869.03
1733	5538.66	15160.68
1734	13931.16	1402.08
1735	11641.15	4409.47
1736	949.91	11242.9
1737	13909.88	1110.02
1738	15596.3	2310.69
1739	14520.24	13694.64
1740	18286.99	9854.05
1741	2721.66	17725.91
1742	7690.27	9266.97
1743	2127.69	18671.54
1744	16743.95	16553.69
1745	13924.47	18200.48
1746	8452.19	5405.08
1747	6997.8	14947.46
1748	7633.52	18013.39
1749	748.73	7936.97
1750	15548.01	17580.18
1751	15694.71	462.71
1752	13410.04	16136.7
1753	15271.64	12428.52
1754	12451.55	4872.43
1755	6100.72	18689.61
1756	14217.58	17679.92
1757	16567.09	753.55
1758	1439.3	11033.43
1759	17958.88	1979.45
1760	1383.68	2984.65
1761	2806.75	11815.51
1762	4487.12	14754.08
1763	15551.5	8559.03
1764	4825.11	4275.04
1765	17731.96	14475.5
1766	12626.11	11950.86
1767	6794.19	17628.24
1768	14632.48	13853.93
1769	2710.38	16519.02
1770	1650.72	14342.93
1771	9704.05	7518.41
1772	18818.92	18224.73
1773	7656.28	18767.84
1774	3973.61	10367.82
1775	4500.54	4289.91
1776	71.2	12330.37
1777	16427.01	15975.37
1778	5384.37	1332.21
1779	16067.42	10773.32
1780	8299.8	11983.93
1781	1970.69	18585.98
1782	3121.52	3806.41
1783	6570.7	10846.46
1784	10150.24	8265.43
1785	862.39	17045.35
1786	12994.49	6234.86
1787	11976.71	15765.16
1788	18965.4	9694.21
1789	4638.13	13469.67
1790	3140.43	6037.28
1791	17217.01	18836.57
1792	14867.91	5041.02
1793	4007.03	12761.15
1794	18755.05	17434.66
1795	11425.27	14292.83
1796	8794.16	16394.57
1797	7459.82	14270.32
1798	9012.64	3707.39
1799	2123.47	12084.67
1800	12186.16	2111.36
1801	12512.76	2116.84
1802	2118.39	11144.07
1803	7711.25	572.4
1804	9951.65	2732.01
1805	13169.25	9646.69
1806	17551.35	13103.34
1807	17782.87	13133.19
1808	7724.58	14369.62
1809	7328.87	9338.77
1810	2923.0	1883.12
1811	7356.27	4481.85
1812	15170.65	10100.09
1813	4969.0	16933.45
1814	5732.13	9961.2
1815	13966.04	7530.44
1816	1173.8	2686.59
1817	8368.44	14252.41
1818	17185.85	9414.91
1819	14027.73	4508.44
1820	11197.11	6947.88
1821	9403.81	17779.96
1822	4105.87	12445.54
1823	10168.61	742.49
1824	9980.5	10308.33
1825	15711.01	16537.69
1826	14311.89	14341.73
1827	4107.01	11156.11
1828	14284.35	13129.48
1829	11758.88	15551.22
1830	13488.52	4228.21
1831	2993.49	10693.57
1832	16838.48	12682.73
1833	10212.81	14216.98
1834	15133.77	2269.61
1835	8628.88	2535.24
1836	4395.03	14784.06
1837	18995.79	1641.49
1838	13233.12	3391.44
1839	6855.62	167.62
1840	17547.45	1017.8
1841	8205.52	2986.13
1842	12698.38	2765.89
1843	160.17	16869.84
1844	15111.45	11777.85
1845	16828.8	3775.34
1846	2371.38	12079.7
1847	10355.4	10881.42
1848	190.42	1034.08
1849	440.65	17379.36
1850	17497.55	2997.16
1851	12976.7	3103.52
1852	1251.9	5258.09
1853	13682.44	9482.8
1854	18070.47	3345.14
1855	9263.62	16017.79
1856	15062.11	176.98
1857	2133.97	16263.47
1858	18197.36	10285.56
1859	10228.96	12970.24
1860	8857.78	2003.74
1861	15673.76	16308.86
1862	7734.89	8059.25
1863	3115.36	4644.26
1864	12683.31	8666.72
1865	13866.98	7036.68
1866	3895.36	18576.48
1867	2236.18	5167.92
1868	14739.02	6813.13
1869	16687.08	5624.72
1870	16720.29	13104.43
1871	2870.17	4003.82
1872	16410.99	11689.46
1873	16787.15	8152.93
1874	12253.44	17939.81
1875	10886.6	3907.59
1876	9830.46	8217.37
1877	2068.88	2993.61
1878	1919.98	1706.96
1879	7029.5	4310.47
1880	4123.51	5029.45
1881	4629.68	15188.36
1882	13379.73	16484.67
1883	5563.89	12249.04
1884	14350.53	15520.17
1885	17234.66	7738.2
1886	2874.06	5166.21
1887	15913.8	5289.51
1888	18820.62	1564.4
1889	609.36	9077.13
1890	11298.45	14729.27
1891	18240.11	5197.14
1892	7355.64	9915.3
1893	4803.56	2021.77
1894	8942.79	9863.19
1895	15003.17	12340.25
1896	4717.13	17185.57
1897	7417.15	14345.74
1898	2986.13	12880.94
1899	15045.41	13503.27
1900	11273.34	11414.15
