1	6823.37	4926.75
2	12726.46	365.1
3	14695.64	13795.83
4	1099.37	1376.78
5	12927.03	11643.46
6	10872.45	13540.87
7	4986.41	5621.1
8	13051.89	1738.03
9	12242.52	12632.83
10	15467.48	12032.58
11	15722.4	14558.96
12	16799.32	13333.06
13	3063.52	15469.92
14	4086.5	14444.0
15	1424.46	10400.84
16	2596.9	12494.76
17	4577.5	10576.8
18	7382.55	2446.97
19	9652.5	11571.7
20	7561.49	2340.13
21	14606.58	6199.17
22	2328.54	4349.21
23	1772.0	13419.48
24	13875.3	8262.65
25	14075.89	911.41
26	2298.53	13943.42
27	14593.09	4672.86
28	2730.37	4486.48
29	4729.15	12984.98
30	13952.94	10307.92
31	8119.48	7580.38
32	2208.74	278.61
33	13456.07	4631.31
34	521.23	16415.77
35	14048.34	11583.03
36	8191.18	4270.01
37	15412.83	14046.18
38	14716.02	13375.92
39	10806.4	7080.55
40	5956.47	14432.92
41	4186.36	5783.13
42	14979.47	5115.79
43	155.86	13110.76
44	884.95	8421.19
45	4803.42	13480.36
46	11969.6	9794.02
47	5301.94	6285.24
48	1207.28	3632.92
49	6827.07	4651.09
50	6261.89	8494.0
51	13093.99	12378.16
52	11404.83	3620.12
53	7555.43	13445.95
54	11186.39	6249.82
55	3750.34	6167.51
56	15322.68	13704.54
57	8995.86	15504.0
58	10043.82	7981.52
59	1031.6	9565.88
60	11351.58	3599.61
61	9118.34	1193.77
62	15070.83	14550.79
63	926.44	1345.43
64	11063.11	14470.07
65	2107.17	14383.78
66	734.95	1092.18
67	12734.89	14051.86
68	614.46	10843.24
69	16128.08	5637.27
70	4733.49	2249.79
71	3637.91	5980.96
72	5501.12	16576.13
73	13066.5	7191.84
74	12382.88	6551.43
75	9647.76	16690.56
76	15079.97	4704.21
77	7889.53	15293.12
78	2484.29	2216.42
79	328.7	263.15
80	2008.06	6059.32
81	9008.24	13529.96
82	16507.82	14008.29
83	402.42	5158.64
84	2641.83	15850.57
85	10341.64	7387.83
86	12519.56	9774.64
87	14046.39	8780.17
88	10668.69	7097.69
89	7450.16	3842.94
90	5382.02	15981.73
91	8454.53	14897.63
92	14893.75	479.33
93	11766.43	15842.24
94	1646.12	1615.31
95	13115.84	13476.67
96	130.37	15533.97
97	16556.41	15768.77
98	2063.3	270.32
99	16507.95	14064.08
100	2004.92	9959.19
101	1263.26	15038.75
102	8958.91	15464.63
103	8305.57	1671.47
104	13596.73	2032.1
105	10302.07	1950.24
106	2574.92	9588.52
107	3862.51	1671.4
108	11281.11	4386.42
109	334.58	8220.68
110	2140.13	10735.85
111	5204.73	14063.42
112	16931.5	12626.41
113	13860.33	8249.8
114	671.67	1886.73
115	7045.16	14854.95
116	1196.66	682.25
117	16101.55	11477.27
118	13594.47	16328.08
119	7609.83	12527.78
120	11043.41	7244.63
121	15211.95	15380.97
122	14479.82	13305.09
123	3184.38	2487.41
124	8096.37	4998.61
125	1884.49	11155.99
126	7778.1	2526.85
127	2181.56	11831.42
128	6173.43	2269.39
129	8413.2	5677.61
130	10203.71	3712.2
131	12228.54	4581.63
132	4089.46	8691.67
133	8004.01	79.99
134	839.2	4601.88
135	3505.68	12663.66
136	6951.11	13694.88
137	13135.06	16445.73
138	8643.18	6201.58
139	14381.18	15837.96
140	5373.79	6862.06
141	14222.23	9628.79
142	9661.1	3524.57
143	8949.2	12817.46
144	10095.89	3355.64
145	361.1	8861.27
146	13656.39	12998.08
147	7620.8	1624.82
148	14649.3	10475.04
149	16006.39	12355.81
150	6296.84	1214.86
151	12116.82	14185.71
152	8688.46	2368.33
153	1799.72	6922.67
154	14401.64	12459.92
155	9863.69	16722.92
156	7156.52	8798.14
157	432.36	4189.3
158	5821.38	8944.98
159	14896.86	11204.07
160	4453.13	9104.19
161	13670.74	3755.76
162	4851.4	1709.47
163	12159.49	12511.44
164	5296.28	8487.01
165	8769.94	14983.93
166	11856.31	11942.41
167	15794.01	11167.7
168	3461.8	3702.27
169	13514.85	5049.19
170	8197.93	3938.96
171	10313.24	8306.02
172	11579.65	10296.68
173	7392.98	13345.37
174	1398.75	8822.2
175	5226.72	5425.36
176	4856.17	8917.58
177	9323.22	2045.91
178	10998.13	10689.99
179	14691.91	2181.58
180	15273.99	3919.5
181	9142.59	16040.87
182	6859.82	5289.28
183	12147.32	14728.23
184	3536.15	2093.36
185	4233.87	16030.53
186	2563.6	4337.07
187	581.14	12529.13
188	13061.34	5405.92
189	16213.29	2931.93
190	1011.57	4759.23
191	14837.45	1701.85
192	11126.36	8834.29
193	9475.36	11123.1
194	12101.73	14606.44
195	3537.15	6763.18
196	2802.15	8310.17
197	2032.72	535.96
198	14341.19	15803.87
199	14992.77	897.17
200	13656.82	15146.44
201	11460.81	13754.59
202	6750.05	14611.86
203	10320.17	8760.63
204	9488.9	9422.93
205	8941.16	9274.48
206	886.66	14742.11
207	3640.41	4877.98
208	2882.16	8521.72
209	9683.87	6828.52
210	4395.49	4384.31
211	340.59	16896.44
212	10884.38	2227.52
213	1073.47	5952.81
214	3325.74	15610.35
215	1544.64	9548.04
216	11089.94	3904.97
217	13199.46	7958.78
218	5579.05	2949.89
219	14909.39	3011.29
220	9426.56	15344.89
221	13691.5	10830.86
222	11093.49	7084.69
223	12076.91	5356.95
224	8369.22	6990.94
225	1059.94	6173.26
226	16214.28	11020.87
227	7236.77	13400.58
228	7337.14	12090.19
229	11152.52	13826.28
230	15659.72	4137.48
231	6703.21	57.63
232	4157.09	16996.82
233	11903.79	10179.7
234	7812.48	2680.52
235	7598.36	4895.98
236	15045.15	9847.9
237	12674.61	7254.26
238	6374.66	1962.25
239	7544.53	8220.99
240	13209.9	579.34
241	6737.78	4668.02
242	6323.24	2667.14
243	14927.75	6638.02
244	11831.15	13487.93
245	7202.55	16736.13
246	3233.62	8493.07
247	4357.86	1650.66
248	10340.04	9489.63
249	7094.81	2069.45
250	7323.7	2362.13
251	2838.36	8471.09
252	10161.69	5632.8
253	10590.4	11852.95
254	367.71	16908.72
255	12883.58	15855.99
256	2097.88	10381.31
257	4371.58	1372.41
258	4564.47	15752.82
259	2613.32	5655.23
260	5015.18	6100.8
261	2054.61	7231.83
262	13588.83	16504.45
263	8368.93	16571.32
264	16472.41	16025.55
265	967.0	8974.47
266	9826.7	14217.38
267	10873.54	3412.58
268	4762.16	16506.51
269	7825.24	8672.5
270	2908.04	15385.73
271	10697.89	15616.15
272	5097.42	9699.35
273	7664.47	8897.13
274	454.68	12715.28
275	7496.78	285.04
276	875.09	7552.3
277	1716.52	15055.88
278	5905.23	6986.94
279	8682.93	15627.49
280	11609.85	8088.03
281	10936.16	14048.3
282	16207.82	9231.08
283	4402.67	5367.81
284	10027.3	209.19
285	12061.1	6732.41
286	6975.16	14374.32
287	9376.32	13514.87
288	15589.05	8873.2
289	13496.12	16813.21
290	4826.13	15697.63
291	3958.62	6399.39
292	6140.71	12823.24
293	2763.99	7379.64
294	14081.42	5985.97
295	7144.74	3356.37
296	7747.53	4997.48
297	11704.43	1831.64
298	3512.96	16308.77
299	11815.1	7965.86
300	3931.75	13108.07
301	11245.08	15108.4
302	5106.81	6802.09
303	10549.04	7895.0
304	10977.93	13307.6
305	14626.22	15296.49
306	643.17	6134.08
307	12293.74	7605.14
308	1499.9	2304.16
309	15569.93	2656.95
310	3633.51	7324.01
311	13405.37	7556.1
312	8542.38	13335.96
313	2745.12	5094.04
314	15086.93	7244.06
315	1923.28	15384.91
316	12352.99	2837.78
317	5318.3	5772.39
318	14928.31	16911.9
319	14290.01	12236.84
320	10744.71	10538.53
321	14288.83	16031.72
322	15715.73	794.71
323	5483.09	13378.89
324	14198.96	4502.42
325	1754.46	10143.82
326	12354.17	4585.9
327	7214.3	4423.44
328	10075.9	9583.95
329	8216.91	12894.64
330	8237.15	2788.04
331	16283.12	16242.17
332	10505.2	564.56
333	14124.34	2506.93
334	4854.6	6686.68
335	13704.56	7897.03
336	1796.2	9547.59
337	11345.72	16839.73
338	14490.92	1602.1
339	11399.38	1524.28
340	9800.85	16223.23
341	11764.02	5202.86
342	10977.94	14257.55
343	14197.21	4336.9
344	6964.26	15199.29
345	7257.72	16974.75
346	10217.0	6823.63
347	15576.25	6126.9
348	15123.02	2999.72
349	12630.63	10601.35
350	8736.13	511.38
351	3164.31	16868.82
352	15094.43	11188.76
353	2681.79	10324.65
354	10464.98	11661.88
355	15444.39	9138.68
356	12125.18	14903.27
357	9166.08	16760.43
358	15507.73	16814.86
359	15328.4	3936.94
360	2787.06	10400.85
361	4007.71	8435.47
362	9118.69	4679.02
363	16192.7	15676.67
364	12363.38	4516.87
365	15622.54	8657.35
366	6082.9	3351.93
367	12.67	3101.53
368	7845.23	6192.41
369	13921.89	11952.07
370	11262.08	12337.41
371	10225.47	10057.21
372	293.14	11603.27
373	5236.88	5267.33
374	5911.75	15061.4
375	7188.54	9075.49
376	13217.13	13410.98
377	291.84	6321.82
378	1213.4	2612.04
379	6384.39	60.6
380	3065.87	1916.52
381	1258.28	2246.29
382	1339.24	10114.31
383	1665.54	8822.95
384	2272.54	13500.7
385	7475.34	4910.22
386	10113.59	13631.41
387	4884.34	9374.11
388	2134.08	13554.38
389	11271.56	2011.76
390	9175.21	10751.1
391	14274.32	3952.61
392	14715.22	16181.15
393	8759.14	53.9
394	4455.67	1164.01
395	3249.58	10345.05
396	7786.06	5836.12
397	88.29	1790.09
398	16314.37	531.61
399	10699.28	14524.38
400	5731.29	10104.88
401	14914.08	4742.34
402	13366.76	10110.77
403	11112.66	6218.67
404	15836.77	2815.02
405	11755.34	9074.76
406	4147.22	3311.39
407	2876.55	10713.09
408	2811.11	6861.09
409	2892.44	13283.42
410	7333.45	9486.57
411	13114.1	4053.12
412	3183.95	5470.88
413	4297.54	11396.03
414	7166.65	11749.61
415	15712.97	6917.52
416	10184.77	1102.05
417	10865.82	15911.5
418	9822.66	2996.77
419	15465.91	2870.37
420	3541.16	14066.74
421	10623.37	10732.02
422	7800.93	2451.69
423	1810.57	15590.35
424	11635.93	4812.13
425	2858.35	12059.15
426	1443.13	8001.17
427	16055.76	15957.63
428	1559.38	9095.98
429	105.62	10536.79
430	3846.31	7350.14
431	12373.91	7104.85
432	100.46	3572.12
433	8944.38	11742.48
434	630.88	15549.79
435	8735.23	8476.16
436	14248.64	259.16
437	2329.76	3526.11
438	8292.35	6353.19
439	9066.48	759.75
440	5909.41	6549.58
441	16202.53	4494.61
442	12413.24	4558.57
443	10024.3	14715.1
444	15391.62	2929.5
445	9603.87	16149.3
446	10480.6	11057.25
447	12406.7	11497.23
448	1202.36	16794.46
449	12173.85	1872.52
450	3466.3	1400.22
451	9621.16	3291.19
452	8889.82	575.34
453	3918.33	5483.15
454	16161.69	11298.43
455	5673.59	14919.4
456	15926.56	10375.82
457	5168.23	8969.15
458	7134.6	1196.01
459	286.62	7456.8
460	11237.31	7087.67
461	11641.24	13442.31
462	11864.43	1288.23
463	5295.83	1335.87
464	11365.19	16696.39
465	1395.74	4076.46
466	8530.05	4881.42
467	1023.14	16968.12
468	16716.25	3259.33
469	5372.84	1617.44
470	447.76	14157.46
471	14683.09	1009.39
472	6023.67	2886.12
473	13567.05	15691.37
474	7547.96	5315.66
475	7587.17	9958.01
476	1091.93	9339.1
477	9265.33	6997.01
478	671.92	12590.43
479	13854.56	1587.62
480	11070.82	1296.38
481	2312.03	4534.82
482	14666.67	15374.45
483	12504.27	15561.61
484	14088.49	6871.0
485	7788.65	3856.19
486	1922.32	16569.55
487	5723.23	8004.38
488	8293.1	13554.84
489	5162.51	12994.85
490	10049.68	10987.25
491	10906.46	1908.91
492	7248.74	15096.9
493	5943.48	601.38
494	13775.03	13231.0
495	969.53	971.79
496	15693.58	13444.83
497	575.52	11458.73
498	16659.14	3907.72
499	11679.94	5298.97
500	7484.03	8020.74
501	15728.39	14845.4
502	5203.61	11293.77
503	5013.74	1531.03
504	16889.04	16916.85
505	125.96	14810.01
506	14369.11	3928.21
507	7917.33	12259.26
508	9167.13	14743.75
509	3439.45	3554.26
510	15218.52	7764.53
511	3930.26	12572.95
512	2947.13	13990.02
513	9452.92	13074.13
514	3220.94	12312.18
515	12740.11	13264.27
516	3858.03	15026.38
517	9539.93	14030.21
518	16383.59	15432.92
519	8121.8	7651.58
520	3512.5	15556.75
521	3239.9	7472.09
522	4471.25	483.63
523	13679.95	11482.21
524	4799.12	15666.5
525	3107.63	2277.21
526	4850.9	4443.65
527	939.89	8429.05
528	10949.68	1588.52
529	4064.51	2648.64
530	16524.48	9511.67
531	439.98	1127.99
532	623.55	13223.0
533	1727.69	9746.14
534	8244.28	376.39
535	7296.13	5988.75
536	8717.37	12953.75
537	354.28	8155.33
538	3275.03	6973.98
539	13481.45	14137.69
540	1186.56	4303.11
541	3567.45	8771.41
542	5292.61	2563.52
543	14022.59	15466.3
544	1217.23	5414.96
545	813.41	16106.8
546	15388.63	11916.22
547	5780.86	7204.25
548	1491.43	834.49
549	2222.58	6842.53
550	12726.38	7045.94
551	1850.39	15348.0
552	3145.47	7902.55
553	13956.51	6860.03
554	14347.94	13691.85
555	10225.22	491.29
556	6832.95	7898.78
557	3032.07	6617.73
558	13501.82	14277.71
559	6757.7	2531.77
560	8102.38	14701.97
561	850.25	10172.81
562	12783.64	785.34
563	1002.12	15863.69
564	8975.79	513.85
565	2621.04	2370.72
566	689.52	13292.06
567	3371.6	12279.35
568	15039.14	15607.4
569	10757.7	3381.75
570	15462.92	14440.56
571	8987.03	16567.85
572	9847.17	8785.5
573	16933.18	3985.54
574	6236.11	16841.98
575	4001.04	5950.29
576	3465.05	6179.06
577	16145.54	10965.79
578	6411.07	16506.06
579	2804.84	8552.9
580	13349.12	4640.57
581	9443.22	16022.0
582	10719.3	16595.66
583	1647.33	4969.44
584	59.13	3485.47
585	6727.6	14557.08
586	13659.81	2931.96
587	8262.05	3822.2
588	6356.61	12532.68
589	6279.71	13727.36
590	10939.5	16521.66
591	14428.13	6202.86
592	15965.86	11897.36
593	11420.69	8942.7
594	12462.99	8858.02
595	7410.0	9533.21
596	11865.38	6567.77
597	13788.58	16277.96
598	13439.93	764.47
599	12517.12	15514.25
600	7243.81	13240.35
601	10954.56	14168.99
602	13210.92	3209.13
603	12458.75	3173.86
604	12117.69	16031.87
605	3923.85	11358.03
606	11386.28	12328.47
607	16479.32	7764.04
608	4391.27	5374.84
609	2817.23	5696.23
610	10909.56	14079.92
611	685.47	7099.49
612	3196.79	5892.43
613	5964.19	9091.22
614	14831.29	12787.2
615	1978.9	1071.49
616	2051.53	1340.83
617	7070.62	946.12
618	16496.54	2922.68
619	6667.72	1594.78
620	16205.2	10148.54
621	5203.9	6388.32
622	8645.99	16411.79
623	14985.01	10822.03
624	12871.02	866.13
625	518.65	14181.78
626	3579.22	16933.46
627	7838.53	3991.33
628	4183.31	10443.5
629	6070.51	8139.92
630	11976.9	8060.24
631	12089.24	6396.77
632	164.17	6630.29
633	13289.46	109.66
634	1909.54	13432.86
635	16900.63	16269.02
636	13202.45	16521.6
637	3808.09	12545.74
638	1412.54	631.93
639	12338.43	12327.3
640	11937.9	61.96
641	7483.26	935.91
642	7420.45	13521.78
643	13712.6	2244.71
644	1461.87	12913.6
645	9691.83	4817.58
646	4737.99	15977.85
647	10069.76	173.86
648	3193.52	6730.69
649	189.96	10843.83
650	12767.65	10070.06
651	14953.04	11519.68
652	2572.07	960.06
653	3429.18	3235.1
654	10664.53	13884.17
655	291.94	15382.97
656	1459.01	14896.01
657	123.61	4037.86
658	5590.83	2569.65
659	12409.66	12714.47
660	11845.04	4679.27
661	3877.6	14905.27
662	13805.04	5758.71
663	15224.15	2131.2
664	8981.54	905.96
665	6774.5	16972.55
666	14061.31	12144.77
667	7906.48	1835.44
668	9331.25	7022.36
669	12747.76	2830.25
670	222.55	5990.79
671	5682.63	15932.69
672	3791.22	14778.03
673	16495.47	4639.6
674	9981.48	3264.49
675	983.34	4001.43
676	16042.7	15063.8
677	14168.81	2623.88
678	14908.22	10346.82
679	12668.09	16726.09
680	13462.32	9779.85
681	14622.75	10314.73
682	12591.76	920.56
683	16280.18	14684.29
684	7693.1	3930.73
685	5129.77	11006.81
686	3989.02	7414.24
687	7996.61	5502.51
688	11084.91	4453.44
689	6068.24	164.75
690	15036.27	4691.51
691	1183.28	16665.45
692	410.86	11537.73
693	16961.45	6570.49
694	16415.03	14324.48
695	9446.4	13147.23
696	3480.65	9870.46
697	15625.3	13802.36
698	5923.4	13222.32
699	10747.62	8963.54
700	7105.27	15139.63
701	16651.24	7833.55
702	175.44	5467.85
703	7102.38	1175.06
704	16983.08	12802.54
705	5167.76	44.62
706	190.63	10274.83
707	6208.67	6708.4
708	8306.32	1961.45
709	631.44	8846.46
710	2736.53	5669.17
711	14345.92	7234.42
712	5899.69	15144.81
713	5525.59	2737.35
714	15736.08	8068.7
715	3913.16	14725.26
716	11906.5	5391.39
717	12857.15	14544.84
718	13526.99	4947.82
719	14556.74	15759.41
720	14179.45	10058.92
721	363.68	7458.87
722	1803.37	6527.92
723	15230.65	3015.76
724	6686.89	12658.8
725	124.62	1638.93
726	8594.42	1463.22
727	13398.17	6273.82
728	269.15	9698.14
729	11845.26	678.12
730	4789.23	15888.61
731	6816.93	3793.98
732	9895.81	1493.02
733	10232.78	7771.92
734	16499.52	11629.12
735	7209.67	14652.69
736	5225.15	11939.46
737	2754.41	15514.62
738	9828.54	8320.38
739	8904.62	13333.15
740	3921.79	6686.75
741	13328.4	2513.44
742	5222.32	1285.03
743	2565.0	16731.05
744	16117.23	4970.22
745	16531.75	5417.16
746	16951.79	435.66
747	8891.18	12970.41
748	2835.99	16364.96
749	13648.66	3789.38
750	11791.73	10502.41
751	3319.11	1693.69
752	10616.78	14079.25
753	8781.62	8746.6
754	1662.92	12517.39
755	13339.44	15697.37
756	8148.02	5887.89
757	11884.52	7970.74
758	15579.58	6657.87
759	4680.91	14915.19
760	13913.04	16363.08
761	16792.16	7684.04
762	5715.95	11831.94
763	11374.88	392.94
764	14525.61	14742.31
765	1713.66	4169.27
766	13270.43	1893.13
767	13450.84	5216.91
768	3885.8	8343.98
769	2815.12	5735.31
770	9931.51	5709.23
771	16073.19	8367.22
772	6703.48	3284.86
773	1289.3	1799.91
774	9046.84	3729.02
775	1102.26	8408.5
776	6453.73	11913.78
777	13155.27	3480.8
778	8431.09	12775.07
779	15032.63	1931.13
780	4712.49	5002.55
781	2685.01	3398.01
782	16106.42	1917.85
783	2236.7	14407.91
784	4688.35	4089.92
785	16239.22	5802.27
786	3643.95	3264.24
787	8277.48	16862.66
788	11067.58	8371.94
789	11612.08	8127.89
790	153.7	6562.24
791	11060.38	16393.69
792	3719.98	9763.08
793	5177.69	9928.17
794	14165.57	11798.32
795	775.72	10589.22
796	11704.28	1082.38
797	11770.07	5193.85
798	9290.43	4970.39
799	7679.19	8249.42
800	14166.63	5357.37
801	14462.86	11196.16
802	12885.17	8868.9
803	1532.0	5297.66
804	824.65	4163.05
805	15666.71	15688.73
806	802.67	3408.27
807	15740.27	8382.21
808	6483.52	1381.57
809	10371.05	16432.22
810	4319.39	15913.71
811	12118.52	5801.0
812	4166.02	15716.32
813	14012.45	4350.51
814	4128.0	5238.75
815	13724.79	8233.14
816	6598.95	11004.29
817	446.76	15277.51
818	12866.77	12083.31
819	10006.33	10886.25
820	15819.21	8106.77
821	1004.02	2174.64
822	11324.61	16532.35
823	15934.45	5260.95
824	11010.9	764.29
825	16821.59	9265.81
826	2755.57	5055.54
827	8549.97	16537.84
828	5755.19	4256.98
829	9523.69	11794.24
830	1477.63	1141.23
831	8436.72	14388.78
832	14478.13	9802.87
833	13105.37	13050.1
834	5801.59	2264.82
835	3353.54	7223.29
836	13513.54	14097.2
837	15072.52	13070.38
838	7542.96	11012.59
839	5826.49	13544.56
840	3717.32	371.22
841	7351.22	6352.88
842	7885.66	985.44
843	91.93	14770.9
844	6909.88	15391.79
845	12959.42	6947.1
846	5332.27	6456.45
847	16157.62	7310.3
848	6396.77	11840.43
849	178.02	932.52
850	5104.22	9780.01
851	8277.85	7237.27
852	13110.2	3836.18
853	5128.42	13035.86
854	371.86	6363.87
855	898.22	11783.91
856	238.36	9451.97
857	10364.17	15354.78
858	14588.6	9157.12
859	16278.25	5574.22
860	10645.76	3878.94
861	12237.85	3303.89
862	13512.37	6437.71
863	9430.99	8729.67
864	5119.55	904.27
865	12076.9	13505.92
866	15753.07	1463.49
867	5233.66	14174.34
868	14824.56	2768.05
869	12096.01	13958.97
870	1438.15	12429.08
871	7831.96	6162.85
872	4426.22	5394.55
873	2334.84	14813.1
874	10258.57	3643.67
875	2526.16	15223.66
876	3469.79	8382.51
877	12541.84	16969.64
878	2174.22	5566.26
879	12701.65	10660.42
880	14799.89	2310.6
881	11192.02	7194.31
882	6632.01	13151.82
883	8872.72	16448.62
884	4720.6	3521.2
885	14528.7	29.05
886	8003.23	6499.35
887	1739.29	15381.13
888	15694.93	5076.07
889	10536.59	7641.03
890	7000.94	576.45
891	14868.21	8622.92
892	2496.04	1230.13
893	12621.16	9045.49
894	8963.15	11075.78
895	6633.19	1686.55
896	7116.88	8189.57
897	8465.14	14749.71
898	13217.44	8321.71
899	15577.57	16018.31
900	16301.4	7156.38
901	2968.83	15621.96
902	9753.87	14629.67
903	10228.38	2979.94
904	7906.96	9604.79
905	16440.3	8907.06
906	9343.79	2076.52
907	8554.55	10970.98
908	4333.23	4207.55
909	9265.94	14997.45
910	8959.71	12909.4
911	545.17	7074.28
912	3358.65	15967.45
913	14344.58	6203.38
914	9791.62	10069.99
915	14872.67	3208.5
916	7055.33	4112.5
917	1073.68	242.6
918	13706.52	1557.32
919	5715.19	8756.16
920	6634.67	6450.47
921	16428.02	5568.8
922	11896.96	332.91
923	9465.59	3186.81
924	2269.68	15965.73
925	10468.58	13147.99
926	15035.67	8314.03
927	3026.72	13269.16
928	15223.18	8139.09
929	4331.16	13264.42
930	14627.27	11546.04
931	15508.54	4534.24
932	3223.3	7053.94
933	6914.98	5062.59
934	11508.29	9862.76
935	8491.82	9136.63
936	8247.88	14267.82
937	14627.69	13837.53
938	12789.75	2334.32
939	4838.28	3040.36
940	3687.04	853.73
941	14082.32	14886.96
942	15394.38	5301.47
943	8986.4	6974.85
944	9731.31	5841.73
945	8763.83	3669.62
946	6294.98	11521.68
947	6487.16	5671.67
948	10721.93	3995.28
949	9709.57	15607.06
950	13732.82	1835.01
951	12981.77	6878.53
952	5180.32	6081.88
953	12159.0	9881.98
954	5086.74	3216.0
955	13403.54	219.3
956	10526.39	15124.06
957	13719.54	4936.41
958	7121.13	11570.09
959	13988.62	3510.77
960	3474.63	10439.92
961	11239.04	14935.82
962	15965.57	4085.91
963	9988.14	7901.18
964	10258.19	9069.95
965	2870.3	15425.72
966	11099.75	9645.58
967	15273.58	15041.66
968	15857.01	12279.0
969	8411.2	15783.14
970	15550.3	6611.26
971	3150.46	1615.14
972	4735.37	8131.85
973	11736.4	12829.04
974	10413.43	9074.49
975	15211.8	7792.63
976	9343.35	6433.86
977	804.8	2142.45
978	8768.62	11055.31
979	5063.57	7297.14
980	14185.32	15458.11
981	6338.95	14890.97
982	2052.13	4585.6
983	7460.78	5915.52
984	7955.44	11878.89
985	7165.92	11496.23
986	16082.17	1252.05
987	4985.8	13152.45
988	5530.04	11904.33
989	6683.45	9451.2
990	10709.43	11402.62
991	1432.01	7188.92
992	2.0	15258.41
993	16772.14	7911.72
994	15327.41	5143.62
995	2126.6	15306.56
996	1818.11	11338.94
997	14549.43	1146.41
998	7016.79	13929.77
999	7828.3	14899.3
1000	15916.74	14429.05
1001	8701.63	11581.08
1002	14402.32	7327.29
1003	16386.53	2453.28
1004	15874.26	10718.04
1005	8675.4	10669.71
1006	5894.05	4641.94
1007	752.32	1318.15
1008	8930.28	9042.88
1009	1027.68	14519.56
1010	8416.54	15058.96
1011	1072.92	3158.65
1012	4810.06	2383.18
1013	7346.54	12076.86
1014	370.69	12825.15
1015	12698.92	13059.08
1016	9209.82	7603.16
1017	13250.46	4045.38
1018	4270.13	7831.85
1019	13377.39	4885.77
1020	14710.66	15005.27
1021	10639.85	5454.82
1022	12731.05	2082.89
1023	7821.03	10533.93
1024	14934.44	4965.95
1025	8512.87	8673.54
1026	13568.87	13067.93
1027	16808.33	15570.26
1028	3404.54	6150.64
1029	10251.93	6761.29
1030	10803.16	16530.2
1031	8537.72	16732.4
1032	12952.83	3357.12
1033	9032.87	4629.84
1034	703.85	1591.11
1035	411.43	16976.3
1036	16691.09	14989.21
1037	4119.34	16291.29
1038	9141.39	3748.21
1039	15204.01	4383.26
1040	14910.39	13687.53
1041	3914.93	6706.19
1042	2489.47	1679.95
1043	5399.38	9007.68
1044	4459.28	13738.76
1045	5571.48	13379.51
1046	11052.63	11680.74
1047	1859.63	1884.43
1048	254.43	14936.74
1049	2943.97	5757.3
1050	5887.22	14642.74
1051	8710.6	3799.32
1052	303.54	1166.71
1053	14213.3	1279.11
1054	14719.41	13734.68
1055	9595.4	5625.55
1056	10698.91	2301.1
1057	7597.88	12398.23
1058	7856.32	3312.45
1059	6817.74	9387.81
1060	10915.94	8533.06
1061	5882.5	1978.01
1062	5882.56	6807.32
1063	8108.5	3987.39
1064	8545.06	2645.08
1065	9034.62	13581.52
1066	15240.99	1340.48
1067	3148.24	5378.91
1068	2563.3	486.61
1069	13802.29	10851.48
1070	5434.87	9834.03
1071	7471.81	16444.19
1072	13438.3	12822.95
1073	8950.84	5033.92
1074	10904.8	14151.31
1075	6823.29	10353.39
1076	8494.74	10845.21
1077	9588.41	13321.5
1078	1004.12	8413.69
1079	11878.28	11902.27
1080	9490.26	12027.78
1081	1001.78	16553.61
1082	7084.2	3741.02
1083	13266.25	5169.87
1084	12325.29	953.81
1085	12755.34	8215.68
1086	2099.29	11616.83
1087	6166.26	11204.86
1088	1622.71	9064.02
1089	2801.99	6650.33
1090	11558.75	16200.37
1091	7144.79	7197.27
1092	2804.88	5320.52
1093	61.7	13647.15
1094	11329.66	8072.32
1095	13345.83	11726.59
1096	2104.8	5020.86
1097	10645.17	12982.2
1098	280.15	2392.65
1099	9333.78	6027.6
1100	15284.61	12177.83
1101	3489.8	3548.82
1102	4155.4	9972.67
1103	11777.41	2651.64
1104	9665.97	10560.34
1105	9139.71	5271.01
1106	16467.99	12397.71
1107	12315.67	6699.58
1108	66.71	12923.25
1109	11219.69	549.52
1110	657.21	1579.15
1111	4138.55	13905.52
1112	4341.65	5054.82
1113	3581.89	6348.97
1114	14772.77	8591.87
1115	11880.59	16729.86
1116	16698.74	3059.27
1117	759.97	6931.27
1118	8951.21	12177.82
1119	1787.2	15005.41
1120	11953.64	8505.18
1121	8219.29	14426.96
1122	5360.55	829.37
1123	11636.16	7873.33
1124	12950.99	15346.0
1125	2229.11	15340.27
1126	15662.7	7652.39
1127	7301.3	9456.74
1128	10690.96	5346.99
1129	3557.43	13583.99
1130	9781.31	6924.51
1131	8565.68	14661.64
1132	7288.24	14026.9
1133	10561.41	8304.9
1134	2447.12	9850.87
1135	8710.85	15309.07
1136	11710.61	5041.01
1137	15890.09	64.71
1138	4584.73	1783.65
1139	6569.79	3743.56
1140	11848.04	3825.36
1141	1639.46	8540.78
1142	14496.68	3482.98
1143	10866.93	6114.73
1144	7810.05	1091.92
1145	11689.37	14837.74
1146	4614.78	8948.79
1147	2540.86	12748.38
1148	1032.22	659.06
1149	2141.14	16680.15
1150	11181.95	10109.64
1151	15244.46	9784.01
1152	7124.74	6951.71
1153	7223.84	14440.3
1154	1118.46	8412.84
1155	7143.74	6422.85
1156	10294.46	14276.43
1157	4988.47	11957.45
1158	11459.98	16085.77
1159	16530.45	1281.88
1160	3478.01	7693.94
1161	11406.76	4622.4
1162	4996.99	12250.77
1163	12084.68	12855.07
1164	6264.15	9414.58
1165	16968.62	7595.25
1166	14826.17	5851.89
1167	3155.42	16205.99
1168	1373.12	1497.96
1169	16474.14	4925.18
1170	8535.23	13642.1
1171	1152.98	835.07
1172	9566.97	1389.25
1173	10653.49	4322.95
1174	13924.91	14561.67
1175	16955.26	11003.43
1176	522.02	1689.9
1177	15451.59	15905.75
1178	12673.29	7065.0
1179	1915.3	5927.41
1180	10532.34	3416.41
1181	11303.32	3772.89
1182	16050.16	5710.58
1183	5188.56	11261.11
1184	1006.49	12389.79
1185	14994.16	14668.48
1186	5501.9	11531.25
1187	71.36	8425.25
1188	3953.05	4350.82
1189	11719.29	14181.22
1190	10999.58	14227.12
1191	16752.19	4144.66
1192	7860.1	16979.55
1193	15841.45	4853.61
1194	872.53	9070.46
1195	2400.3	13954.96
1196	13413.43	12094.34
1197	2332.15	10299.66
1198	562.5	14705.18
1199	16113.38	154.88
1200	678.41	9.73
1201	1078.42	12292.98
1202	8172.65	10471.0
1203	13908.12	6712.29
1204	3841.37	15568.15
1205	4066.14	12849.81
1206	11654.64	5943.2
1207	14363.97	9130.38
1208	584.09	15479.18
1209	15249.13	9833.44
1210	2842.87	5257.42
1211	13965.02	16837.6
1212	4445.37	8854.96
1213	77.58	16444.72
1214	786.89	8621.83
1215	3197.76	10784.71
1216	5432.16	5906.5
1217	1403.63	7920.4
1218	8082.5	9490.08
1219	9520.59	2216.73
1220	1615.14	14026.47
1221	14824.85	15989.94
1222	13344.33	16893.44
1223	16696.11	13787.99
1224	9366.33	6284.7
1225	15920.76	4908.81
1226	13265.62	5484.62
1227	12368.61	11866.82
1228	3049.73	16989.15
1229	3372.94	13150.18
1230	16313.6	542.3
1231	184.59	10969.26
1232	2318.55	14601.19
1233	13658.59	1714.56
1234	5048.75	14180.89
1235	11617.33	6488.11
1236	11627.66	1368.36
1237	15996.03	13581.44
1238	2250.89	4678.21
1239	3879.64	16308.39
1240	5775.83	8955.07
1241	8311.85	5409.92
1242	9675.09	12650.32
1243	5220.5	7347.1
1244	8795.95	2855.15
1245	16157.19	2405.07
1246	1864.55	1578.28
1247	325.42	5140.52
1248	13295.0	6505.89
1249	4460.73	13494.75
1250	10036.9	14054.98
1251	16272.95	11984.17
1252	12441.18	16225.73
1253	14581.97	4718.67
1254	13841.83	12935.19
1255	3586.53	12123.01
1256	1403.65	6353.11
1257	11861.48	963.31
1258	10600.46	11814.45
1259	5496.58	8680.56
1260	15121.57	7745.68
1261	8983.5	8614.44
1262	9720.22	6250.68
1263	3460.25	93.22
1264	5368.82	9474.16
1265	2762.95	16208.87
1266	2988.99	7281.29
1267	1088.1	3851.68
1268	12604.53	15025.97
1269	1986.98	7455.79
1270	4151.33	8603.26
1271	7213.15	865.0
1272	8179.28	9522.71
1273	663.01	15456.49
1274	10196.97	6980.45
1275	11547.73	10452.79
1276	11422.76	8440.77
1277	13351.43	15207.13
1278	4471.8	10869.11
1279	7648.5	9317.85
1280	14221.31	12322.45
1281	11518.53	540.11
1282	14508.42	5755.78
1283	10667.52	15657.87
1284	15097.68	12703.48
1285	6574.94	13476.53
1286	1643.15	3110.18
1287	13536.56	15692.41
1288	2693.25	4247.59
1289	11315.44	10516.25
1290	4564.57	4726.89
1291	1690.89	4746.45
1292	5245.74	758.59
1293	14675.83	7896.05
1294	13893.42	3826.61
1295	1968.54	11072.28
1296	833.89	11401.07
1297	6429.64	11773.14
1298	12970.2	3971.94
1299	13392.17	1369.73
1300	2548.53	2817.05
1301	12788.52	3501.3
1302	742.7	5728.24
1303	14767.28	16906.27
1304	16846.04	15633.15
1305	13988.07	2728.02
1306	6790.57	10110.84
1307	410.19	2283.67
1308	16864.11	12506.07
1309	12711.52	11087.16
1310	15046.19	8603.91
1311	4000.84	1893.05
1312	16125.33	10333.55
1313	11081.69	7067.68
1314	6483.76	773.48
1315	2671.06	1908.42
1316	5052.36	8538.29
1317	9252.44	11344.97
1318	9080.03	14295.23
1319	12710.8	15510.24
1320	7944.74	13476.14
1321	5972.08	10305.41
1322	399.31	4817.9
1323	14409.96	2021.02
1324	4348.09	11668.71
1325	4597.91	13011.55
1326	8427.11	2806.71
1327	14371.68	13298.28
1328	6273.63	10331.97
1329	5141.89	934.65
1330	2869.37	1922.4
1331	6554.64	3651.32
1332	11503.7	11059.7
1333	6715.81	2525.7
1334	2930.8	16499.5
1335	11305.36	1120.18
1336	1767.97	8991.65
1337	13254.76	16526.89
1338	11094.26	16816.13
1339	10358.84	7953.63
1340	15798.55	4644.28
1341	8607.72	4576.25
1342	12988.62	13645.72
1343	3325.25	4397.91
1344	16987.01	2892.94
1345	16601.92	1649.8
1346	5219.0	12789.37
1347	15082.78	4310.05
1348	3100.52	9695.65
1349	2285.26	8228.78
1350	9568.49	13620.14
1351	16382.11	3032.05
1352	7080.82	10472.55
1353	7414.76	12977.9
1354	5268.53	15807.7
1355	5024.38	11278.03
1356	10354.06	12853.22
1357	425.39	8588.46
1358	5640.51	1250.52
1359	2041.85	8291.42
1360	6232.91	14067.35
1361	1553.9	15659.57
1362	11620.12	8648.32
1363	4602.29	9845.51
1364	1207.89	1516.8
1365	3939.65	5321.75
1366	14831.69	3238.32
1367	12703.53	2907.83
1368	1833.85	5491.81
1369	5223.07	4350.62
1370	7052.16	5072.96
1371	8239.16	13558.88
1372	13202.84	10233.64
1373	9124.28	616.07
1374	6516.64	118.73
1375	13759.65	6601.05
1376	4108.91	4161.09
1377	9377.47	6797.11
1378	3155.68	4131.76
1379	16620.18	13413.94
1380	16583.06	15591.66
1381	7743.18	15696.98
1382	5332.78	1242.01
1383	15408.75	4085.11
1384	16498.98	9672.34
1385	10209.2	4173.15
1386	16040.35	4462.33
1387	4986.32	12323.96
1388	13449.44	7106.2
1389	13574.44	16943.7
1390	5950.44	15528.26
1391	6991.21	5039.1
1392	6669.32	146.77
1393	10953.8	1394.7
1394	5419.77	2609.67
1395	2422.11	14167.43
1396	8142.49	14136.88
1397	2513.88	12162.31
1398	1631.1	15265.15
1399	7740.68	11678.57
1400	16529.96	9396.41
1401	4234.07	15606.52
1402	3318.55	10764.12
1403	7244.69	1649.72
1404	1719.81	13882.69
1405	1659.44	8931.49
1406	1024.88	15300.74
1407	10269.93	1591.13
1408	5443.16	8803.65
1409	5825.91	11611.69
1410	10709.85	5309.83
1411	2034.46	8545.69
1412	2102.62	11883.55
1413	5664.92	15604.05
1414	7728.47	8051.55
1415	5937.81	15389.99
1416	5136.96	2693.45
1417	13923.07	13697.62
1418	10970.23	13747.07
1419	16616.76	4838.11
1420	7331.39	6269.0
1421	9538.15	13464.52
1422	11680.5	16296.99
1423	232.64	12338.47
1424	10467.64	9223.75
1425	4688.79	10941.18
1426	4913.91	7927.21
1427	7482.14	13230.89
1428	16120.8	11280.06
1429	12119.27	13439.06
1430	2367.46	12879.58
1431	8200.16	7390.55
1432	5431.32	10893.39
1433	7876.84	6381.82
1434	14277.88	14848.39
1435	1314.73	1845.08
1436	13783.16	5769.25
1437	11622.88	2250.18
1438	7053.18	10454.85
1439	4400.68	11690.05
1440	1757.99	16277.23
1441	8925.23	14166.47
1442	2696.63	1854.27
1443	15332.3	12894.2
1444	547.96	5475.23
1445	3736.56	4921.79
1446	6308.64	1238.69
1447	7706.79	317.28
1448	14187.39	12537.0
1449	3926.33	12168.03
1450	11565.39	7578.84
1451	9305.27	2793.27
1452	15123.09	16548.68
1453	1391.6	10284.16
1454	3524.86	10322.48
1455	1095.69	10012.15
1456	11554.41	9175.51
1457	8833.04	11540.77
1458	6596.64	344.54
1459	4941.16	10209.05
1460	7312.45	118.96
1461	14850.57	8414.26
1462	14652.31	12833.56
1463	1466.05	10515.63
1464	3943.75	13542.67
1465	2950.91	9250.67
1466	12277.74	13672.99
1467	5431.46	1628.96
1468	13545.85	9486.4
1469	3709.18	13658.59
1470	15684.91	10977.57
1471	4265.73	14510.36
1472	13072.31	14158.49
1473	14530.71	6903.1
1474	8080.98	16702.58
1475	15736.65	15229.82
1476	15618.69	4797.83
1477	7658.47	15275.57
1478	10085.31	2987.54
1479	16166.39	9195.34
1480	2786.96	11587.43
1481	10595.42	8509.56
1482	9799.21	6168.23
1483	164.67	221.78
1484	5670.6	746.87
1485	14880.97	15272.92
1486	2268.67	14002.69
1487	16344.04	14859.59
1488	5159.12	6023.62
1489	9128.56	4457.69
1490	5117.04	4691.63
1491	7959.75	7217.04
1492	12929.85	5354.24
1493	7803.56	14515.58
1494	10537.93	4301.47
1495	2159.48	15809.52
1496	14672.58	8088.89
1497	16044.46	15784.7
1498	3438.03	3142.41
1499	2175.12	7731.98
1500	8922.54	7538.75
1501	10078.34	3507.63
1502	8729.95	2890.0
1503	409.37	15946.59
1504	7671.18	9528.05
1505	4939.15	10329.26
1506	2637.22	2697.65
1507	11276.54	7058.44
1508	7567.05	8176.01
1509	6548.74	11218.11
1510	238.37	1175.89
1511	1711.68	3324.0
1512	13566.26	12705.05
1513	10628.45	8053.82
1514	5698.97	14907.62
1515	7045.76	6608.95
1516	15014.66	4603.97
1517	8363.58	9644.59
1518	16403.02	13202.9
1519	9254.48	7600.06
1520	2646.0	15494.27
1521	3720.41	4214.17
1522	611.58	1011.06
1523	5505.16	5500.4
1524	12515.29	6769.16
1525	14205.74	7920.67
1526	8548.4	1603.65
1527	14515.58	1704.61
1528	5595.64	8545.53
1529	1031.59	9542.47
1530	1091.13	5725.35
1531	512.49	12389.08
1532	15654.91	9688.69
1533	16415.35	10857.93
1534	15332.63	14946.67
1535	354.26	9394.58
1536	6804.07	5607.58
1537	5669.81	5454.22
1538	11864.54	11688.42
1539	5681.29	5092.53
1540	11520.7	1355.2
1541	9709.84	521.21
1542	13077.38	1449.01
1543	8064.12	4680.16
1544	3297.77	6256.31
1545	2513.44	3224.7
1546	5302.47	9026.09
1547	10109.39	10025.98
1548	1067.75	914.67
1549	15659.53	15804.33
1550	5711.2	6393.64
1551	12591.9	2515.59
1552	6177.87	11434.9
1553	8846.52	4167.4
1554	5188.45	10439.23
1555	336.4	9731.07
1556	12225.41	1725.35
1557	7167.92	7982.36
1558	14960.43	13019.88
1559	11120.48	16116.65
1560	9495.95	736.77
1561	10956.51	7125.0
1562	11325.09	15454.4
1563	4905.6	9786.42
1564	13975.58	3133.26
1565	15434.84	15005.78
1566	2186.37	16160.37
1567	16435.81	14756.99
1568	12973.1	3184.73
1569	16187.97	7243.72
1570	4533.83	1793.97
1571	12039.78	9029.26
1572	1106.75	64.22
1573	2451.67	6123.24
1574	8010.51	8629.84
1575	14335.16	2376.11
1576	1232.19	6530.65
1577	16733.75	4364.96
1578	6185.22	355.02
1579	806.89	403.5
1580	8841.18	6217.65
1581	2277.28	7876.18
1582	3437.32	16003.1
1583	6632.42	3546.89
1584	14419.53	10484.76
1585	4432.64	6173.79
1586	16932.74	1767.3
1587	15918.61	3428.57
1588	3139.81	14112.43
1589	8717.0	5341.16
1590	13773.26	4734.43
1591	3300.43	3273.01
1592	10850.65	3677.59
1593	6709.01	3757.98
1594	13649.27	11346.39
1595	8597.16	2086.16
1596	9279.36	7308.03
1597	3998.66	2902.34
1598	14912.67	13772.58
1599	9402.56	1843.42
1600	4670.43	8274.65
1601	10185.88	16415.31
1602	9769.34	9801.63
1603	9937.72	8540.32
1604	10889.44	14125.16
1605	606.87	359.69
1606	7201.31	2737.81
1607	11172.51	14202.39
1608	2650.19	3065.94
1609	1515.74	4476.5
1610	11287.19	13948.08
1611	8311.7	7031.76
1612	16990.86	7494.96
1613	16248.27	8098.31
1614	14200.33	2032.6
1615	16208.93	14197.27
1616	12625.32	820.19
1617	5785.75	9149.87
1618	4258.07	16803.0
1619	10738.29	16299.44
1620	13725.22	11922.14
1621	2690.18	8170.42
1622	14932.42	8896.57
1623	11360.77	3680.33
1624	11937.25	13471.11
1625	1236.74	7413.79
1626	12917.91	13711.07
1627	15366.98	9434.4
1628	16190.66	12909.51
1629	15971.78	16331.99
1630	3227.85	15547.57
1631	13900.79	1682.75
1632	463.54	4944.75
1633	100.31	13762.63
1634	5744.15	10247.73
1635	2069.76	8596.36
1636	15086.54	6782.36
1637	6770.69	12306.58
1638	9743.43	16622.39
1639	5293.19	6220.69
1640	10945.53	5954.04
1641	12270.97	9284.97
1642	5951.0	3375.96
1643	2961.58	2266.13
1644	10734.83	12406.1
1645	16031.65	13551.99
1646	12982.62	11066.59
1647	2134.55	14159.88
1648	9180.87	5160.24
1649	15359.55	14156.02
1650	6678.7	10595.26
1651	6444.24	14007.03
1652	58.22	4907.78
1653	2703.47	14577.78
1654	15230.62	14237.37
1655	16036.08	1589.64
1656	12739.7	231.19
1657	7740.07	5869.14
1658	7812.42	3252.77
1659	5004.15	5327.51
1660	1205.86	9289.39
1661	9870.1	16256.72
1662	4811.95	6906.04
1663	9961.38	12086.87
1664	12957.5	13393.81
1665	12475.65	9537.63
1666	6451.62	13996.31
1667	3403.79	8393.62
1668	5971.31	13154.58
1669	16813.75	16969.6
1670	14914.43	3434.69
1671	16778.91	15011.86
1672	7300.47	7823.26
1673	9955.87	15887.57
1674	5745.07	7649.67
1675	11102.64	12783.8
1676	15249.54	13400.27
1677	9377.26	11790.11
1678	13213.85	10339.94
1679	16999.16	4943.27
1680	13358.28	10802.72
1681	9629.81	3018.1
1682	5246.95	6937.36
1683	14704.8	11208.78
1684	6187.84	2917.29
1685	11208.86	8530.63
1686	5659.91	5698.13
1687	11554.4	6855.29
1688	11407.49	10326.29
1689	14231.68	4933.59
1690	16953.18	7858.45
1691	8495.93	4663.7
1692	4215.01	14788.68
1693	11159.67	16267.34
1694	13706.97	8281.67
1695	16132.65	11093.27
1696	2159.88	13218.27
1697	10802.61	902.15
1698	10408.87	1942.72
1699	12604.43	7276.3
1700	8328.87	3537.72
