1	15030.4	7424.51
2	15665.89	4453.82
3	10362.14	17395.89
4	3734.56	20957.29
5	17143.51	12133.39
6	16761.82	6022.81
7	6230.99	18269.74
8	16200.23	17580.67
9	14145.81	122.34
10	9238.77	142.79
11	16527.48	9788.19
12	10899.91	13791.95
13	7854.52	6516.68
14	17935.07	22867.59
15	20170.52	16006.84
16	20422.09	6743.22
17	7705.93	9376.15
18	11038.63	3526.97
19	4667.2	10604.3
20	5090.12	7607.44
21	759.27	193.26
22	8240.25	4855.83
23	19365.47	10232.94
24	5548.9	13718.84
25	1522.72	1948.57
26	17863.19	5158.3
27	6046.8	2693.12
28	2438.55	8979.47
29	13223.04	1749.66
30	767.74	14924.01
31	22312.6	11569.26
32	7183.35	585.59
33	16833.56	4707.82
34	6077.24	13287.04
35	5527.94	18128.48
36	11201.84	20841.09
37	226.06	14460.64
38	851.65	13404.44
39	9612.78	10079.08
40	19757.09	20211.77
41	18679.26	3163.8
42	5498.81	18708.08
43	9906.82	4390.48
44	14679.48	3785.3
45	7190.08	10278.8
46	7839.55	17315.01
47	12319.98	20360.61
48	8.72	12341.54
49	9157.26	11054.07
50	7064.44	5178.79
51	20215.77	10341.75
52	338.97	14780.36
53	4710.89	6844.23
54	17624.12	15015.89
55	17124.31	7722.35
56	17736.69	16745.36
57	4901.62	22822.53
58	16070.34	10143.17
59	22688.34	18810.66
60	4992.5	1779.82
61	1268.25	16491.05
62	8259.81	20987.37
63	3974.83	18618.09
64	13163.65	18624.98
65	13808.98	7637.23
66	2217.55	11967.73
67	10263.6	3610.56
68	4146.26	22725.13
69	18861.21	19372.08
70	13171.62	18890.17
71	16765.91	4443.95
72	19593.66	8440.41
73	2454.0	20901.93
74	320.63	10624.56
75	22.6	13701.07
76	7642.55	21400.82
77	18715.12	1784.46
78	2918.1	5039.16
79	7127.2	9523.39
80	515.39	15929.92
81	10030.52	6428.41
82	19730.41	5705.51
83	1145.59	15643.31
84	14123.84	811.38
85	13142.96	8117.14
86	11482.47	13625.39
87	5135.51	2905.96
88	10204.65	22949.99
89	9952.64	14813.58
90	9192.77	13704.25
91	3303.67	18784.65
92	11343.19	5118.97
93	4047.64	6592.94
94	12932.2	5188.57
95	9325.34	8909.23
96	14761.7	4670.27
97	19402.21	9434.83
98	21546.91	4312.61
99	3513.87	6827.96
100	12247.72	11040.28
101	2732.15	3636.18
102	11533.46	18147.22
103	12721.09	16006.39
104	21045.51	12575.5
105	3617.47	10323.52
106	12214.33	1962.43
107	18661.06	16768.43
108	0.59	8131.45
109	8063.72	5629.56
110	8697.59	10066.32
111	299.77	14824.12
112	18806.83	1022.17
113	17458.52	8432.66
114	12521.22	4842.26
115	1930.22	935.58
116	4029.82	8943.77
117	7381.74	13170.56
118	21666.29	3896.28
119	14178.96	7216.43
120	6562.54	1995.0
121	13636.58	5639.05
122	5646.47	15542.27
123	18849.83	21096.01
124	21722.56	1618.92
125	1311.45	7672.58
126	10207.35	5759.73
127	19563.23	466.48
128	7441.43	5729.62
129	3058.45	14241.48
130	12354.0	10330.34
131	13562.46	21027.33
132	14995.6	7147.64
133	6572.5	12073.36
134	10834.32	3250.56
135	916.95	9541.14
136	20978.64	7389.58
137	6125.82	229.33
138	1635.37	20417.5
139	9169.63	22772.22
140	4087.93	20188.61
141	3678.16	5103.72
142	7615.32	9044.67
143	6755.36	20361.01
144	13724.85	13139.26
145	1021.08	2624.7
146	2815.42	18228.96
147	22795.31	15267.03
148	21519.24	2482.55
149	19737.0	15141.11
150	17819.72	11234.1
151	21272.81	22735.81
152	7535.0	11505.68
153	15702.11	4245.11
154	1197.2	4131.53
155	22791.08	20584.68
156	5010.42	12810.31
157	19372.51	22749.94
158	15309.57	7531.92
159	17621.24	17508.91
160	5888.61	15545.16
161	17916.37	21537.32
162	10090.37	9020.5
163	18317.91	5883.05
164	1419.57	20533.37
165	16511.33	8617.22
166	256.45	13793.11
167	1493.01	22689.52
168	7372.2	1579.49
169	1792.98	22898.96
170	21470.71	3643.39
171	17109.54	12950.25
172	14610.34	14647.1
173	8661.76	15958.41
174	14482.8	20723.14
175	2370.61	4390.39
176	14865.62	9979.87
177	9294.33	1937.34
178	17184.45	21299.75
179	14602.28	12554.06
180	21720.6	15194.88
181	16093.86	20864.77
182	14531.94	11982.26
183	19847.62	5618.29
184	930.9	10453.36
185	17878.66	3776.84
186	11909.86	13939.83
187	17582.79	7289.0
188	8976.74	19123.13
189	9252.3	21755.94
190	14551.55	15688.02
191	17882.82	15502.34
192	10609.01	20194.09
193	11066.95	2067.73
194	15890.68	2112.0
195	8789.83	9547.9
196	21199.15	10591.18
197	17346.29	16846.21
198	14558.15	20730.16
199	10767.16	469.91
200	12790.11	16974.98
201	15704.13	8947.21
202	1764.27	7088.92
203	43.16	6471.74
204	16260.12	625.34
205	4712.99	19335.79
206	21099.25	2441.81
207	15771.81	19384.15
208	13056.97	10599.95
209	18484.5	14718.71
210	15634.36	9016.02
211	10735.93	3058.16
212	1794.93	20051.48
213	14959.18	7888.87
214	7941.73	9112.8
215	4062.26	3517.65
216	7608.5	8100.96
217	20758.42	5470.23
218	12991.6	13002.83
219	16022.52	14991.18
220	16664.89	240.91
221	12274.9	5333.74
222	15976.37	17111.99
223	11564.05	12119.9
224	19298.25	14915.67
225	7954.31	15869.26
226	4667.05	1848.16
227	16556.08	11975.19
228	13796.96	14600.37
229	14732.57	12305.01
230	2192.69	6157.06
231	22070.7	20162.3
232	16520.73	14224.75
233	15243.7	22753.43
234	16287.89	8447.72
235	6646.75	952.13
236	22445.61	17459.37
237	2335.16	22071.56
238	18055.93	7625.63
239	10871.48	20281.49
240	219.21	4065.3
241	8849.35	4058.33
242	21498.19	16353.34
243	17484.25	21373.2
244	4194.33	14838.92
245	13684.83	7370.91
246	6401.67	697.12
247	22267.39	19507.36
248	12201.51	12220.94
249	6996.58	22344.75
250	22700.25	4836.9
251	9174.63	7029.45
252	5439.17	4373.19
253	6646.02	2162.36
254	2697.11	21289.67
255	8609.2	12559.15
256	17286.25	15938.47
257	18966.49	22447.74
258	21815.07	9112.4
259	5476.83	22368.19
260	10796.15	12733.03
261	5063.09	20926.52
262	19717.02	493.6
263	13530.05	4188.89
264	20856.1	10185.7
265	971.52	13208.5
266	20047.42	15120.5
267	19677.08	11130.57
268	19460.34	20609.11
269	6177.65	15551.25
270	1581.79	11234.16
271	10166.43	4054.95
272	7277.91	8667.62
273	20886.08	9754.46
274	4293.54	19766.67
275	12882.69	13240.07
276	13724.89	21390.78
277	1124.74	6717.25
278	8701.31	672.15
279	3216.83	21275.58
280	7197.43	11613.47
281	7041.22	15755.09
282	12678.56	5698.12
283	4663.16	3877.39
284	7171.43	18897.09
285	16142.77	5720.63
286	21283.59	13177.61
287	16034.82	6911.05
288	6729.48	22643.64
289	8460.15	3787.29
290	3404.3	16645.28
291	8761.64	11919.62
292	14992.15	3510.48
293	20676.58	5021.07
294	12736.3	17922.07
295	8414.11	10071.17
296	12721.82	9149.49
297	9350.47	9429.02
298	8978.46	15517.56
299	13255.15	3760.84
300	510.55	1201.5
301	14870.94	21849.45
302	22448.53	15783.46
303	9897.42	19830.76
304	22791.82	7679.62
305	16676.3	13122.59
306	17558.22	10498.96
307	1029.73	19479.26
308	447.99	22473.13
309	5796.05	14479.92
310	12889.67	19615.14
311	21823.3	17326.78
312	9344.52	18241.59
313	12395.08	16139.34
314	12696.66	10073.09
315	16677.4	21790.75
316	15307.06	13551.5
317	14801.77	10018.97
318	17105.17	347.59
319	22812.68	12829.93
320	7486.64	8852.08
321	14226.66	6215.79
322	7690.94	14134.44
323	17086.42	6194.5
324	3323.74	8847.81
325	8976.47	7838.16
326	1114.95	22685.58
327	4403.12	21708.64
328	12848.38	19551.74
329	12057.64	19259.68
330	22.14	18660.15
331	22744.99	20006.12
332	6006.97	17973.51
333	9189.62	4683.23
334	5451.66	22505.42
335	5678.75	12540.9
336	3688.12	7631.05
337	20400.08	16835.32
338	5167.68	8116.26
339	16116.85	3060.58
340	20443.83	4030.44
341	3701.68	10525.4
342	9771.27	4190.57
343	4324.49	5345.97
344	15974.86	2949.57
345	15995.44	14597.2
346	2413.99	14828.29
347	18392.37	4567.86
348	9990.91	22224.79
349	19724.43	6531.61
350	11911.11	275.04
351	602.49	3077.11
352	17293.55	9393.99
353	22573.47	12107.19
354	11761.46	14176.44
355	10683.09	14374.59
356	21126.99	1859.13
357	18627.27	4248.18
358	18267.29	9967.43
359	16646.24	1633.47
360	9678.08	5018.99
361	4540.47	13575.93
362	9321.4	11999.3
363	15799.14	18333.43
364	18794.86	2584.8
365	4869.99	4564.75
366	17995.53	2605.52
367	12742.5	1747.37
368	19027.08	17404.74
369	18662.13	7123.4
370	1771.39	1813.87
371	17844.4	5295.54
372	3652.47	8049.13
373	20138.53	11520.26
374	21989.8	7935.61
375	9791.35	2779.44
376	17778.68	18415.33
377	19667.71	4707.64
378	18411.83	7268.39
379	170.12	21522.5
380	9531.17	10278.51
381	3276.84	18141.89
382	16243.33	6515.21
383	8577.31	15810.52
384	6010.38	6653.02
385	2868.8	13548.2
386	7103.9	19543.25
387	13251.26	290.03
388	19862.57	18710.81
389	7295.64	17842.4
390	13137.22	4267.66
391	13708.34	12662.83
392	16531.14	18258.97
393	9455.78	1883.57
394	2867.45	5228.74
395	12484.33	8682.52
396	18784.85	15805.69
397	20410.42	7126.15
398	16524.22	17687.54
399	3604.29	21765.96
400	2816.76	16176.14
401	10273.53	16006.99
402	17577.91	9689.19
403	17065.31	12396.86
404	566.15	15165.1
405	6755.71	9722.75
406	14067.21	10439.69
407	9812.05	5178.86
408	16547.02	11600.22
409	7430.88	7997.14
410	1785.41	11722.12
411	15626.82	17405.52
412	18045.52	8558.53
413	3430.57	7378.51
414	11650.1	20835.3
415	18281.28	13548.97
416	5481.52	16533.54
417	9503.37	13713.68
418	20239.9	22241.92
419	501.59	19467.17
420	10491.88	19585.73
421	18049.52	21235.95
422	3415.09	13082.95
423	17675.38	20659.14
424	18224.46	19138.51
425	5437.79	19139.71
426	15337.78	3330.33
427	21811.3	18236.16
428	15971.44	12635.28
429	4023.77	8112.97
430	12576.04	2774.15
431	3352.27	187.53
432	9257.31	8289.79
433	20003.72	2935.4
434	4244.71	2799.53
435	15361.38	15029.86
436	7654.87	1024.15
437	4269.45	14020.94
438	8685.56	6078.88
439	15594.01	10704.2
440	2751.1	20531.15
441	12991.0	22313.3
442	6566.6	16591.7
443	4070.59	1711.38
444	15381.0	4072.65
445	7212.3	19101.0
446	11996.84	3534.06
447	19882.7	12471.92
448	6753.44	21465.91
449	5130.71	4956.68
450	22649.99	4301.25
451	19921.68	13402.05
452	8670.75	20068.79
453	12428.83	4137.11
454	18654.49	1162.94
455	662.95	22318.75
456	1997.57	9556.3
457	8651.95	9445.61
458	9026.68	13575.27
459	10344.2	18560.44
460	20314.52	1966.78
461	18474.42	12738.05
462	13715.03	7717.44
463	20230.79	20516.23
464	3012.95	12915.41
465	4323.03	12898.27
466	2067.5	1891.85
467	6389.54	20413.88
468	20078.86	1226.77
469	1885.5	22382.69
470	10709.49	3630.83
471	519.39	3151.76
472	7438.15	11275.85
473	9046.62	10123.63
474	21525.0	6154.41
475	13025.99	11217.32
476	19278.93	10810.48
477	18607.45	4186.13
478	4983.69	20327.54
479	15138.04	10703.9
480	6049.95	15808.02
481	5755.1	13902.93
482	17028.67	1761.47
483	11930.24	4660.93
484	21902.69	3730.76
485	1409.87	9204.64
486	12761.69	19423.5
487	1038.79	6073.3
488	20537.79	8279.53
489	17451.49	15962.99
490	5277.12	14312.4
491	1088.8	2733.48
492	19842.44	1919.01
493	4912.93	2207.46
494	5498.82	6866.56
495	8393.24	16317.82
496	11600.65	221.66
497	14454.54	9272.93
498	12894.64	22425.07
499	12334.49	21359.88
500	14157.58	11641.25
501	19685.47	15461.87
502	15635.79	16288.87
503	5180.91	21219.73
504	8230.91	13725.96
505	11550.18	17809.0
506	1948.01	13417.79
507	22084.47	22376.15
508	6662.53	16930.17
509	5513.66	14525.45
510	11038.0	21789.54
511	11049.11	19139.18
512	6587.73	22412.87
513	14464.54	3736.14
514	7431.44	846.29
515	13829.25	9641.6
516	22018.55	16028.9
517	3402.75	21529.92
518	16138.28	3356.41
519	7315.68	21149.56
520	21413.31	13654.38
521	16666.33	17259.23
522	12845.79	15561.21
523	22765.65	16639.96
524	22663.1	1112.29
525	9015.95	1187.56
526	5099.74	16428.06
527	8459.24	10997.7
528	9917.58	13700.58
529	12902.14	20944.87
530	6735.69	11578.34
531	18868.97	17710.94
532	9444.57	10006.63
533	17102.52	17426.04
534	20893.15	20963.82
535	13937.35	9899.23
536	3399.25	10712.44
537	15521.73	12459.2
538	3888.01	16082.91
539	22152.38	18241.13
540	173.83	22055.14
541	22560.92	16477.03
542	21473.22	3385.22
543	4121.82	18566.2
544	1265.74	21425.65
545	5050.93	13656.94
546	18651.84	12017.42
547	8175.23	3037.87
548	4605.84	4234.27
549	14606.89	7277.38
550	4044.28	9129.51
551	18113.55	20250.93
552	18008.59	20863.14
553	16682.34	6634.48
554	2754.36	20887.32
555	12402.64	13971.73
556	1305.35	2194.79
557	8219.33	20951.06
558	14629.91	14904.96
559	22517.86	16417.51
560	7931.22	15789.29
561	20591.19	13131.52
562	21454.21	10896.7
563	8139.72	3629.66
564	21330.42	19249.54
565	21940.46	7028.37
566	15588.39	135.51
567	21602.77	11778.19
568	9131.41	16550.73
569	3958.84	5244.48
570	212.74	12531.44
571	9879.75	12915.46
572	18725.44	15290.0
573	19132.06	7789.88
574	18288.84	3502.04
575	17617.58	21515.03
576	8648.67	4114.45
577	20427.67	9371.08
578	4150.76	19521.29
579	2860.73	6815.6
580	1778.29	1235.11
581	18067.54	18561.7
582	8295.65	13652.82
583	12413.88	11026.52
584	16000.56	127.73
585	17429.3	17709.11
586	15.32	17742.51
587	4243.03	20587.83
588	758.49	8869.99
589	15761.86	21098.93
590	16869.34	21863.64
591	5091.39	13379.4
592	20958.08	8391.51
593	16733.97	21231.87
594	11824.16	11148.96
595	4758.76	4552.84
596	12208.66	8152.52
597	18883.92	10984.73
598	15370.8	7324.74
599	11070.34	2474.57
600	6578.81	15727.17
601	1956.11	22324.28
602	22862.59	4772.13
603	338.25	22746.05
604	15631.26	9549.13
605	7530.42	8085.09
606	17367.98	1065.63
607	17779.98	9078.61
608	9953.51	9249.53
609	16191.01	8327.71
610	19252.82	11346.75
611	6330.25	19985.4
612	13689.42	6826.49
613	17187.86	4610.11
614	5808.05	12154.61
615	3919.03	18803.77
616	3280.54	9600.9
617	13714.88	6311.63
618	5478.06	15988.38
619	21850.63	17514.5
620	11780.72	18127.24
621	14001.23	15515.22
622	1950.72	2363.92
623	751.85	188.66
624	7521.24	21493.18
625	16374.99	20790.73
626	11041.14	4511.44
627	14077.26	12345.23
628	5547.96	20484.75
629	11841.97	16115.81
630	5837.17	1104.04
631	8830.89	379.34
632	17925.52	15141.86
633	11410.17	20207.53
634	13150.6	22573.57
635	1121.8	11176.26
636	10899.18	599.92
637	11567.33	885.71
638	19819.42	15954.88
639	7233.76	2290.24
640	3855.28	21176.22
641	2166.64	1097.76
642	2477.37	16599.19
643	22210.35	14013.74
644	2175.1	4327.83
645	12214.02	3831.28
646	3923.64	11690.0
647	20471.88	18943.38
648	1039.0	10687.7
649	7525.62	17856.56
650	12622.39	22772.08
651	1253.49	21371.27
652	17451.81	531.99
653	6795.25	3048.13
654	8578.96	18935.05
655	4422.33	5160.64
656	11994.54	7277.49
657	11096.74	1163.27
658	4356.21	13437.23
659	19127.24	11952.52
660	15191.44	20783.86
661	4112.21	12980.09
662	692.66	13086.39
663	1324.14	13361.9
664	5376.41	4598.69
665	19894.93	13131.58
666	9128.78	428.01
667	22330.04	10801.27
668	6269.16	15514.62
669	915.97	6663.6
670	9656.87	11547.17
671	22840.96	17513.6
672	3679.4	15903.3
673	12232.33	18137.02
674	15330.32	13971.2
675	7940.55	16331.63
676	6666.84	18407.71
677	20541.73	14703.27
678	17109.48	10357.89
679	22414.26	10762.84
680	3425.5	1618.28
681	18550.48	15212.29
682	13620.15	17917.62
683	20451.24	16514.29
684	19546.57	4003.14
685	1029.5	21350.35
686	3734.7	6550.91
687	6598.46	16901.86
688	14672.39	18583.07
689	20811.51	22305.74
690	5420.48	17471.92
691	19780.91	15335.25
692	2377.96	18960.26
693	21635.61	14343.77
694	14190.32	22458.42
695	19375.69	12527.76
696	12504.11	17021.83
697	19923.09	5062.47
698	5465.58	11287.04
699	10903.01	15475.39
700	14027.49	5347.3
701	16085.16	20568.88
702	7456.57	8855.05
703	18729.11	3593.56
704	12053.97	5302.32
705	5196.01	11163.33
706	5558.52	2173.58
707	3434.01	12436.84
708	5195.86	10252.06
709	17918.22	12397.05
710	14084.4	2701.31
711	3993.81	5709.59
712	652.2	12727.64
713	8493.03	10776.98
714	10378.88	3250.11
715	3561.95	3915.85
716	2361.74	16453.18
717	17212.37	2514.31
718	17217.56	1993.48
719	5134.07	4230.06
720	10471.7	22084.57
721	18653.44	16926.32
722	3947.66	15790.58
723	2135.0	18465.74
724	19153.7	13302.83
725	17199.53	21280.71
726	14437.67	6232.77
727	9512.21	17066.53
728	6812.36	8569.4
729	15420.76	10295.28
730	20682.33	1888.32
731	1673.95	19737.19
732	3433.08	2098.77
733	5242.81	5564.56
734	22918.48	13189.14
735	5304.76	9419.26
736	19596.2	1482.79
737	20564.34	12468.09
738	11722.14	16915.23
739	2636.11	22823.43
740	11257.25	13816.8
741	15166.83	18555.09
742	8439.19	10750.32
743	8133.86	4787.31
744	11945.55	6816.18
745	3531.81	18942.36
746	18283.11	1778.14
747	15713.07	17855.98
748	19552.33	16913.46
749	14365.69	12727.65
750	4639.2	10745.43
751	5685.18	2756.79
752	1417.69	16926.58
753	22380.18	3601.58
754	2614.98	21971.62
755	3747.24	12645.64
756	15330.17	21522.93
757	288.53	6012.45
758	2260.33	14000.01
759	20289.83	18045.63
760	19425.62	10899.71
761	4129.91	8282.99
762	9126.94	19270.33
763	17662.35	8864.95
764	10849.9	13356.43
765	11076.69	2328.3
766	182.59	18501.75
767	22610.93	7506.73
768	1749.66	21249.13
769	12784.42	14943.45
770	18408.09	20119.04
771	14720.45	17962.56
772	18628.48	17910.96
773	7916.83	5729.1
774	2102.99	12739.91
775	10412.63	21430.86
776	22732.92	21084.69
777	2631.23	7600.97
778	1076.89	9915.19
779	17450.67	14370.35
780	22824.92	13076.69
781	9171.38	4411.65
782	16905.87	12479.32
783	4710.68	19813.69
784	4894.26	3477.61
785	2806.96	14532.59
786	6840.96	19723.52
787	5675.48	10439.52
788	19517.78	5256.87
789	92.46	17676.11
790	14703.38	17117.57
791	10940.98	16017.08
792	22322.54	12536.13
793	2191.06	1758.92
794	5134.68	9682.37
795	20885.71	11651.57
796	7328.22	3900.4
797	21212.76	11395.33
798	21031.56	11297.67
799	6389.9	13763.06
800	6626.8	377.78
801	10531.5	13447.05
802	17276.23	2426.06
803	17199.94	3114.75
804	9304.1	14076.99
805	7756.93	10351.54
806	13923.29	11834.62
807	4453.27	9661.39
808	1390.32	10902.45
809	15638.93	9976.91
810	11611.49	6961.63
811	5619.25	3462.92
812	19266.52	21054.14
813	6473.3	13460.69
814	2083.85	20145.91
815	19446.18	13636.56
816	13057.66	2429.54
817	11064.15	2844.53
818	4859.05	19864.66
819	4851.46	7469.29
820	4258.89	4620.87
821	4652.76	14898.66
822	3670.81	10829.6
823	16556.31	5685.56
824	12584.01	7649.53
825	1160.31	2700.4
826	8966.64	15473.25
827	8188.26	1983.61
828	17379.11	21511.55
829	19508.19	2016.81
830	22876.54	19071.58
831	8923.26	2378.73
832	18417.2	13179.66
833	22203.24	2841.91
834	11616.78	20171.03
835	15738.68	50.02
836	17212.95	2645.86
837	11188.77	18301.84
838	14560.91	3009.4
839	21465.87	6222.52
840	8224.48	12400.52
841	4979.54	3255.2
842	4780.33	3605.26
843	14439.69	12732.51
844	20648.42	6064.08
845	6239.18	20015.97
846	3450.78	14432.23
847	20202.42	2833.58
848	4910.65	7926.93
849	2336.07	16852.64
850	10487.19	22006.54
851	17844.91	10161.27
852	20889.9	17562.01
853	9602.25	18918.13
854	5847.63	5939.43
855	12277.66	18172.1
856	17390.42	16067.09
857	11577.34	2350.57
858	6167.39	9688.22
859	2487.86	11739.65
860	9409.63	10799.88
861	16028.87	614.26
862	4687.15	17905.98
863	18251.38	11417.31
864	13331.54	1776.27
865	19424.07	3878.71
866	16425.38	16159.5
867	15878.18	791.42
868	6613.79	4388.99
869	22450.36	3713.47
870	13214.67	15065.76
871	1024.76	17153.43
872	21329.96	20466.11
873	15462.74	16718.37
874	11857.93	764.5
875	3255.52	11566.88
876	6064.57	9827.68
877	14728.4	19498.41
878	14213.05	8039.1
879	22949.42	3600.08
880	9537.17	22942.21
881	22877.05	20129.23
882	13736.48	1119.0
883	15369.83	22570.73
884	13882.56	20287.43
885	18184.05	21535.82
886	326.76	10617.59
887	21163.34	21667.74
888	8350.54	1458.22
889	319.71	12174.83
890	9287.85	20847.06
891	21725.63	309.8
892	11486.63	21654.44
893	12696.63	5694.81
894	1543.31	4184.36
895	5027.76	10292.66
896	19420.36	3976.55
897	7531.44	9823.0
898	21510.95	11746.88
899	14680.61	21730.12
900	20369.6	19312.33
901	7949.82	6820.82
902	20688.02	5286.01
903	1621.38	8496.55
904	16364.49	12689.51
905	2632.24	6260.7
906	20187.88	1656.03
907	9390.57	5538.5
908	16514.4	1100.35
909	12065.07	11869.41
910	14155.42	17273.59
911	579.71	3133.59
912	7348.56	22480.74
913	20253.56	22911.75
914	17124.21	17957.11
915	6370.07	14234.26
916	12194.53	8713.71
917	19985.96	20656.25
918	3267.06	20311.68
919	15700.58	9383.23
920	12519.96	13618.51
921	13725.59	5366.7
922	14606.15	21132.6
923	10698.68	10315.1
924	11808.24	21212.37
925	5152.15	5248.2
926	16506.69	17076.64
927	14765.81	15513.9
928	9977.61	20727.31
929	1365.87	6155.37
930	1456.67	3087.95
931	13310.84	11254.5
932	17044.28	1572.2
933	19876.45	20661.78
934	482.49	11492.19
935	22048.25	20847.62
936	5097.8	5452.48
937	16465.13	22527.72
938	4618.62	22504.86
939	12645.8	22590.99
940	21572.45	10346.77
941	14837.12	1221.7
942	1404.41	9649.12
943	19179.36	6066.24
944	10586.94	9450.3
945	13541.14	8556.5
946	19048.2	13257.5
947	4463.2	18161.0
948	11914.45	6840.79
949	3039.12	14988.44
950	2820.66	12819.47
951	17653.38	17594.98
952	8289.98	9506.62
953	17822.21	5403.87
954	7591.76	2819.38
955	11951.64	6201.05
956	18283.67	1930.41
957	18112.83	4593.51
958	15779.95	10314.56
959	8570.46	2797.65
960	19889.27	6676.98
961	13693.21	15404.62
962	12140.55	20707.81
963	21888.57	20455.26
964	3887.17	6744.1
965	19978.7	525.52
966	19273.36	215.28
967	21592.04	14478.32
968	8688.99	5396.02
969	22257.2	12825.34
970	17194.24	21573.37
971	15473.18	17336.75
972	10179.91	1542.8
973	601.81	12135.97
974	19954.83	4369.48
975	20908.59	15725.98
976	11896.91	5045.9
977	8131.73	11183.72
978	16280.25	13204.82
979	3804.51	17045.32
980	16495.31	6332.78
981	21734.43	13549.42
982	6410.64	6374.6
983	13526.87	1374.76
984	22695.86	10478.4
985	10278.58	10826.91
986	13092.14	4615.07
987	11330.8	18908.04
988	11992.52	11714.41
989	9019.81	22408.57
990	8444.33	3818.13
991	18696.28	8941.32
992	16157.36	20367.21
993	810.53	21101.65
994	1890.55	14609.22
995	20560.54	10020.37
996	13082.96	12978.79
997	21623.1	2935.84
998	11563.37	20655.16
999	17924.04	14328.98
1000	8378.47	5419.99
1001	15299.76	7726.95
1002	20864.82	9228.5
1003	12040.88	21438.37
1004	13659.22	16996.63
1005	3152.32	9849.93
1006	4209.94	1214.54
1007	18298.15	19416.11
1008	15142.59	14938.62
1009	9829.37	22272.1
1010	18592.11	19748.24
1011	757.62	10222.51
1012	8621.44	9122.54
1013	11105.65	4097.84
1014	16475.68	9834.67
1015	5391.57	15624.23
1016	13807.94	22633.44
1017	16220.93	20482.92
1018	19665.94	7679.25
1019	6301.88	20470.85
1020	8278.31	2371.93
1021	13612.5	437.94
1022	7014.4	9423.43
1023	16035.67	2417.4
1024	2068.8	3464.64
1025	2679.34	18897.72
1026	19007.6	21284.2
1027	6493.41	1627.08
1028	20175.33	8192.46
1029	18101.77	3917.83
1030	11871.06	7476.95
1031	15902.46	13545.74
1032	9071.16	17121.4
1033	13662.19	20597.87
1034	22417.29	6799.13
1035	9836.64	9230.38
1036	14637.69	15365.25
1037	2081.52	2501.09
1038	4529.21	18715.01
1039	19823.08	7757.32
1040	4944.13	20695.2
1041	11366.51	11272.62
1042	4371.49	7066.59
1043	21075.19	10934.96
1044	8817.44	8724.83
1045	20137.21	2850.41
1046	8465.08	17450.67
1047	20594.87	3865.09
1048	16412.54	7797.57
1049	6382.89	1449.87
1050	8267.36	5884.09
1051	6441.01	11015.87
1052	219.2	12622.2
1053	14084.08	6683.53
1054	865.62	18622.11
1055	3613.58	17994.96
1056	8598.92	19837.95
1057	7113.57	9893.66
1058	14085.33	1148.33
1059	13138.31	687.47
1060	15021.61	15048.8
1061	20522.48	3546.7
1062	10186.16	20559.0
1063	2106.04	4728.15
1064	17107.28	16124.07
1065	17345.06	9241.9
1066	16917.13	7624.36
1067	8280.74	9848.34
1068	12483.07	4012.28
1069	11625.9	18257.91
1070	20248.39	7880.13
1071	11784.21	2912.12
1072	9336.72	10417.83
1073	3314.22	4515.25
1074	20592.07	2875.63
1075	15563.91	14943.92
1076	4677.48	2140.23
1077	2269.29	17554.41
1078	17791.51	2299.38
1079	14023.55	7717.23
1080	21596.84	13047.63
1081	15212.44	7017.13
1082	6404.83	12455.72
1083	601.45	15158.27
1084	6066.0	19447.05
1085	16886.34	8299.55
1086	225.88	19881.66
1087	17106.14	17947.35
1088	12274.28	13425.0
1089	1556.86	13396.7
1090	14112.62	15855.86
1091	12002.13	13008.85
1092	6183.78	7914.57
1093	1596.73	8012.96
1094	21534.77	5938.02
1095	4421.0	2465.22
1096	284.75	17108.21
1097	6082.24	11317.92
1098	13816.36	20841.64
1099	14479.76	3296.81
1100	5073.25	1659.18
1101	8798.64	3701.58
1102	5145.78	11123.98
1103	6769.56	21774.14
1104	2533.31	19219.92
1105	6638.07	13274.31
1106	11170.54	22867.17
1107	5739.21	12070.67
1108	4672.57	15145.07
1109	17786.25	7362.73
1110	21015.49	15225.09
1111	13142.69	15143.21
1112	3653.99	9242.34
1113	21029.2	10908.61
1114	8570.62	10084.81
1115	4974.79	20831.76
1116	3552.0	7327.66
1117	11919.77	7520.24
1118	11629.05	11092.98
1119	4007.74	3533.42
1120	9202.21	13076.52
1121	11746.75	674.14
1122	18733.44	266.06
1123	362.81	19150.06
1124	5306.25	6018.93
1125	8961.45	19709.31
1126	18864.36	10228.67
1127	12127.91	19417.55
1128	12830.59	19982.15
1129	430.71	9864.66
1130	9102.08	18301.92
1131	3477.17	2178.17
1132	7918.36	18593.48
1133	8276.72	17347.93
1134	5008.71	9107.78
1135	4630.27	20519.42
1136	17625.33	10415.24
1137	1280.3	8022.87
1138	9559.44	22048.61
1139	13994.26	22446.44
1140	17989.59	2154.14
1141	11929.22	22326.51
1142	4975.61	16827.42
1143	17508.17	19266.68
1144	8508.28	12321.39
1145	11800.8	4217.35
1146	17447.24	21695.38
1147	13167.21	16127.56
1148	22763.35	17503.3
1149	7594.99	22377.12
1150	15458.65	11623.03
1151	15930.76	21519.68
1152	20870.63	9484.23
1153	22530.67	605.13
1154	6884.52	8559.19
1155	12287.53	13013.58
1156	10775.01	20664.0
1157	17150.12	21790.24
1158	2173.0	6306.94
1159	10606.34	10292.14
1160	14370.47	15671.21
1161	18081.31	20447.49
1162	4593.9	16745.57
1163	16198.02	2083.37
1164	5362.1	8662.8
1165	5292.76	11284.87
1166	9091.17	9661.5
1167	20169.82	16159.19
1168	11798.49	1383.8
1169	6473.67	10921.49
1170	11970.45	21854.59
1171	12068.16	2274.39
1172	20894.61	13206.09
1173	7575.54	9920.22
1174	16424.58	13382.91
1175	14774.5	6824.87
1176	3167.07	21352.31
1177	5201.74	16219.93
1178	11622.81	14379.09
1179	4670.12	2966.7
1180	10019.77	19229.71
1181	13965.32	10027.11
1182	13216.86	6427.59
1183	3663.57	21878.3
1184	9561.72	21696.59
1185	8253.89	7019.35
1186	4472.36	4507.43
1187	16353.38	4812.33
1188	10816.26	22233.32
1189	8216.05	11098.46
1190	16692.04	3202.22
1191	21354.07	11880.31
1192	12015.55	3417.44
1193	381.28	5493.5
1194	17267.15	18877.15
1195	6161.91	11498.85
1196	6019.92	4394.32
1197	12280.83	10510.2
1198	17864.17	8329.24
1199	3261.68	8759.36
1200	7103.65	9806.84
1201	20129.87	13514.38
1202	21537.64	6755.96
1203	22364.92	13759.92
1204	4909.4	9863.36
1205	2367.53	6942.92
1206	5960.69	9668.4
1207	11679.23	4627.64
1208	7076.61	3644.67
1209	10242.13	10719.3
1210	4065.9	3917.06
1211	12345.71	10085.55
1212	5142.74	7983.15
1213	8359.27	16418.82
1214	22367.0	2959.47
1215	18707.45	10168.93
1216	3815.22	16508.97
1217	5790.48	9504.5
1218	19564.4	4835.09
1219	5623.93	20537.88
1220	3229.71	16891.09
1221	15225.46	5669.47
1222	10536.16	11779.75
1223	11440.11	9815.52
1224	16299.48	15722.72
1225	3203.56	2720.64
1226	14129.78	6621.16
1227	18392.83	16617.57
1228	348.92	19726.91
1229	8529.87	4342.8
1230	13433.79	10478.12
1231	21982.44	2610.24
1232	3311.8	6847.75
1233	19555.52	1626.33
1234	8217.32	1067.53
1235	3555.28	22973.64
1236	4184.56	9902.12
1237	16056.81	22092.84
1238	11741.87	18797.33
1239	18531.51	15579.52
1240	10890.22	11654.93
1241	22198.43	1954.36
1242	18758.24	16226.12
1243	5251.14	9360.26
1244	20506.17	9993.96
1245	21488.53	4838.12
1246	8067.14	14613.35
1247	4136.1	7844.49
1248	8283.29	11151.16
1249	21568.76	15568.24
1250	5170.44	5664.09
1251	17417.43	17947.69
1252	10055.08	5887.26
1253	3742.75	14616.38
1254	17214.92	16216.92
1255	18425.4	16807.11
1256	16623.6	21676.91
1257	13120.07	11124.89
1258	321.99	13626.4
1259	13450.45	10061.35
1260	14187.54	11895.08
1261	20768.46	12708.79
1262	4158.5	21802.71
1263	4126.13	13746.6
1264	1791.87	15556.76
1265	2444.44	10567.73
1266	21563.2	9370.53
1267	15887.18	2782.05
1268	13583.95	8997.05
1269	21964.45	99.31
1270	12082.69	769.82
1271	3137.25	15209.25
1272	16439.73	22706.09
1273	11845.87	11892.33
1274	14242.26	16283.04
1275	6628.41	4070.13
1276	426.88	2124.42
1277	22347.1	20051.65
1278	3071.34	22832.65
1279	5580.62	5524.0
1280	19894.77	20227.25
1281	12249.36	21217.81
1282	22800.11	2383.32
1283	19505.95	19210.24
1284	12681.03	4527.54
1285	14143.62	6331.0
1286	11060.12	456.16
1287	7779.09	18599.65
1288	12615.9	19662.69
1289	3215.04	2116.81
1290	1000.16	2479.71
1291	14626.87	8349.88
1292	6739.1	1465.52
1293	17996.74	17890.67
1294	6008.86	10603.33
1295	8884.19	3685.65
1296	6264.92	9567.92
1297	1661.16	654.25
1298	18548.25	15585.2
1299	7035.74	6732.88
1300	6660.56	14205.73
1301	20069.01	12641.48
1302	6005.11	519.4
1303	15295.01	7179.18
1304	21100.16	15993.63
1305	1716.61	1000.39
1306	18511.56	14617.17
1307	4613.83	13942.59
1308	20762.65	13580.7
1309	12211.68	12712.91
1310	6957.52	11648.26
1311	12808.78	14181.89
1312	9716.1	9390.04
1313	22407.15	9754.83
1314	16226.97	131.57
1315	408.21	22609.22
1316	19868.7	6522.57
1317	20000.37	6932.59
1318	10444.3	21980.28
1319	5923.16	475.45
1320	1511.2	9084.98
1321	21302.13	13427.26
1322	3373.08	3426.78
1323	4564.61	17427.5
1324	2208.74	19720.89
1325	7739.46	22123.17
1326	12383.0	8235.01
1327	4848.13	14702.73
1328	21007.87	4487.7
1329	15897.38	21501.32
1330	6044.0	1626.94
1331	15027.11	2632.99
1332	10617.6	9715.36
1333	18435.31	19730.62
1334	18017.76	20043.2
1335	1794.44	15693.95
1336	1304.99	3564.07
1337	6585.13	3595.8
1338	22654.52	294.14
1339	2051.85	4300.7
1340	561.57	12006.47
1341	12562.32	4897.31
1342	14778.4	3370.93
1343	13239.43	19002.88
1344	14338.49	22321.67
1345	15510.2	22908.91
1346	15202.26	20873.96
1347	16167.73	9526.17
1348	17224.16	6084.95
1349	19972.29	22194.28
1350	12976.32	11843.18
1351	15064.2	19924.14
1352	9904.34	1213.23
1353	8072.26	10702.55
1354	19762.42	13167.25
1355	9283.13	5949.68
1356	6115.35	20462.26
1357	11292.04	21995.63
1358	6747.85	21617.75
1359	10309.21	14001.25
1360	22772.25	6347.84
1361	19302.66	17499.37
1362	19757.46	13928.45
1363	18892.83	4436.04
1364	7686.6	9537.41
1365	1556.72	13954.88
1366	10524.6	15908.76
1367	20901.44	11807.37
1368	22766.71	11790.91
1369	2837.46	352.18
1370	18757.04	14990.64
1371	3243.96	5532.09
1372	6426.81	5319.41
1373	13745.74	13072.94
1374	22870.73	9871.47
1375	7182.94	1844.47
1376	7692.15	6920.54
1377	15021.18	19680.22
1378	12648.24	13565.89
1379	9343.22	1832.98
1380	11947.62	19226.26
1381	5660.52	19948.41
1382	678.9	11362.75
1383	14968.52	20723.17
1384	3552.93	4930.04
1385	15655.43	4934.72
1386	8935.56	72.28
1387	6130.61	491.93
1388	8781.64	2361.05
1389	10065.49	15386.32
1390	10273.97	6261.39
1391	8332.29	334.93
1392	7060.62	1450.26
1393	10649.18	18109.4
1394	18291.84	12128.15
1395	8887.71	14556.83
1396	1965.34	7601.67
1397	7514.92	6453.8
1398	19995.46	18336.47
1399	19542.92	11141.82
1400	17006.42	12254.15
1401	2829.96	18290.12
1402	5268.32	18665.75
1403	7174.16	22851.59
1404	18361.78	8001.83
1405	14593.88	8176.68
1406	16145.12	105.72
1407	21794.48	17422.47
1408	13270.91	16047.07
1409	22864.16	16742.19
1410	13567.81	13044.37
1411	3363.79	12118.88
1412	8472.87	4308.91
1413	21632.87	1223.25
1414	2944.4	21834.69
1415	10954.29	18517.4
1416	2252.68	15731.42
1417	5455.91	3341.73
1418	16270.37	2143.27
1419	11501.41	18430.78
1420	491.05	19186.31
1421	12310.64	21439.57
1422	6816.91	21407.22
1423	6272.86	5890.3
1424	11203.18	2166.28
1425	4572.73	2421.71
1426	22783.22	14126.54
1427	12035.94	17971.34
1428	20966.29	2738.9
1429	13486.1	5237.03
1430	3951.63	7653.38
1431	17278.83	8024.61
1432	19606.76	2615.85
1433	19971.48	22381.88
1434	15595.56	4077.65
1435	2369.46	13785.09
1436	20348.73	426.66
1437	21372.27	22225.24
1438	14698.03	9422.69
1439	14041.71	19257.17
1440	3639.23	13386.53
1441	20024.32	14849.44
1442	8761.32	19287.13
1443	9025.79	5960.84
1444	9814.56	11516.75
1445	14018.25	1344.9
1446	6264.06	11122.62
1447	13017.04	7900.89
1448	11303.38	14897.63
1449	257.91	21807.41
1450	22648.4	22.66
1451	21284.56	2752.2
1452	18003.2	11942.7
1453	21590.0	20109.47
1454	6788.86	11166.08
1455	20540.32	4503.83
1456	20669.15	10383.27
1457	2974.85	18108.84
1458	18927.08	13292.7
1459	2901.11	3450.65
1460	6511.29	18432.82
1461	12400.79	8316.24
1462	14979.28	10550.08
1463	248.96	20392.94
1464	5053.63	8264.31
1465	15200.69	1664.29
1466	22857.23	12438.41
1467	10314.0	17105.62
1468	10993.56	12862.86
1469	6942.91	12325.44
1470	1167.02	9059.55
1471	14662.1	19067.62
1472	7755.29	2902.45
1473	7597.29	9620.52
1474	22415.25	21948.3
1475	18868.23	18818.42
1476	6790.69	12596.6
1477	3250.94	4252.91
1478	19496.43	13163.48
1479	2519.54	18706.53
1480	21061.41	4688.63
1481	12764.66	10479.97
1482	9472.97	17233.49
1483	12757.74	16259.64
1484	21185.89	15116.44
1485	6805.15	5341.93
1486	1467.54	21881.74
1487	3304.13	637.84
1488	20445.5	7894.93
1489	17995.83	14917.0
1490	18117.73	10153.62
1491	709.56	22994.72
1492	5485.21	15621.81
1493	2049.26	22606.5
1494	20573.91	3881.82
1495	8564.29	7337.98
1496	21008.64	3625.07
1497	5469.68	16145.69
1498	1725.28	19391.9
1499	2246.22	13478.0
1500	12700.92	14158.42
1501	21222.79	14145.21
1502	2004.17	16417.37
1503	973.23	18079.3
1504	4558.89	4995.33
1505	10918.18	19645.57
1506	10296.21	10392.62
1507	15455.06	12206.06
1508	6579.88	17434.92
1509	15224.28	19338.8
1510	16908.84	19991.51
1511	6864.03	145.76
1512	22024.65	11180.39
1513	20762.85	13294.43
1514	18108.64	20940.37
1515	4701.14	2284.56
1516	20114.74	8138.11
1517	9358.71	10264.98
1518	14965.09	20169.81
1519	17682.66	18123.65
1520	19808.1	10330.16
1521	13351.01	1900.58
1522	14180.11	3797.94
1523	22492.63	3665.6
1524	976.37	7437.43
1525	2524.87	2249.17
1526	16202.0	11674.19
1527	1875.13	12628.52
1528	10284.2	10079.24
1529	7548.65	3652.75
1530	2628.7	4673.35
1531	8592.01	18564.15
1532	6267.8	5343.28
1533	21802.07	21928.4
1534	7800.53	18753.55
1535	4615.27	14046.19
1536	16560.68	17532.0
1537	15543.8	1102.62
1538	1860.22	14782.98
1539	21227.45	9496.68
1540	12748.83	184.28
1541	13606.47	11002.82
1542	7993.88	11161.16
1543	19995.27	18049.47
1544	6617.08	6470.48
1545	13519.57	9254.35
1546	10149.61	7818.12
1547	15346.91	17335.41
1548	16263.23	19166.13
1549	6500.44	15740.17
1550	12785.7	11328.94
1551	3917.51	9715.79
1552	10020.62	18691.19
1553	6131.66	8507.97
1554	13433.2	12731.55
1555	12985.28	17734.44
1556	585.12	3621.01
1557	20673.78	8046.19
1558	10816.57	16879.24
1559	5754.83	19475.06
1560	1893.83	14776.61
1561	8726.9	2227.45
1562	13828.33	17351.46
1563	20046.04	13896.36
1564	6826.73	7518.18
1565	22673.44	5016.16
1566	21052.97	16303.16
1567	3338.98	14350.46
1568	11767.06	6276.27
1569	7079.84	6629.35
1570	14989.56	14689.57
1571	5134.59	4790.05
1572	22147.48	22510.72
1573	10335.0	20967.22
1574	7423.5	17097.09
1575	4938.01	3792.71
1576	9585.7	19167.15
1577	21216.86	6151.07
1578	584.61	21447.06
1579	15716.66	16942.3
1580	19074.2	8263.07
1581	19380.91	4483.81
1582	13501.58	1633.8
1583	22255.69	15946.0
1584	4519.85	721.26
1585	9961.4	12651.45
1586	19549.15	13322.57
1587	17112.48	1867.1
1588	123.3	5783.12
1589	3381.53	16953.92
1590	7013.37	17097.4
1591	12141.49	17522.05
1592	22108.55	682.78
1593	1760.75	9869.36
1594	3084.39	19704.93
1595	22961.52	22495.78
1596	14459.93	2329.73
1597	522.21	7829.54
1598	19044.75	11829.75
1599	8145.4	7135.13
1600	8433.94	13942.46
1601	3437.11	16177.55
1602	10998.81	7914.42
1603	17865.26	1835.93
1604	19181.82	9379.85
1605	20322.27	22406.45
1606	16817.3	9193.75
1607	1642.39	19397.31
1608	20917.96	2308.43
1609	20020.44	3928.21
1610	6559.79	3782.24
1611	11650.5	8290.52
1612	12546.9	8977.63
1613	6368.98	18706.78
1614	12863.85	22424.34
1615	20964.01	20031.83
1616	4004.05	9142.96
1617	10044.03	7175.18
1618	7646.98	3816.95
1619	16659.07	20095.97
1620	3550.0	19294.48
1621	14061.52	11284.5
1622	1479.07	12922.34
1623	20144.18	17056.02
1624	18646.61	11376.34
1625	20621.61	12436.22
1626	2647.72	19445.89
1627	17890.55	20974.03
1628	11025.59	15722.54
1629	20218.27	11894.97
1630	22668.82	11308.66
1631	14209.16	20118.52
1632	9592.89	6526.46
1633	18727.57	17290.03
1634	18874.99	1796.0
1635	20096.06	8327.37
1636	11682.96	10436.41
1637	2744.15	10000.56
1638	17664.95	13604.65
1639	22305.72	16631.89
1640	11143.55	16795.87
1641	11430.85	21742.21
1642	7716.3	19074.31
1643	5128.3	22458.07
1644	16163.52	19255.33
1645	18196.67	3485.57
1646	20754.33	21353.42
1647	4870.02	3718.73
1648	12010.33	14430.99
1649	1078.19	5151.07
1650	19346.15	14424.4
1651	20892.92	20192.03
1652	20321.32	4816.21
1653	556.63	7575.69
1654	17278.94	13924.29
1655	3783.13	4686.78
1656	14105.8	7177.01
1657	12396.35	21757.8
1658	14879.32	3954.15
1659	7069.99	8463.42
1660	21520.89	18202.12
1661	20460.55	15976.66
1662	4682.46	17523.94
1663	19608.79	12623.66
1664	17369.77	16783.06
1665	12881.0	4992.06
1666	194.57	20216.11
1667	6482.4	1831.84
1668	13208.64	15895.64
1669	10651.29	18595.21
1670	17077.65	5484.36
1671	21783.95	10588.93
1672	20015.54	18427.26
1673	18659.72	3591.53
1674	14102.75	8479.71
1675	18396.24	3375.37
1676	22519.68	9817.57
1677	20309.26	15931.09
1678	22619.63	10142.1
1679	5429.37	15736.79
1680	21133.75	13500.51
1681	18924.14	17528.43
1682	3708.52	22968.01
1683	13798.5	13797.1
1684	4188.67	6388.0
1685	559.14	11601.18
1686	16628.14	21968.63
1687	15139.78	21084.19
1688	3842.33	4763.03
1689	16688.05	15577.9
1690	14784.47	9143.15
1691	1493.17	5090.25
1692	14413.19	22118.94
1693	2770.46	10311.38
1694	18899.94	8738.43
1695	16836.96	14707.7
1696	10272.86	8955.08
1697	2011.33	17196.92
1698	16184.2	21743.15
1699	3512.09	20088.72
1700	8973.8	12193.57
1701	7200.18	20380.99
1702	18921.92	20326.13
1703	17233.34	14907.18
1704	783.98	10118.8
1705	2290.83	6907.19
1706	19558.49	20186.17
1707	2076.54	12778.37
1708	8515.43	15786.53
1709	14918.93	16416.28
1710	22743.14	3095.78
1711	22208.88	6274.31
1712	1987.74	8177.11
1713	3752.16	375.65
1714	4996.89	20314.4
1715	3827.5	5675.43
1716	20722.13	10607.27
1717	13357.28	19513.68
1718	335.18	1408.81
1719	2823.61	19453.31
1720	3735.75	5356.14
1721	643.82	5663.69
1722	2501.16	21205.16
1723	15074.57	19349.75
1724	12816.09	16933.82
1725	8354.74	19820.36
1726	2082.47	19965.53
1727	16142.14	16925.08
1728	16433.46	1266.82
1729	17799.01	9184.74
1730	17442.29	8529.46
1731	13936.72	2763.67
1732	3595.01	22690.94
1733	21293.15	6252.71
1734	12609.24	1579.94
1735	21452.15	8776.89
1736	13487.87	14097.32
1737	9608.27	10720.55
1738	8656.11	5457.49
1739	10393.83	11498.8
1740	7278.51	20105.72
1741	2449.77	3911.91
1742	7328.94	8057.19
1743	4734.74	12381.72
1744	8512.91	3140.66
1745	4294.97	7047.83
1746	12928.26	8940.6
1747	18584.75	522.82
1748	1984.73	21286.08
1749	19493.5	15557.56
1750	2627.35	1586.25
1751	4862.92	20724.66
1752	20707.41	12767.79
1753	3078.14	2205.96
1754	22225.44	19974.82
1755	21349.39	18204.36
1756	13799.89	4872.35
1757	19098.08	11367.86
1758	16928.27	16175.21
1759	19911.96	4328.65
1760	12861.71	11611.13
1761	21801.96	1232.07
1762	15365.88	5073.2
1763	6951.52	13090.16
1764	11856.75	11709.14
1765	1115.46	276.37
1766	12415.08	13748.64
1767	9334.05	5797.55
1768	9507.97	1822.3
1769	17459.2	55.47
1770	8085.38	706.28
1771	6550.86	20923.25
1772	7401.1	6278.96
1773	22057.05	12587.28
1774	22076.63	6236.64
1775	1567.87	4326.56
1776	2595.12	19975.39
1777	2804.9	803.29
1778	13702.97	20612.11
1779	19776.68	6767.88
1780	15615.82	17442.35
1781	8431.59	20624.42
1782	11977.62	17620.08
1783	12954.35	10560.67
1784	806.25	18226.72
1785	1055.67	1783.84
1786	7460.22	18089.25
1787	22715.33	6215.69
1788	4551.59	22512.17
1789	3563.31	13951.44
1790	1937.37	10853.88
1791	21625.68	4245.99
1792	2066.91	8129.38
1793	939.14	12466.66
1794	8688.04	17962.93
1795	8009.67	1307.26
1796	9428.56	8313.87
1797	3259.47	22845.9
1798	13111.93	10326.38
1799	18802.4	1483.4
1800	8876.24	478.63
1801	9824.74	8758.23
1802	17025.41	10233.15
1803	1130.19	7824.37
1804	19388.07	19566.1
1805	8983.26	10927.07
1806	4501.6	1720.17
1807	4574.55	9634.53
1808	15484.58	7553.08
1809	3917.41	1786.95
1810	5407.53	19501.25
1811	16806.92	17262.77
1812	20092.19	1395.28
1813	16986.37	16189.44
1814	17432.72	9378.13
1815	663.77	1042.56
1816	225.04	290.14
1817	12148.82	21007.8
1818	7393.6	7740.92
1819	8737.59	17059.63
1820	479.78	6264.4
1821	21211.87	6772.6
1822	16943.43	14242.1
1823	7966.55	10983.73
1824	12722.27	6713.08
1825	14218.25	22623.97
1826	20691.46	2077.79
1827	12431.6	14422.06
1828	17119.85	20407.3
1829	16114.13	7573.0
1830	17376.81	9655.91
1831	10780.8	11265.55
1832	3726.14	11760.33
1833	11625.34	20938.6
1834	18895.05	1740.49
1835	13721.77	18168.15
1836	19699.32	13662.97
1837	5682.47	18221.91
1838	4873.84	14270.86
1839	4708.24	6323.37
1840	4173.96	17887.1
1841	19397.73	6409.89
1842	22682.7	14943.5
1843	12811.53	5382.31
1844	867.8	12875.3
1845	14687.74	10617.17
1846	15454.33	3453.74
1847	8390.28	16799.19
1848	10489.21	10844.13
1849	13916.04	6880.15
1850	2097.39	17332.84
1851	7173.38	1745.55
1852	11616.47	22133.63
1853	13679.69	19857.3
1854	1758.08	3396.33
1855	7936.36	1421.42
1856	12932.62	3938.44
1857	11055.93	10449.98
1858	7241.86	5318.66
1859	7298.74	115.56
1860	22063.19	10949.65
1861	5974.87	19037.3
1862	13294.21	5000.82
1863	9314.53	12797.37
1864	14300.42	2636.31
1865	21583.17	2971.74
1866	4490.86	4922.15
1867	14793.95	6463.18
1868	6353.24	11191.74
1869	15558.53	11702.55
1870	3744.82	2659.56
1871	16901.99	20275.75
1872	13028.91	17470.23
1873	9141.35	2803.2
1874	12092.8	4479.58
1875	10364.13	20822.58
1876	15030.78	1077.6
1877	1738.65	11087.1
1878	22232.73	3187.14
1879	1354.44	12795.52
1880	19437.23	3940.66
1881	13699.27	7993.08
1882	20050.98	3795.22
1883	14481.57	15324.62
1884	7034.74	5276.03
1885	5281.47	18910.63
1886	7723.3	15480.74
1887	20662.98	20957.96
1888	6338.24	13281.75
1889	5769.05	4000.71
1890	20299.1	22005.86
1891	19247.4	5409.61
1892	10272.07	3661.38
1893	16048.77	10196.75
1894	14146.05	20756.43
1895	16191.46	11353.13
1896	21901.3	7927.44
1897	1759.8	8729.83
1898	21708.28	256.79
1899	21233.61	16041.68
1900	4289.82	230.38
1901	13493.23	8103.5
1902	21778.54	13247.81
1903	21010.58	11783.64
1904	8610.24	22827.05
1905	20871.86	16715.88
1906	2393.13	22028.2
1907	12585.19	8702.27
1908	9796.51	2098.2
1909	21010.54	18401.57
1910	11077.91	10743.16
1911	4572.16	8381.98
1912	15788.21	18026.41
1913	16490.53	8236.25
1914	19192.53	9092.43
1915	3777.77	3737.83
1916	21658.44	2069.54
1917	11499.54	18865.55
1918	2524.42	6301.96
1919	14850.01	3078.46
1920	20503.36	3941.37
1921	20402.18	5336.71
1922	21574.62	12161.12
1923	9424.62	549.34
1924	3919.72	3589.2
1925	3585.5	1375.8
1926	15833.22	16536.59
1927	16043.63	11550.0
1928	1088.76	17134.34
1929	1340.34	22811.98
1930	19341.29	5757.1
1931	10845.5	17838.31
1932	18829.56	9431.71
1933	2564.21	8930.72
1934	14024.87	12580.03
1935	7770.45	3319.71
1936	8925.89	11283.74
1937	7605.98	14335.93
1938	10559.46	7889.68
1939	17580.05	7655.08
1940	7938.68	18503.6
1941	8223.86	21517.44
1942	721.4	10298.56
1943	2673.66	14082.81
1944	22558.71	16488.11
1945	20977.63	21678.5
1946	15519.75	7961.65
1947	4945.55	5155.6
1948	7966.61	4971.75
1949	16787.51	12906.25
1950	6935.96	19446.16
1951	7284.53	6947.79
1952	8511.6	22996.79
1953	5751.33	14004.48
1954	1891.88	14957.8
1955	1587.25	301.0
1956	12411.53	22815.94
1957	8414.91	912.84
1958	3011.22	8463.35
1959	4262.89	5370.9
1960	4525.95	3064.95
1961	13342.18	15984.94
1962	17452.25	22224.55
1963	2447.62	5781.74
1964	21042.48	16639.46
1965	9721.85	3224.95
1966	12890.88	19513.19
1967	7991.8	6930.71
1968	15979.75	5618.18
1969	10495.35	19208.06
1970	2590.59	20451.6
1971	10338.65	13407.59
1972	16425.9	3534.91
1973	8874.69	3566.58
1974	7403.46	9381.8
1975	6866.2	11769.41
1976	14932.58	2286.81
1977	18737.83	4298.49
1978	11597.86	15704.25
1979	12032.58	1914.1
1980	18065.52	16130.43
1981	19003.11	18658.26
1982	9792.21	1849.34
1983	7802.39	17439.63
1984	6760.37	9560.12
1985	585.55	5393.17
1986	9656.95	2681.37
1987	7977.55	19300.39
1988	4751.44	5099.71
1989	22883.8	17829.9
1990	21188.36	2721.35
1991	3575.73	11773.15
1992	21449.93	4519.56
1993	9392.37	3439.67
1994	16681.66	16796.4
1995	17152.92	14027.1
1996	7143.69	12629.3
1997	16089.85	18877.04
1998	3570.08	9969.35
1999	10673.94	4355.84
2000	17474.38	21709.75
2001	3584.5	4500.99
2002	11955.54	14071.84
2003	11159.04	22885.61
2004	8516.89	1798.42
2005	15757.48	17755.33
2006	13822.5	15729.42
2007	14116.44	13402.66
2008	14736.31	16658.09
2009	12092.54	4875.15
2010	22919.32	14207.72
2011	11253.73	9394.65
2012	18659.18	11452.31
2013	7592.73	12560.61
2014	1618.76	19562.72
2015	14842.97	5536.82
2016	12024.13	21272.25
2017	3028.64	16927.64
2018	15722.94	17607.27
2019	3619.08	18792.02
2020	11577.84	17085.83
2021	2001.91	13458.29
2022	3262.78	4291.24
2023	15466.81	5263.42
2024	12965.67	18166.81
2025	16302.7	19240.48
2026	8422.2	8943.18
2027	8811.79	11045.99
2028	5337.5	1896.92
2029	15001.43	20537.31
2030	17815.74	19272.37
2031	15437.55	3095.49
2032	5968.09	2107.36
2033	18883.52	3483.86
2034	4362.96	21980.01
2035	18536.62	20012.75
2036	1654.31	16060.72
2037	14631.14	5499.84
2038	6683.24	3109.77
2039	11446.87	4739.32
2040	20724.99	4591.22
2041	18314.12	15427.13
2042	13975.69	9974.49
2043	14230.87	19203.24
2044	4762.45	13883.61
2045	20006.29	5158.59
2046	7776.22	13404.11
2047	16018.24	17025.26
2048	1227.53	17399.38
2049	16375.75	556.58
2050	12680.55	20949.82
2051	5224.35	2977.74
2052	14125.72	19433.12
2053	4537.31	8473.63
2054	17862.25	4522.16
2055	17532.62	9604.76
2056	834.68	9038.78
2057	498.19	11720.09
2058	5103.45	20487.24
2059	3251.82	20175.39
2060	5376.24	22710.19
2061	20371.12	1811.59
2062	18066.97	12405.25
2063	11990.38	2498.26
2064	8107.78	2609.03
2065	21004.37	9188.76
2066	1630.42	749.21
2067	10582.1	13354.9
2068	4193.93	8930.24
2069	15837.46	7917.05
2070	17906.73	21927.12
2071	1439.97	5490.64
2072	9284.83	15867.41
2073	10242.66	880.85
2074	18441.07	14973.85
2075	12141.37	20437.52
2076	15947.43	19704.64
2077	1809.25	14672.94
2078	20921.79	15791.99
2079	17021.73	2949.83
2080	13772.05	8780.79
2081	366.1	2396.8
2082	402.62	9230.27
2083	12165.21	17253.46
2084	4364.09	4673.0
2085	6396.33	1072.45
2086	1710.18	11880.83
2087	6697.59	4158.68
2088	19098.16	2851.63
2089	21510.2	9890.12
2090	18517.07	10318.35
2091	2911.24	20889.12
2092	10551.56	1794.43
2093	2128.21	6353.14
2094	14560.37	5612.79
2095	22740.62	3982.12
2096	16452.35	15624.05
2097	21913.96	22300.04
2098	18147.31	5595.08
2099	2775.23	7911.18
2100	11126.96	21893.17
2101	2185.26	18226.09
2102	11451.8	14043.27
2103	2466.76	3418.47
2104	10944.34	12376.78
2105	21563.75	4579.88
2106	13017.76	6751.38
2107	603.6	17134.38
2108	16239.03	18581.11
2109	8307.09	20211.86
2110	10282.15	20558.78
2111	9697.69	8704.0
2112	5210.72	12967.54
2113	3747.76	17686.8
2114	13097.45	16628.42
2115	2867.5	21008.95
2116	14496.7	5019.26
2117	14630.01	6862.62
2118	17592.23	7258.29
2119	10749.49	15648.89
2120	15539.62	22620.03
2121	12135.68	7241.15
2122	22015.56	9417.45
2123	16857.64	8541.3
2124	9035.02	322.85
2125	8152.36	17035.81
2126	10678.23	7411.53
2127	19221.78	22870.27
2128	5874.89	10162.68
2129	14447.43	18437.64
2130	8523.28	22041.68
2131	21227.57	4934.62
2132	15335.53	3098.69
2133	15032.42	8797.18
2134	9671.15	15781.14
2135	22024.15	11671.82
2136	8500.21	12833.28
2137	5452.21	17374.27
2138	2817.57	11813.16
2139	6519.54	743.84
2140	12983.45	6386.1
2141	17373.08	2975.79
2142	22715.22	16106.91
2143	1765.56	22117.66
2144	5342.43	20265.97
2145	3150.8	13604.37
2146	6162.67	16451.47
2147	1160.95	13647.84
2148	15938.69	12493.92
2149	13960.41	21897.86
2150	2704.61	5380.48
2151	7748.63	6358.74
2152	14588.95	112.35
2153	22195.94	22584.83
2154	5876.27	18497.37
2155	20320.39	9995.2
2156	3864.89	216.21
2157	20490.94	18602.72
2158	21195.62	15182.76
2159	14261.47	20261.0
2160	8601.13	9396.51
2161	3239.76	18000.18
2162	12135.54	19414.98
2163	11831.36	20916.54
2164	4202.68	18500.53
2165	10944.42	330.42
2166	4092.08	19736.89
2167	20714.83	10473.41
2168	20226.86	7675.44
2169	14635.08	2930.85
2170	13481.36	10140.72
2171	11146.84	20878.16
2172	13269.0	10775.96
2173	22463.45	15596.99
2174	14162.63	17343.8
2175	11536.85	3789.98
2176	5466.16	22235.52
2177	3443.14	13459.96
2178	11134.08	8404.62
2179	463.19	4416.89
2180	10382.01	6625.56
2181	2823.39	18491.22
2182	10760.41	4053.73
2183	9242.69	9204.31
2184	15174.89	11271.4
2185	20711.57	310.93
2186	22923.25	16929.36
2187	4900.2	21592.62
2188	8002.63	2047.06
2189	12990.1	12318.16
2190	21079.08	14600.58
2191	4840.53	16815.32
2192	4466.3	15390.27
2193	9839.33	19667.33
2194	9106.71	12598.64
2195	10125.0	13255.84
2196	9077.32	11045.05
2197	12240.38	12858.08
2198	18725.22	12467.82
2199	3458.1	668.79
2200	9997.0	8656.3
2201	7462.5	17708.21
2202	22333.17	633.66
2203	862.66	10846.83
2204	11308.63	10760.46
2205	1648.61	13991.72
2206	14773.83	22504.34
2207	7011.76	20361.09
2208	15657.14	19520.02
2209	8794.56	3551.46
2210	22047.97	19590.08
2211	18937.91	8749.79
2212	9450.0	4310.77
2213	2515.11	19061.37
2214	21596.25	5854.94
2215	20652.75	6792.56
2216	13104.54	8757.09
2217	21163.14	771.13
2218	19278.7	21975.06
2219	21635.7	10683.55
2220	10053.18	11432.9
2221	14624.73	20730.66
2222	7507.37	17250.66
2223	4125.81	4681.59
2224	12009.95	20140.04
2225	11702.16	8616.76
2226	9148.12	8761.96
2227	9197.28	20334.85
2228	6220.48	22537.55
2229	17695.65	11355.56
2230	131.72	4848.1
2231	14255.38	254.67
2232	20312.85	1403.1
2233	9149.28	6206.05
2234	4739.09	4706.46
2235	9769.62	22770.32
2236	12410.28	6437.31
2237	14025.47	9466.6
2238	11656.94	16347.15
2239	17926.27	5322.28
2240	1242.62	19082.59
2241	14797.4	9343.63
2242	7455.12	1433.55
2243	839.49	12237.2
2244	20389.77	13757.06
2245	14141.2	17147.91
2246	8336.36	16393.24
2247	3479.38	16031.18
2248	22443.76	1689.27
2249	22558.74	1600.08
2250	3748.5	20656.67
2251	12335.13	21972.83
2252	22453.42	14920.97
2253	16313.62	3922.15
2254	21984.32	8473.25
2255	15944.97	4140.03
2256	8237.41	15144.07
2257	17733.76	20829.54
2258	17789.23	16942.75
2259	13565.98	3597.68
2260	1888.91	8558.49
2261	14752.61	9853.04
2262	13023.01	17636.3
2263	11867.01	15587.9
2264	9577.85	17993.0
2265	18363.34	1884.03
2266	18893.85	16550.68
2267	7311.6	4715.26
2268	22468.9	3916.32
2269	3888.89	12140.03
2270	12678.79	21474.75
2271	12827.35	14677.73
2272	4400.19	4088.0
2273	8174.31	5389.17
2274	163.65	22855.85
2275	5396.87	243.44
2276	20075.25	21446.47
2277	6359.02	20628.15
2278	19956.12	8578.34
2279	22584.07	4880.69
2280	15686.18	2596.73
2281	6510.13	4620.62
2282	7203.88	9993.78
2283	15980.85	2145.36
2284	12324.49	4272.87
2285	7477.19	5566.68
2286	4600.65	7203.53
2287	16522.2	15673.72
2288	22592.79	10332.65
2289	17511.73	6123.28
2290	1885.71	10501.04
2291	21417.4	19207.91
2292	3911.57	4308.13
2293	10836.03	11144.41
2294	10288.15	9256.8
2295	22342.6	22480.94
2296	399.59	9150.84
2297	9466.24	14913.54
2298	10082.54	1753.23
2299	17502.06	16909.9
2300	2899.09	22028.64
