1	19898.41	14610.27
2	19315.16	11457.33
3	16300.87	3628.65
4	9503.68	4809.8
5	9286.56	16327.46
6	2845.18	5674.29
7	3591.8	18232.68
8	9731.19	324.12
9	7395.08	11845.9
10	20623.4	6049.47
11	17336.35	3444.54
12	16526.17	20711.11
13	376.48	8039.01
14	4221.48	18403.01
15	7868.37	19098.86
16	12214.12	17395.49
17	15498.72	14913.05
18	8450.44	13234.35
19	14209.57	12881.63
20	4624.13	6381.47
21	6218.12	11876.36
22	13946.05	15152.8
23	12496.72	15484.82
24	8187.9	6890.47
25	8573.04	4129.53
26	17279.07	2680.34
27	14617.14	14488.57
28	13233.96	21475.65
29	15406.55	11758.47
30	1590.41	4850.56
31	15223.3	9221.27
32	21658.01	14712.06
33	6357.58	16488.77
34	14088.5	19014.2
35	752.29	10148.43
36	13440.04	8833.12
37	18123.21	20143.61
38	20371.21	11409.33
39	11887.2	17380.88
40	11286.98	6469.97
41	9850.47	12145.03
42	14623.09	9206.6
43	19281.62	2040.86
44	4171.36	21738.33
45	20586.67	16862.97
46	1292.6	9813.3
47	12237.5	909.8
48	9144.47	17771.46
49	10960.28	9345.58
50	834.8	9054.02
51	21587.0	20918.29
52	3357.08	2732.0
53	9053.96	3638.26
54	3964.5	20255.14
55	10225.33	1640.44
56	15550.56	17163.0
57	129.24	10117.86
58	340.68	18237.61
59	15052.33	7662.18
60	9193.16	9811.83
61	16397.84	11607.99
62	1958.74	4773.1
63	3467.0	20440.62
64	7632.91	19188.91
65	16388.74	7749.72
66	10053.01	12152.38
67	18873.52	5769.3
68	11157.55	6062.49
69	18662.39	6567.57
70	19114.41	14701.35
71	18782.34	9541.42
72	493.29	14791.77
73	14387.18	12732.77
74	19186.92	12589.6
75	13313.7	11354.22
76	699.22	9378.82
77	17943.52	4963.95
78	18848.97	11205.25
79	3571.57	18512.36
80	9831.66	5491.72
81	8230.11	379.46
82	13103.65	8476.49
83	7925.39	1880.11
84	11235.14	5620.66
85	18919.52	205.76
86	12505.1	18961.99
87	20194.57	6781.16
88	1677.89	16342.54
89	2336.35	15468.25
90	1292.19	9298.13
91	2806.92	16869.76
92	10623.7	18509.94
93	1957.95	3326.8
94	270.9	13274.57
95	8182.89	21231.66
96	8137.97	16999.91
97	9368.88	18199.09
98	13723.1	19980.09
99	7787.3	6215.15
100	5416.79	16349.51
101	10976.72	14569.37
102	16196.43	602.48
103	16953.81	814.51
104	1935.04	13250.37
105	14759.26	11622.26
106	13099.84	5139.48
107	4862.61	14058.35
108	2490.2	11737.75
109	16509.37	11915.82
110	3046.25	10582.5
111	872.23	3440.08
112	4290.93	18459.53
113	20684.17	11509.26
114	19723.24	2634.99
115	15746.68	19121.76
116	7289.29	5571.34
117	10543.55	6821.84
118	8777.39	13881.92
119	18109.26	1658.68
120	13542.69	16060.65
121	10924.54	9501.05
122	18747.65	6476.79
123	10533.21	2434.18
124	3847.99	16351.24
125	8422.69	6394.87
126	7482.25	21448.2
127	16168.44	421.61
128	10651.64	13338.49
129	7653.11	3996.08
130	11943.43	20727.29
131	7341.72	9559.83
132	13952.42	5112.97
133	8413.53	14428.16
134	6518.4	16375.61
135	16766.01	2307.51
136	1383.89	1769.96
137	10602.62	16771.57
138	7437.57	8397.86
139	13997.43	13014.39
140	21251.41	21734.3
141	13980.56	5030.47
142	6823.97	7520.75
143	3185.96	12642.96
144	4478.77	5601.8
145	18677.52	5094.45
146	9316.65	6357.9
147	14912.56	18931.35
148	17866.35	11049.92
149	20081.75	7553.43
150	7854.19	5319.5
151	21381.02	12783.23
152	21846.09	19659.65
153	20403.82	2512.38
154	16697.64	15158.98
155	16527.51	17841.38
156	10446.78	4533.71
157	3360.71	15466.26
158	423.33	5811.54
159	14843.27	17094.43
160	6122.42	11339.3
161	21438.52	14149.67
162	8864.22	20093.72
163	1835.59	11732.7
164	589.58	16725.97
165	7638.33	3315.54
166	3710.74	21692.4
167	18991.13	7781.69
168	6648.24	1414.88
169	16697.13	15295.59
170	13161.95	10680.65
171	465.16	7714.93
172	12504.0	113.98
173	20807.34	2845.71
174	7534.97	21162.44
175	4008.39	5160.67
176	6959.65	9316.08
177	19578.89	7036.99
178	11093.59	21117.23
179	17789.9	7281.43
180	16086.91	10173.83
181	11992.58	16572.23
182	10332.05	13394.06
183	4426.53	6847.38
184	11640.48	18563.0
185	11308.95	6039.98
186	21627.8	12846.79
187	2448.32	9982.93
188	21383.08	8233.59
189	16675.26	9815.54
190	21145.72	6150.33
191	14685.37	3660.83
192	9527.22	11034.03
193	5609.83	14169.42
194	14931.65	10827.77
195	8354.05	6556.26
196	14538.0	10187.91
197	4223.92	5277.09
198	15635.38	13711.43
199	21954.12	14159.2
200	11473.02	4249.99
201	12863.17	9628.94
202	18077.81	645.99
203	16704.84	16393.15
204	1549.28	8917.31
205	4553.17	8727.81
206	10837.82	15544.1
207	9811.53	19623.03
208	11908.84	10534.49
209	10289.41	15575.86
210	14407.16	17766.74
211	15337.06	7468.45
212	13420.56	15761.83
213	10903.95	17477.97
214	11107.36	5521.58
215	3056.82	17296.86
216	16896.55	9910.67
217	21752.97	20902.54
218	5284.01	8515.5
219	11135.55	3601.57
220	8200.66	9330.99
221	14647.19	16423.81
222	4972.61	21313.9
223	19062.86	11349.79
224	10385.36	6751.42
225	16091.43	11218.57
226	17154.82	19028.84
227	3047.53	15271.89
228	11610.35	8038.76
229	15859.2	6904.9
230	10211.03	1995.48
231	7126.01	11705.84
232	10527.03	14472.11
233	11216.27	2474.6
234	17623.64	10776.49
235	3636.57	13466.23
236	7459.72	1751.71
237	4844.44	21669.88
238	3593.43	5469.2
239	3792.68	3675.89
240	17053.04	4132.79
241	9870.92	4263.44
242	17003.03	20609.36
243	13971.6	13984.41
244	11110.01	6825.94
245	9567.13	17083.63
246	3886.83	8757.79
247	11886.12	12603.1
248	19456.14	16545.56
249	18294.63	1019.15
250	5048.41	10852.7
251	11772.41	5003.77
252	17929.96	21027.55
253	20055.53	16594.57
254	19553.19	4461.54
255	21562.94	3256.53
256	1702.6	18431.41
257	14088.01	2033.82
258	7015.83	10919.32
259	14925.14	17183.61
260	19335.62	10984.64
261	10358.26	14372.73
262	11459.18	14207.02
263	1318.14	11695.01
264	4851.91	18301.72
265	10866.51	10024.67
266	17433.15	629.69
267	8301.01	17206.38
268	14161.73	9256.23
269	555.79	161.01
270	15075.48	14500.06
271	19000.59	18780.22
272	4880.25	8636.69
273	12042.71	17519.21
274	20690.33	637.33
275	1741.23	1534.45
276	4871.09	17847.73
277	7289.06	151.6
278	4210.49	9058.2
279	19370.71	15499.27
280	15734.28	6226.48
281	11387.69	6410.91
282	2062.39	19397.73
283	16547.47	5349.34
284	1525.82	7650.83
285	17458.99	8288.25
286	19680.18	15754.04
287	2015.34	5065.56
288	15483.73	13730.3
289	7545.35	6681.28
290	13085.02	21212.82
291	9581.05	9043.32
292	7862.82	2529.07
293	19028.46	19450.21
294	15989.78	15973.0
295	2473.31	8731.06
296	14263.58	5632.81
297	18582.43	11493.05
298	19070.92	16329.67
299	20084.19	6013.22
300	19732.27	16924.16
301	15288.89	21714.92
302	12828.67	21446.22
303	3924.74	10223.77
304	1247.03	344.38
305	10986.04	2119.89
306	21618.86	5480.04
307	4954.46	4491.48
308	15142.79	775.06
309	2757.62	2858.67
310	9052.51	11755.71
311	17739.78	773.48
312	15258.66	1230.01
313	6398.17	20129.62
314	1652.48	9557.65
315	8735.6	14940.72
316	21399.23	4145.06
317	19327.94	434.69
318	11303.45	13681.7
319	6167.96	3075.35
320	19550.29	19790.62
321	16634.49	18903.17
322	2989.95	16897.15
323	17636.09	1846.5
324	5392.85	10390.65
325	13093.5	13976.94
326	8797.4	15204.92
327	5611.6	20658.9
328	18983.23	5532.33
329	16971.45	14035.95
330	16061.49	20518.98
331	16488.01	11920.7
332	7940.7	17936.31
333	2654.57	8856.42
334	16616.24	16467.32
335	11622.43	18698.49
336	20379.74	6142.97
337	18462.72	21569.32
338	11981.44	18561.71
339	14079.55	323.19
340	14774.61	17605.51
341	552.36	8868.64
342	996.97	4038.89
343	6276.6	19847.73
344	12712.82	12181.46
345	12260.37	16862.72
346	16572.74	1336.66
347	4129.09	7688.15
348	7234.95	12705.97
349	7462.7	13570.77
350	20142.87	21922.29
351	11234.87	18818.2
352	12125.63	6735.79
353	3312.26	694.86
354	13734.96	603.02
355	3505.78	11423.94
356	14376.44	1951.08
357	12093.98	7728.78
358	19847.37	3299.58
359	7239.16	11146.8
360	12943.31	7478.41
361	8214.8	5885.84
362	9814.07	21469.92
363	1209.82	10498.12
364	6417.44	12356.44
365	20933.4	2404.79
366	16419.38	20673.66
367	152.09	13105.58
368	14181.57	11888.28
369	19823.9	10809.39
370	10711.4	16820.91
371	18535.32	8067.75
372	3223.84	13759.55
373	9901.42	16209.23
374	14014.8	20259.22
375	9573.84	3249.82
376	21623.87	4660.36
377	501.96	2979.81
378	2153.76	14940.19
379	2603.52	20559.06
380	20391.97	17305.99
381	19246.69	17231.55
382	1371.91	12444.99
383	15385.19	5645.55
384	20290.11	14924.51
385	14894.63	17059.43
386	3596.36	11132.61
387	21900.91	8152.45
388	10750.81	15705.62
389	5072.56	13986.38
390	13749.32	11228.76
391	9215.67	4439.79
392	9245.68	13410.38
393	21570.47	8397.31
394	14938.9	21826.63
395	9322.75	5733.64
396	16956.48	7046.59
397	12256.32	6394.41
398	1049.52	7876.45
399	2760.84	8146.89
400	18343.84	186.1
401	8997.23	17622.09
402	17273.94	7567.29
403	11670.58	15126.03
404	20978.82	7219.35
405	1442.54	8098.53
406	8078.8	15019.3
407	16867.83	12532.23
408	7202.32	11999.54
409	7636.18	73.88
410	18920.25	17887.08
411	18966.77	2653.81
412	14822.37	373.55
413	13008.43	5475.97
414	9824.19	4646.27
415	21980.49	5614.49
416	7149.9	5067.84
417	7545.7	6068.45
418	11901.47	14795.94
419	13497.08	9875.84
420	3459.54	19001.91
421	3876.83	9804.78
422	6746.94	10843.35
423	585.02	15182.84
424	9068.48	1510.81
425	15207.71	6455.41
426	20747.41	9425.99
427	11852.52	10385.38
428	4617.73	17406.9
429	19365.09	18805.9
430	9257.68	21903.08
431	21125.64	5740.85
432	8484.25	8193.49
433	19775.17	11223.43
434	19803.19	13207.22
435	2236.13	10094.89
436	2508.87	6270.33
437	6942.0	12710.76
438	6363.35	14424.52
439	7240.16	9202.59
440	10758.54	8490.33
441	16505.89	21658.87
442	866.74	1755.65
443	6572.01	1617.85
444	4887.33	6338.71
445	4574.86	11691.56
446	13237.06	1831.05
447	1205.79	16408.27
448	15034.73	5475.37
449	6187.94	3368.41
450	747.11	5249.57
451	7824.49	2960.82
452	4774.7	19593.93
453	12215.42	6802.04
454	8977.59	7219.74
455	9069.21	14185.17
456	1045.24	16691.58
457	5641.46	19625.63
458	13244.45	9117.19
459	3277.38	12624.46
460	3072.9	6934.44
461	6235.92	11466.45
462	18925.68	11875.7
463	2644.02	481.4
464	12101.34	13876.37
465	21620.14	7652.77
466	3872.65	4689.16
467	12860.83	12307.98
468	254.19	12510.8
469	14067.05	17489.74
470	1212.34	16545.26
471	5347.26	10238.4
472	16870.86	3728.04
473	8123.0	18723.38
474	6127.9	18817.12
475	16705.47	20528.7
476	15283.41	18568.27
477	19912.59	15239.42
478	4734.11	11626.74
479	13441.98	14849.18
480	15244.32	1933.74
481	6140.6	13107.9
482	16931.34	5468.12
483	6739.26	13475.55
484	7194.87	13536.69
485	7800.48	2962.33
486	18621.49	1379.83
487	6661.03	13892.17
488	4937.34	18842.63
489	4614.97	9210.12
490	14779.82	9106.51
491	17557.15	4810.51
492	14388.52	21362.71
493	8400.63	21124.34
494	7674.45	7436.72
495	7040.51	14264.31
496	2127.22	7105.69
497	19330.65	5394.25
498	17681.87	121.88
499	42.82	13573.09
500	18873.89	4441.93
501	16624.25	19913.95
502	1811.36	11022.42
503	5085.54	16967.25
504	12007.73	18876.95
505	268.24	13425.14
506	8706.96	8013.65
507	4008.02	8805.07
508	5900.23	3072.41
509	11242.3	3771.45
510	14236.34	9886.8
511	13297.61	9573.06
512	21455.47	1821.89
513	9833.61	19687.93
514	4351.53	20544.46
515	9145.97	5223.47
516	18051.55	6391.39
517	13273.6	3421.91
518	14219.56	8698.86
519	17064.16	14980.17
520	1924.81	1630.84
521	17135.5	15216.54
522	4986.63	9313.05
523	7234.12	11364.52
524	15042.2	21626.16
525	16605.74	16596.29
526	948.79	19175.84
527	6350.01	15559.3
528	6502.97	18926.39
529	19424.4	9613.52
530	17881.01	5319.55
531	4345.97	16807.11
532	16993.75	16587.69
533	1705.9	7602.46
534	3371.57	8966.28
535	4662.22	3867.61
536	5619.11	15678.7
537	20032.25	8216.37
538	20991.66	9071.17
539	21804.81	10610.25
540	8374.29	15687.63
541	19744.13	7735.74
542	4939.99	9822.33
543	9957.98	7722.12
544	19561.92	8315.32
545	14447.73	17840.07
546	3239.6	6987.32
547	5453.67	15260.01
548	18114.44	9056.69
549	10522.63	18245.62
550	10912.34	13336.33
551	17339.11	19585.29
552	9655.63	12797.18
553	12109.0	6388.98
554	16160.62	21962.33
555	3883.01	21426.75
556	18162.3	19894.79
557	2908.34	13028.1
558	21428.83	951.49
559	77.83	7481.29
560	3730.35	6047.3
561	20767.41	2318.84
562	16437.05	16040.88
563	4157.36	10024.21
564	20133.8	10914.95
565	18217.61	7472.03
566	21794.6	18473.71
567	10182.64	5854.49
568	4828.38	4420.77
569	2833.56	16312.89
570	19290.88	1497.85
571	7855.19	6200.5
572	18204.97	7318.05
573	7987.59	16367.1
574	20615.44	9779.43
575	310.44	7446.16
576	11088.27	10236.42
577	8990.59	5182.73
578	15371.57	15647.82
579	5512.27	9113.44
580	9489.09	10977.79
581	11810.81	1040.82
582	7787.7	7946.1
583	14141.35	18280.41
584	3627.27	6155.19
585	3529.51	4598.09
586	1881.53	6368.02
587	8445.5	11656.86
588	9782.58	13857.82
589	3282.7	21266.03
590	16483.37	1971.99
591	17761.04	13308.33
592	7831.72	20917.77
593	10669.68	10192.51
594	16161.1	9789.68
595	2427.63	20812.79
596	14522.11	20341.64
597	1864.84	8731.48
598	11890.48	12451.03
599	15943.97	17207.88
600	16532.97	21475.05
601	3747.16	9630.57
602	4150.66	12624.18
603	8158.47	15640.33
604	13702.54	7812.56
605	7713.36	13542.31
606	17085.16	8533.65
607	2503.87	4104.46
608	12057.87	18403.51
609	8344.41	16438.4
610	14207.04	4527.13
611	20477.69	16460.77
612	11767.64	15353.56
613	14691.84	2086.61
614	14131.14	19266.98
615	8638.44	3649.85
616	21966.21	6036.92
617	16144.87	13332.21
618	14059.34	2085.88
619	10652.56	6504.59
620	13154.97	8720.15
621	4394.44	21920.93
622	20957.83	861.78
623	6336.82	11497.73
624	21579.53	6323.39
625	4777.66	10019.79
626	9740.18	18671.75
627	8397.53	14265.57
628	19934.32	20501.84
629	3472.29	11620.89
630	20596.39	6677.8
631	6095.33	982.08
632	5515.2	11381.91
633	16420.72	11738.24
634	14106.7	21240.41
635	14112.41	20421.82
636	13444.78	5420.2
637	6797.04	5587.26
638	3908.72	15752.6
639	18856.33	813.57
640	20261.95	3828.94
641	4959.51	8137.27
642	17656.12	19018.96
643	15750.61	1717.83
644	4848.53	8724.61
645	13903.2	18274.87
646	10586.93	15053.0
647	11905.91	17670.96
648	7263.34	1127.34
649	11355.62	16016.77
650	3422.81	8500.4
651	9434.15	19437.46
652	3536.1	12779.47
653	994.62	8358.42
654	1703.82	13544.83
655	19654.67	20788.07
656	15398.37	7517.9
657	7747.78	19868.46
658	18119.63	2983.08
659	5602.63	2775.29
660	7571.77	18366.94
661	891.08	1276.82
662	6844.55	13139.83
663	11504.96	8415.81
664	5925.73	19820.54
665	2101.55	20699.84
666	10189.43	8306.81
667	1981.61	10601.39
668	12737.26	5872.26
669	16645.66	7716.46
670	7406.52	7380.03
671	4493.97	4597.88
672	10206.77	17835.82
673	16977.34	13220.82
674	9793.55	6480.02
675	12880.18	9845.95
676	21847.2	18396.95
677	14439.01	17370.27
678	16406.06	13591.35
679	15404.77	9265.34
680	20879.28	21753.53
681	20769.58	17979.26
682	12542.01	8304.3
683	20906.77	19769.84
684	19871.66	14296.68
685	10930.55	12962.31
686	15655.96	4458.79
687	2.74	4405.53
688	8230.77	6585.39
689	5083.34	18335.66
690	19287.79	17145.43
691	13441.53	6425.25
692	3399.59	14003.78
693	2928.2	9657.7
694	3538.97	5722.9
695	17242.47	21804.14
696	12206.57	5998.21
697	4836.53	768.19
698	12187.55	9014.03
699	20430.34	21424.23
700	20357.76	3828.99
701	6321.91	20389.38
702	10444.79	16945.77
703	10364.29	1039.79
704	12949.18	20991.2
705	8917.98	16403.4
706	15905.8	19534.41
707	4411.67	1662.88
708	17026.37	18214.64
709	20043.56	5379.76
710	12832.05	4820.62
711	4945.05	6357.59
712	1080.14	8931.33
713	141.41	13467.85
714	5440.92	3097.98
715	9817.09	13536.07
716	20243.07	5739.88
717	20621.87	9103.35
718	6609.46	20763.28
719	16180.15	1887.15
720	1534.32	18392.12
721	5015.99	475.33
722	10483.68	11018.12
723	15338.73	9219.95
724	5402.05	3666.06
725	21936.79	20423.03
726	5557.92	19890.65
727	942.47	1321.58
728	2951.4	2757.51
729	13318.16	2861.72
730	69.54	10626.01
731	19382.67	11172.34
732	2678.5	19123.07
733	15249.33	7318.84
734	15190.37	12413.86
735	5394.78	16897.61
736	5610.74	14530.73
737	4353.05	6020.93
738	12844.09	21917.58
739	16384.62	3415.62
740	20383.35	7357.85
741	17652.69	14386.38
742	4978.53	5751.11
743	9280.36	12537.86
744	18433.15	4593.51
745	6848.38	9157.92
746	12214.04	9192.52
747	720.92	19772.77
748	9081.62	13714.37
749	4523.1	341.0
750	20073.88	3424.85
751	7998.97	20854.48
752	3702.92	17399.35
753	2886.72	10575.66
754	6811.18	19554.47
755	15518.35	20591.04
756	17748.42	8047.79
757	9132.29	16093.6
758	5477.12	7139.45
759	1635.22	9915.15
760	15614.91	17907.07
761	21496.58	4801.69
762	3387.08	21638.32
763	21255.82	13977.86
764	4104.54	14065.19
765	10880.73	15896.89
766	15052.32	5724.27
767	4134.41	4408.42
768	19061.58	1534.27
769	6169.54	17211.34
770	7469.51	21534.65
771	14203.97	18725.66
772	6745.59	15205.42
773	4961.76	19007.56
774	7329.81	7326.1
775	14288.54	2668.76
776	11056.21	14610.96
777	6900.12	7005.37
778	16794.68	4272.42
779	8813.6	1541.77
780	7113.91	5246.9
781	1359.48	17547.96
782	13536.63	16573.35
783	10237.74	21494.74
784	3322.3	19585.77
785	14517.78	20576.93
786	991.59	1974.28
787	19629.6	14390.56
788	10599.77	5577.36
789	3137.63	16137.22
790	4695.73	9378.87
791	17022.63	8070.62
792	2870.45	16179.14
793	21165.99	4131.55
794	19168.4	7809.96
795	6623.43	316.82
796	15145.97	2192.29
797	6749.8	743.36
798	14973.3	19247.12
799	620.96	20600.43
800	21305.02	3564.44
801	6301.6	15688.76
802	2427.45	718.96
803	9792.91	6825.81
804	16123.38	1537.73
805	14073.75	9442.68
806	15200.72	9013.97
807	21536.79	11400.6
808	6650.32	15972.45
809	6358.45	4841.58
810	1871.93	20878.18
811	4321.99	4217.22
812	21381.81	10426.0
813	10673.97	3038.23
814	12876.65	421.36
815	9182.99	3752.61
816	16250.52	10446.76
817	20674.08	13805.16
818	3046.51	14513.76
819	6807.98	10773.68
820	14202.82	18724.74
821	3906.7	2234.93
822	15930.11	10579.41
823	472.71	13381.82
824	4904.33	7491.18
825	1210.36	5676.05
826	16091.02	6068.08
827	11215.78	18656.28
828	12823.12	4637.94
829	17931.37	468.9
830	2743.94	1314.12
831	10261.96	7727.5
832	11812.69	6857.09
833	7376.67	511.57
834	12250.97	4563.05
835	17341.59	17910.78
836	17857.98	14480.42
837	14406.85	8465.29
838	3674.86	8897.34
839	5173.58	10176.82
840	8321.0	166.05
841	8251.08	4137.65
842	19127.85	1414.75
843	1268.37	18637.2
844	4629.22	11431.2
845	17864.18	14421.13
846	3097.78	14467.27
847	13655.51	19836.45
848	6162.18	21750.36
849	3925.26	14530.85
850	11913.99	6779.03
851	15528.06	20950.76
852	6692.06	5251.64
853	12576.72	10526.19
854	20387.39	1329.18
855	13960.34	2795.26
856	9913.97	10923.65
857	18055.17	8662.66
858	15595.17	8418.5
859	16982.59	16692.27
860	17405.45	19360.15
861	8318.84	5634.06
862	3240.32	5458.52
863	19885.66	1068.12
864	15122.55	7417.43
865	13020.15	10609.4
866	20804.8	19680.55
867	14800.6	5860.39
868	17986.21	237.49
869	4029.68	16899.03
870	7291.78	15634.42
871	11394.52	12891.34
872	5599.18	19661.36
873	12081.17	8517.92
874	14441.2	12048.36
875	20962.8	18134.93
876	9206.56	15978.86
877	16869.44	4121.91
878	10842.75	8602.61
879	12325.96	17644.09
880	20532.65	2132.83
881	6253.82	18965.12
882	20968.3	8064.37
883	3504.43	8744.78
884	18557.62	12749.14
885	17089.98	4182.15
886	20107.63	12987.47
887	17275.86	5935.61
888	13253.5	4078.66
889	20915.04	10988.68
890	11697.84	15403.44
891	2028.75	13289.24
892	58.98	10516.32
893	107.82	841.16
894	4036.58	1345.8
895	19898.86	2734.77
896	11874.67	19928.61
897	7497.22	17117.58
898	11824.14	17863.63
899	8674.54	11788.35
900	15263.38	21211.66
901	14430.18	7021.87
902	4004.98	8752.94
903	5374.93	18359.95
904	8078.19	21309.51
905	20363.72	20793.9
906	5569.18	14709.69
907	21752.94	15930.47
908	18002.57	2736.09
909	9402.12	18579.95
910	10419.8	8069.64
911	3418.66	6468.85
912	482.9	10104.15
913	210.18	8551.71
914	7443.7	850.96
915	17072.18	7960.18
916	7214.28	14453.49
917	17280.68	11285.21
918	19243.97	4670.46
919	21375.95	9015.4
920	11949.45	3235.93
921	3210.06	12257.91
922	3543.2	2664.33
923	4343.53	17715.76
924	5799.7	3044.15
925	8277.3	8473.41
926	19506.38	9822.32
927	2888.48	16363.83
928	12232.61	5855.18
929	568.6	3841.83
930	12068.41	7678.05
931	3464.26	13134.1
932	4255.73	8463.05
933	1661.71	8173.65
934	20385.92	8371.29
935	2348.23	8006.1
936	18254.61	11387.86
937	6684.67	3460.17
938	8058.69	12483.08
939	12607.9	6715.62
940	13174.52	17346.56
941	1335.13	486.25
942	13947.2	1186.87
943	19744.76	8388.25
944	1619.84	4082.91
945	1826.31	19212.9
946	20616.57	9196.47
947	1434.48	8095.83
948	13111.56	17065.84
949	9096.19	9429.06
950	8889.16	9631.76
951	5893.16	19933.02
952	16825.24	13127.04
953	8974.85	3550.52
954	17624.05	21149.43
955	19306.64	8119.76
956	9350.37	8459.52
957	4599.49	3539.76
958	14935.73	14971.66
959	42.41	6655.14
960	4112.13	11255.94
961	3188.64	19918.92
962	5871.66	9339.5
963	2655.44	1512.13
964	4075.64	14568.4
965	12129.97	13564.07
966	15884.72	15186.25
967	18371.55	9119.96
968	881.97	19995.25
969	6486.97	21687.04
970	5107.66	18225.5
971	4811.66	7713.95
972	5721.27	17495.18
973	6936.61	17849.6
974	3265.41	10248.75
975	7609.72	9321.66
976	9106.26	16310.34
977	6676.85	490.25
978	8228.63	13280.95
979	7308.83	17548.87
980	8716.39	18478.87
981	19514.56	21127.49
982	252.61	6330.36
983	1747.11	16379.32
984	18311.29	12786.84
985	9160.56	6763.34
986	2465.46	18354.33
987	2465.56	2875.8
988	1391.01	15298.73
989	9652.42	13808.1
990	6458.59	13007.63
991	13680.13	1939.59
992	17816.62	1583.0
993	19563.4	13703.18
994	12757.01	5190.13
995	6451.47	8222.29
996	15265.54	9733.17
997	18373.83	9981.38
998	21176.24	1843.57
999	18474.35	6349.98
1000	18276.91	3792.1
1001	8048.99	8334.37
1002	17441.29	6315.44
1003	16670.49	2480.89
1004	6032.99	17215.11
1005	3964.87	13137.13
1006	232.94	5427.22
1007	4975.95	2089.65
1008	3141.55	5402.63
1009	18139.38	7802.99
1010	19029.52	6217.68
1011	14591.46	9973.82
1012	3175.17	11227.6
1013	17172.14	18142.3
1014	2082.36	5516.62
1015	131.77	8342.89
1016	14097.77	5231.65
1017	6546.02	11428.05
1018	12573.88	15979.04
1019	13214.02	1349.97
1020	10773.04	384.71
1021	832.92	9584.47
1022	13771.47	6010.29
1023	20166.3	11106.93
1024	16632.28	19194.74
1025	10650.8	6859.02
1026	11829.58	5432.8
1027	19528.59	1501.93
1028	6392.11	5835.53
1029	3561.33	4071.1
1030	8951.43	20644.29
1031	10282.06	17807.25
1032	14697.91	2276.33
1033	3105.44	3183.31
1034	1683.42	1724.5
1035	8428.08	17578.32
1036	2378.1	6887.86
1037	5969.02	7934.2
1038	8769.01	144.6
1039	947.05	20154.39
1040	20064.26	17913.93
1041	2372.56	14825.11
1042	4948.01	13138.29
1043	1204.81	14999.63
1044	1429.0	14726.78
1045	2209.23	9986.16
1046	14139.14	4704.31
1047	15619.55	210.33
1048	12741.95	14231.84
1049	13992.65	6804.66
1050	14298.64	2369.42
1051	1764.91	18572.17
1052	15861.24	559.21
1053	14418.06	18815.03
1054	14314.05	1527.69
1055	3784.75	13650.73
1056	4587.05	7984.03
1057	10383.83	1119.32
1058	15371.78	20459.27
1059	8012.58	7799.77
1060	13267.58	18470.54
1061	19900.58	21620.29
1062	8972.74	20267.13
1063	8186.68	7199.98
1064	2854.59	6758.04
1065	18918.62	6884.48
1066	19761.77	5657.51
1067	6747.84	19125.68
1068	6630.5	18702.52
1069	4901.29	2450.17
1070	6023.63	17484.23
1071	5929.87	13868.44
1072	6186.57	3338.2
1073	12436.31	4969.17
1074	15397.96	3642.62
1075	18533.84	20432.41
1076	3370.18	14803.0
1077	11055.79	21524.17
1078	15320.29	5501.71
1079	11256.02	14252.64
1080	18100.22	12258.29
1081	19166.9	16933.63
1082	1287.81	15602.19
1083	7354.55	19510.63
1084	3079.14	18647.4
1085	15835.34	12896.91
1086	20636.04	3937.91
1087	6061.65	14498.0
1088	5782.9	12838.93
1089	16400.38	9697.94
1090	30.38	9195.41
1091	8257.58	272.88
1092	16603.22	15652.18
1093	7036.04	12123.66
1094	9442.76	15288.46
1095	8074.09	7252.55
1096	16492.15	7431.84
1097	3367.26	568.52
1098	3474.66	9732.25
1099	20790.82	5082.33
1100	5455.75	9049.29
1101	759.02	20373.86
1102	12782.58	2112.52
1103	3092.65	10143.6
1104	11802.56	15261.05
1105	20916.89	11178.93
1106	5462.27	15792.28
1107	5632.46	13577.45
1108	571.73	17518.05
1109	9624.41	12527.6
1110	12576.44	10419.2
1111	294.49	5632.29
1112	17406.81	2338.6
1113	890.04	16216.67
1114	9697.91	53.01
1115	19852.75	12463.2
1116	2402.46	9962.92
1117	10154.61	14742.5
1118	3084.26	3808.61
1119	10224.13	9593.86
1120	6064.82	9832.42
1121	6322.7	375.08
1122	9251.11	365.26
1123	2083.58	6231.9
1124	11163.11	2099.22
1125	5600.86	1931.94
1126	907.7	15674.39
1127	18549.77	6083.68
1128	15354.79	13267.83
1129	11776.63	16053.1
1130	15713.98	2534.35
1131	13910.24	15660.87
1132	11166.41	5680.97
1133	20763.68	20924.09
1134	18026.72	6649.04
1135	7302.82	8353.9
1136	20060.99	4192.9
1137	2156.68	2934.69
1138	6307.67	2222.54
1139	18612.47	7265.72
1140	195.67	7029.57
1141	1637.76	20680.18
1142	6511.61	3561.8
1143	1466.26	4905.45
1144	17043.63	8259.54
1145	2601.21	13502.6
1146	14254.28	14267.36
1147	18550.62	8117.52
1148	13003.86	469.11
1149	17931.13	350.43
1150	13039.99	8012.61
1151	7473.52	5791.08
1152	12848.74	15145.48
1153	6327.02	5630.47
1154	21293.49	5701.81
1155	18305.29	1520.13
1156	5123.14	7240.38
1157	20188.31	3508.54
1158	4341.18	1590.03
1159	15255.59	5723.94
1160	10953.81	6467.96
1161	9842.67	4403.89
1162	651.5	5987.74
1163	20840.98	19437.34
1164	19417.16	13095.02
1165	5535.94	19736.45
1166	21801.64	17583.85
1167	14708.51	19468.99
1168	17763.81	5931.56
1169	18130.6	2996.81
1170	3071.93	20310.52
1171	2829.88	2428.08
1172	7132.96	7813.39
1173	3403.26	17379.77
1174	12549.61	13584.39
1175	9146.82	19142.86
1176	1586.85	18441.0
1177	7452.48	17244.49
1178	381.95	2485.19
1179	19538.18	10000.88
1180	12384.01	10670.7
1181	6073.79	18186.03
1182	19999.78	523.89
1183	4461.33	20119.77
1184	18134.62	2786.69
1185	7007.01	6827.53
1186	6257.97	19002.81
1187	20856.7	15173.74
1188	10049.6	13099.59
1189	11623.14	17427.19
1190	2610.63	6835.19
1191	21986.33	7330.92
1192	21899.77	4321.91
1193	11859.42	19097.43
1194	17659.67	8647.92
1195	11069.79	17472.6
1196	20582.8	17816.41
1197	17451.55	18006.39
1198	14485.56	15382.17
1199	9207.54	5634.37
1200	13722.28	9474.29
1201	7814.98	390.92
1202	18570.83	205.92
1203	17651.93	18227.31
1204	735.59	10240.27
1205	5676.78	15030.7
1206	21280.96	1197.72
1207	6355.48	14408.95
1208	7697.36	19051.53
1209	20863.01	9975.29
1210	16397.02	491.14
1211	13101.52	11851.8
1212	7932.52	16377.49
1213	7048.25	11872.16
1214	518.28	16039.53
1215	3389.98	20485.14
1216	4664.16	6627.93
1217	15314.58	2331.66
1218	10693.45	17325.92
1219	17470.09	8314.46
1220	1272.61	16124.51
1221	5383.75	18791.24
1222	8185.12	5214.38
1223	1167.48	19265.65
1224	1260.5	17810.11
1225	10958.95	10933.32
1226	3144.74	17590.83
1227	6363.88	1140.66
1228	2287.89	6862.89
1229	11257.01	11967.8
1230	15858.43	14252.52
1231	403.33	7672.29
1232	12811.68	6180.39
1233	1673.96	17004.31
1234	21307.78	13646.75
1235	20789.75	5296.81
1236	15840.48	11676.11
1237	8911.66	892.02
1238	3487.39	11788.68
1239	5078.85	15684.75
1240	7340.23	9133.48
1241	17662.24	8554.46
1242	6636.86	6991.38
1243	21952.66	21907.27
1244	4784.24	11681.71
1245	9549.61	19394.87
1246	20235.46	1758.2
1247	5306.85	5933.73
1248	8474.29	2795.53
1249	6297.39	10474.99
1250	3017.15	2331.22
1251	15770.3	3970.75
1252	14179.76	5336.42
1253	18681.27	17436.83
1254	1248.25	4273.97
1255	19503.73	3378.8
1256	19866.84	15955.35
1257	8657.6	18684.98
1258	9369.33	18567.01
1259	8226.55	17896.76
1260	15003.62	2667.83
1261	6601.9	8056.49
1262	5916.79	771.26
1263	5597.46	9362.75
1264	1075.27	11046.96
1265	4692.49	7413.56
1266	2149.08	16186.61
1267	19148.17	11866.24
1268	15746.58	3213.87
1269	13363.61	21349.57
1270	72.51	9921.78
1271	17160.45	1449.49
1272	3404.42	19055.35
1273	13103.67	8476.24
1274	7224.07	11391.15
1275	2880.34	13140.05
1276	13519.02	9094.17
1277	11063.42	15367.59
1278	7563.41	14247.53
1279	14786.54	8897.99
1280	20027.75	12964.35
1281	13144.29	21693.9
1282	13645.46	20228.42
1283	7046.1	13160.48
1284	19821.92	12540.3
1285	15329.74	11571.25
1286	18155.97	16565.55
1287	10052.25	19221.84
1288	8376.28	391.62
1289	4409.15	17576.83
1290	5534.72	196.82
1291	20942.69	14295.77
1292	14264.56	11929.41
1293	18110.93	20502.55
1294	14898.98	15054.34
1295	6956.15	9817.01
1296	999.8	15560.14
1297	14055.28	17767.57
1298	14305.53	14541.59
1299	18623.92	13136.01
1300	5201.85	8466.26
1301	14429.73	4872.9
1302	21721.26	8346.37
1303	3216.64	4597.11
1304	8632.08	14784.08
1305	18644.73	17387.36
1306	5232.74	1507.2
1307	18028.97	13011.09
1308	20876.58	17798.22
1309	1148.35	20030.24
1310	7216.01	20820.31
1311	21663.59	3026.98
1312	16478.95	19022.23
1313	21629.22	21646.74
1314	6418.56	11949.63
1315	14282.88	17846.21
1316	2982.07	21973.5
1317	2359.64	17892.28
1318	6345.55	5446.76
1319	8286.73	3369.51
1320	20360.58	17723.62
1321	12143.2	21583.31
1322	4348.95	7443.63
1323	8274.55	9033.95
1324	10764.79	16909.94
1325	4716.04	20886.65
1326	2968.34	9269.45
1327	5222.44	13051.31
1328	1725.83	1705.74
1329	9796.5	17179.95
1330	21055.69	21738.29
1331	2867.1	20128.39
1332	8299.13	15003.8
1333	327.78	20221.11
1334	21897.42	16512.8
1335	15818.36	21024.99
1336	16514.31	16549.82
1337	16493.1	2667.53
1338	15605.2	20283.08
1339	13655.79	3497.56
1340	6723.78	14322.82
1341	19566.4	17630.47
1342	21820.52	7924.18
1343	20761.58	10651.72
1344	19137.69	2803.32
1345	10839.48	21851.02
1346	15326.05	14077.56
1347	16017.6	19438.25
1348	376.0	3624.33
1349	12074.13	13314.15
1350	241.3	15859.14
1351	14160.66	14388.73
1352	19981.68	9405.74
1353	10117.09	9225.49
1354	2303.98	6137.14
1355	19337.66	19280.66
1356	11322.17	21093.06
1357	10212.98	2677.29
1358	8858.38	21300.79
1359	8232.08	12025.42
1360	18033.42	14750.08
1361	13169.89	11692.9
1362	12278.27	485.3
1363	15567.58	14027.07
1364	3898.99	12903.83
1365	9960.0	16476.75
1366	949.83	21812.59
1367	4773.79	2552.81
1368	21152.98	470.38
1369	6532.26	11448.57
1370	5888.47	21562.27
1371	8752.35	16460.47
1372	16473.2	3938.95
1373	20046.13	4169.94
1374	16430.62	14610.06
1375	2669.47	16793.93
1376	5018.78	2465.54
1377	1648.9	7223.68
1378	2570.29	9801.74
1379	10230.34	2460.17
1380	1174.63	10951.79
1381	13332.22	11695.1
1382	3107.11	1469.3
1383	3867.53	2468.02
1384	15016.74	6415.58
1385	2171.56	8343.29
1386	4082.9	15549.59
1387	632.3	12491.29
1388	6413.4	13590.61
1389	15871.51	8974.49
1390	12688.95	310.95
1391	20820.14	14228.7
1392	4164.7	3535.51
1393	19185.25	4952.19
1394	12773.29	21141.85
1395	9594.43	10264.37
1396	5577.89	54.94
1397	16845.87	5164.78
1398	18265.98	19859.6
1399	1733.99	5943.23
1400	21447.01	1339.75
1401	7051.76	2485.78
1402	14588.55	16742.22
1403	5432.69	20394.1
1404	1235.86	3486.75
1405	21151.94	12566.67
1406	7139.74	4556.04
1407	644.15	5621.3
1408	4150.88	15197.46
1409	3142.11	13593.98
1410	20377.06	9342.26
1411	1331.08	897.09
1412	11335.55	14189.35
1413	14281.79	17469.39
1414	13731.71	7195.62
1415	6413.0	19345.6
1416	3575.19	5069.86
1417	6740.51	8790.02
1418	3279.5	19068.89
1419	1011.34	4560.54
1420	1572.77	12230.39
1421	7242.67	14324.45
1422	16078.83	4203.38
1423	17366.1	1879.82
1424	8837.86	21189.31
1425	3003.63	19493.94
1426	15365.7	5535.07
1427	5336.84	4771.76
1428	10020.83	19927.09
1429	13963.86	21449.54
1430	21644.78	19284.28
1431	15748.77	8610.68
1432	5714.9	6862.18
1433	7388.71	4915.29
1434	13704.26	21522.09
1435	220.34	1187.83
1436	19294.14	237.0
1437	12038.41	8218.54
1438	21353.0	18449.78
1439	4192.14	2254.51
1440	17281.15	15141.41
1441	19876.28	191.73
1442	16105.7	9318.02
1443	18017.22	11379.54
1444	1385.79	14771.79
1445	6560.72	9722.45
1446	10870.37	14186.65
1447	12339.82	9569.04
1448	12176.85	10360.87
1449	15317.94	2047.28
1450	15299.0	7579.5
1451	13224.82	5148.05
1452	7772.94	17603.21
1453	5129.1	9935.73
1454	14114.43	12620.65
1455	3527.79	3430.01
1456	15926.21	16697.66
1457	12096.06	15540.05
1458	4126.7	11387.13
1459	15237.21	20327.27
1460	2889.52	5418.51
1461	4521.02	19858.12
1462	13035.29	13509.03
1463	13214.53	17592.04
1464	9134.33	12291.53
1465	9724.26	21963.73
1466	11177.18	9304.93
1467	10373.67	2515.68
1468	1883.75	14536.85
1469	7588.51	2711.69
1470	8004.21	13343.2
1471	21134.49	10478.79
1472	16627.78	9573.0
1473	14426.15	11692.59
1474	13466.08	17777.52
1475	8907.16	11276.79
1476	10131.21	7264.53
1477	19606.44	20030.31
1478	3734.52	14609.95
1479	18878.86	1383.77
1480	2235.37	7784.08
1481	16424.81	12473.98
1482	21601.6	6179.84
1483	21213.45	11737.52
1484	21763.56	7180.27
1485	8884.99	17400.21
1486	21438.08	17015.51
1487	12091.98	5427.29
1488	17766.86	14873.76
1489	2594.07	14580.68
1490	17287.86	4661.2
1491	4516.78	14682.39
1492	19356.26	14580.9
1493	19848.86	3463.75
1494	2366.16	6487.61
1495	4688.68	20533.91
1496	8821.56	1965.74
1497	10907.28	17369.87
1498	6707.73	13444.58
1499	5521.95	17143.82
1500	14582.58	21324.88
1501	17693.51	21085.17
1502	5738.08	13924.71
1503	3723.7	13268.14
1504	5778.44	8711.05
1505	13983.55	1195.4
1506	1036.36	11677.13
1507	5324.16	6833.84
1508	10520.15	12297.37
1509	18501.55	5134.58
1510	14877.73	11653.21
1511	5172.25	5220.94
1512	4052.34	1158.66
1513	12229.26	10898.27
1514	3536.48	169.22
1515	7182.92	1879.65
1516	3439.9	3863.5
1517	16678.12	16591.95
1518	17282.06	4424.58
1519	13059.47	18651.11
1520	12142.56	21933.78
1521	21307.85	20303.15
1522	3827.81	15977.99
1523	9429.61	19204.09
1524	14529.7	19792.25
1525	3982.73	8673.28
1526	21810.85	20117.1
1527	19330.19	11968.03
1528	13020.07	16448.68
1529	14672.94	10407.03
1530	5898.82	10919.73
1531	1898.31	16651.88
1532	21187.87	4827.7
1533	2318.45	15248.84
1534	2311.56	7673.94
1535	4624.89	16532.2
1536	8396.33	7561.86
1537	8833.17	1441.81
1538	20775.83	8289.27
1539	13666.76	8920.37
1540	20675.94	16829.38
1541	10177.62	290.82
1542	8048.25	4873.68
1543	11682.59	12423.74
1544	14232.54	12600.43
1545	386.99	1495.32
1546	13518.58	7509.33
1547	3821.76	7088.25
1548	20322.72	16776.92
1549	8307.05	11390.61
1550	595.77	12891.38
1551	589.36	1737.15
1552	4961.92	2948.42
1553	18319.16	12431.88
1554	10366.96	10234.93
1555	14848.99	11238.16
1556	12469.61	12430.32
1557	10105.44	14438.15
1558	10719.02	1439.09
1559	7136.39	3068.12
1560	12498.81	6684.55
1561	4118.56	20610.85
1562	18172.56	2179.31
1563	1909.08	10988.35
1564	16854.0	9053.43
1565	18755.95	2069.82
1566	8243.0	3369.27
1567	11425.33	15753.13
1568	11722.43	19669.49
1569	15141.75	7915.84
1570	947.83	4475.17
1571	16971.59	18407.6
1572	4822.3	4199.94
1573	264.3	7381.62
1574	17626.76	3783.37
1575	16182.59	6293.58
1576	11233.22	11575.1
1577	14968.95	16679.08
1578	9221.91	11030.3
1579	15599.6	2762.64
1580	3219.65	1725.51
1581	19798.86	14141.09
1582	21401.08	5939.25
1583	18518.32	19698.18
1584	719.63	16095.35
1585	10271.6	3606.65
1586	19245.36	13214.69
1587	9246.04	1891.01
1588	20320.66	7092.41
1589	7303.14	10749.8
1590	14522.77	6899.54
1591	4098.38	14316.97
1592	13630.36	7678.21
1593	3069.85	11421.42
1594	7381.07	1957.67
1595	20639.11	9106.14
1596	1156.86	14118.75
1597	17869.26	14483.42
1598	6446.21	20499.48
1599	17932.33	2999.14
1600	8874.52	8515.72
1601	21803.37	10964.1
1602	9401.23	18713.85
1603	13042.38	16842.69
1604	21355.14	9626.94
1605	7530.59	6145.59
1606	456.17	17661.58
1607	1276.97	10262.64
1608	16161.15	10671.35
1609	117.75	20047.06
1610	3052.22	21279.06
1611	21046.9	1415.32
1612	13239.96	11686.56
1613	9837.86	19439.1
1614	5306.23	3980.27
1615	3590.9	19239.74
1616	13935.13	3430.8
1617	21536.43	20547.18
1618	20597.97	439.7
1619	21252.03	17821.72
1620	7927.84	1861.27
1621	18356.95	4087.75
1622	15694.48	4061.46
1623	15325.66	4540.64
1624	16241.7	15207.44
1625	10854.95	828.29
1626	17834.59	16680.5
1627	9971.7	12808.89
1628	9909.66	5946.26
1629	11448.05	10797.35
1630	14666.99	3840.47
1631	18927.73	13162.66
1632	4137.34	1743.93
1633	4860.79	19485.77
1634	6377.32	20470.81
1635	12555.65	14336.34
1636	6445.44	5552.05
1637	21783.92	2613.33
1638	21833.62	7758.97
1639	7977.52	9312.91
1640	1043.22	19986.37
1641	9420.32	18512.59
1642	18429.07	3632.05
1643	3606.44	10254.05
1644	21924.86	4847.56
1645	17662.88	17940.51
1646	6949.56	4247.17
1647	14240.05	6364.83
1648	12708.26	10771.38
1649	4831.16	11578.73
1650	12596.05	11149.61
1651	15684.35	7362.1
1652	1581.48	18438.81
1653	1732.29	6000.19
1654	8743.49	7832.76
1655	2143.91	14741.17
1656	16665.93	11854.32
1657	12186.28	7927.68
1658	13742.61	15133.2
1659	19225.75	5809.1
1660	1357.97	5594.27
1661	11004.96	6976.22
1662	18733.05	10368.53
1663	17663.51	11316.59
1664	16470.78	5226.3
1665	20697.06	11955.75
1666	10918.77	4695.52
1667	12831.8	9216.31
1668	9359.08	17666.76
1669	4405.26	4532.04
1670	7578.17	15467.64
1671	15650.06	14879.4
1672	2430.72	13643.65
1673	18975.83	6500.43
1674	1351.13	18926.63
1675	16060.31	2089.53
1676	7665.03	15625.2
1677	17318.95	6221.19
1678	19217.12	10971.71
1679	14294.74	18577.07
1680	1675.4	19954.91
1681	15485.79	5214.67
1682	11881.46	14899.43
1683	21201.1	9243.79
1684	7351.1	21508.24
1685	11915.36	4011.35
1686	7009.01	12585.15
1687	14452.83	9264.14
1688	16036.74	1934.92
1689	9752.92	12271.93
1690	13941.04	3561.55
1691	16742.69	6857.63
1692	7183.87	11560.73
1693	15523.16	18295.03
1694	15926.72	3018.77
1695	12998.57	16890.92
1696	5508.27	13121.34
1697	16494.28	9862.52
1698	2373.98	16070.35
1699	3505.83	20069.45
1700	10506.38	8123.3
1701	16513.25	19906.31
1702	15133.86	21768.27
1703	6474.78	1493.62
1704	2093.26	21789.23
1705	20413.9	9411.15
1706	10347.57	10840.84
1707	18456.11	10742.09
1708	8445.08	20841.76
1709	10495.2	4058.08
1710	673.83	5978.33
1711	21623.6	13417.53
1712	17808.44	4775.59
1713	7431.25	16135.87
1714	6132.58	13897.22
1715	10857.89	3826.83
1716	3180.39	8748.32
1717	2410.08	2834.44
1718	6338.02	1417.71
1719	11280.58	14235.03
1720	4265.23	15227.15
1721	17610.29	19621.36
1722	15948.23	8264.56
1723	9654.01	8051.77
1724	9663.05	8547.3
1725	4700.73	3924.04
1726	15949.07	17031.75
1727	17980.08	20748.24
1728	2077.58	13050.8
1729	10030.71	11465.18
1730	15621.95	2895.14
1731	15485.72	17748.04
1732	17474.21	15194.97
1733	20528.95	16636.36
1734	218.37	10629.71
1735	15539.58	7757.3
1736	15237.31	1246.59
1737	20246.69	14269.4
1738	5554.48	6830.79
1739	2251.92	10776.82
1740	7081.67	19489.5
1741	2900.99	19325.97
1742	6488.52	8661.44
1743	1048.53	14226.57
1744	13111.53	20105.05
1745	8835.39	11972.97
1746	5551.71	12901.8
1747	1403.89	9251.07
1748	4284.85	13397.22
1749	20648.59	4605.39
1750	11835.73	4703.73
1751	975.44	7649.88
1752	13434.98	4504.79
1753	3287.97	9741.32
1754	15615.76	3059.39
1755	6150.71	12095.25
1756	14850.66	4526.63
1757	364.09	11135.88
1758	15298.28	15879.87
1759	15115.55	8801.97
1760	2978.53	12018.98
1761	15535.36	12168.81
1762	5032.41	1153.36
1763	7546.69	9347.7
1764	21582.7	19957.79
1765	21347.55	2987.43
1766	11312.02	7023.35
1767	2611.87	12677.26
1768	9408.28	19546.78
1769	21776.62	12971.56
1770	6362.45	13849.69
1771	2996.29	3100.62
1772	8322.76	20957.15
1773	12614.26	8815.5
1774	911.92	3462.57
1775	5429.24	11812.77
1776	19027.86	10439.49
1777	12872.06	21033.64
1778	7393.46	4425.54
1779	9176.57	20905.97
1780	9352.26	19347.42
1781	6020.05	17029.42
1782	19843.6	21110.74
1783	17492.91	20378.7
1784	9430.95	7880.95
1785	20219.08	19031.2
1786	711.55	7668.12
1787	1055.99	12937.72
1788	1344.0	19960.59
1789	10872.52	4653.0
1790	12615.21	12537.84
1791	632.06	2413.77
1792	19254.83	12339.04
1793	10515.83	14026.69
1794	19939.93	13671.27
1795	5335.5	3019.15
1796	13181.54	19868.76
1797	15714.51	9543.53
1798	12010.26	1124.22
1799	21598.21	5361.46
1800	8154.37	19235.98
1801	620.34	18566.5
1802	14957.41	17089.52
1803	4304.12	18069.02
1804	13889.5	2737.05
1805	18552.68	13796.93
1806	8792.39	10451.62
1807	4009.73	13029.29
1808	11266.68	12865.6
1809	11105.17	20076.71
1810	164.94	11301.9
1811	1822.47	11271.83
1812	19536.25	4920.76
1813	18232.11	12142.11
1814	710.59	6935.13
1815	16749.24	4286.74
1816	428.83	15742.04
1817	21004.78	5921.62
1818	8929.93	3726.2
1819	11792.64	11247.75
1820	7851.09	15035.17
1821	922.85	18050.32
1822	21824.31	16193.01
1823	16166.85	18402.97
1824	15130.89	14620.36
1825	1010.99	19594.56
1826	12538.09	5905.44
1827	21829.28	19407.17
1828	17996.43	17830.77
1829	13634.17	2801.56
1830	1878.53	15977.0
1831	417.67	16132.01
1832	9347.17	1746.54
1833	1170.16	8350.03
1834	14146.49	13466.25
1835	16151.72	2471.54
1836	5854.35	16143.82
1837	1964.97	3970.16
1838	16332.25	10451.02
1839	14570.16	4481.35
1840	16076.77	3193.43
1841	20040.31	8383.04
1842	17545.35	20493.87
1843	6632.02	1566.65
1844	17632.6	8978.06
1845	10349.91	19326.1
1846	20365.5	3295.14
1847	20829.86	599.61
1848	13319.88	7455.01
1849	18487.64	16987.63
1850	2534.0	163.47
1851	6250.65	3347.64
1852	13080.94	8871.92
1853	21370.35	10987.71
1854	7572.16	18934.19
1855	3626.34	7013.63
1856	4071.57	15774.73
1857	12679.09	2297.54
1858	12073.83	9000.3
1859	398.7	316.85
1860	18096.61	20630.93
1861	19879.97	9883.2
1862	19598.15	10222.42
1863	4591.26	2604.57
1864	4048.08	13114.52
1865	20271.79	12076.29
1866	9615.1	6294.11
1867	11605.55	13998.43
1868	321.75	15577.55
1869	4887.06	21879.51
1870	9768.32	588.09
1871	1996.53	2850.86
1872	15368.93	18490.27
1873	15406.1	2179.93
1874	17398.26	6601.53
1875	18758.06	15765.59
1876	14119.65	7089.76
1877	3047.23	13757.73
1878	5884.12	20311.97
1879	161.45	4987.17
1880	4811.72	14110.43
1881	6508.84	611.54
1882	5328.65	18244.46
1883	1839.57	9030.58
1884	19521.27	3148.36
1885	8504.82	19628.79
1886	17247.34	2121.13
1887	11958.02	10437.6
1888	6087.62	171.14
1889	3528.39	224.9
1890	9318.35	7499.96
1891	1582.55	1198.14
1892	17073.88	206.3
1893	19855.41	9274.94
1894	12907.2	16037.18
1895	18047.29	3853.62
1896	383.42	2207.15
1897	16560.65	11404.06
1898	17075.45	19643.16
1899	9577.01	14951.12
1900	11099.52	6932.63
1901	7375.18	5463.29
1902	8298.16	8115.64
1903	16052.67	7104.06
1904	10018.04	147.81
1905	5885.48	14915.23
1906	404.71	18454.25
1907	20318.36	12984.48
1908	16325.53	20894.51
1909	16826.06	13683.83
1910	9728.44	3152.57
1911	19572.48	16412.57
1912	13570.06	16361.04
1913	4291.71	8841.49
1914	19990.97	18425.81
1915	15114.81	10729.68
1916	13456.04	16241.56
1917	13471.84	14923.37
1918	18064.05	20591.07
1919	7900.06	8650.1
1920	12849.54	5805.85
1921	8038.74	6667.94
1922	7550.02	15526.96
1923	19385.07	17138.66
1924	11551.41	5276.51
1925	11656.57	21069.94
1926	17626.37	10375.7
1927	7475.93	16411.34
1928	4934.23	17264.8
1929	16683.01	926.78
1930	15959.98	16312.88
1931	2602.34	20800.55
1932	14595.82	1753.51
1933	1650.13	18852.69
1934	17442.53	9091.02
1935	288.72	20976.5
1936	3147.58	8864.85
1937	7576.37	3892.08
1938	15710.96	9834.76
1939	12460.18	3447.29
1940	17816.43	10209.83
1941	7409.92	19738.93
1942	18813.03	9410.23
1943	14211.78	2551.29
1944	14107.1	14832.95
1945	7511.85	5084.71
1946	16328.96	17364.14
1947	12541.13	19924.88
1948	11545.99	10049.27
1949	12604.46	20927.6
1950	1973.56	5921.03
1951	4483.89	6430.91
1952	7676.91	21739.15
1953	11688.1	14645.71
1954	14073.69	19459.13
1955	12242.51	15649.57
1956	8911.61	4243.24
1957	6220.58	12327.38
1958	10307.16	18326.13
1959	3576.73	20183.18
1960	11941.62	9752.56
1961	14792.26	12218.19
1962	10813.64	9206.54
1963	1800.97	6383.51
1964	20925.0	18985.85
1965	10658.81	9402.72
1966	5228.8	10825.62
1967	2912.47	10336.44
1968	2108.73	3140.96
1969	19015.49	9314.94
1970	16713.76	1638.34
1971	1059.41	18172.55
1972	12676.27	5772.6
1973	20069.74	18260.72
1974	20381.36	14970.96
1975	7380.66	124.9
1976	20592.16	7577.26
1977	1517.77	1990.3
1978	3069.41	16165.11
1979	13048.24	265.85
1980	2322.97	1722.76
1981	8174.21	3232.5
1982	20973.01	16274.69
1983	8524.99	14744.37
1984	9025.57	9250.33
1985	11568.72	19477.06
1986	15266.64	11039.29
1987	17294.12	16390.91
1988	7869.28	20321.43
1989	14256.65	1018.9
1990	19342.58	1765.51
1991	12163.04	16388.59
1992	4366.55	19056.45
1993	20020.63	1763.36
1994	9723.62	7296.07
1995	19680.5	20255.18
1996	17465.65	19299.43
1997	19181.23	10337.13
1998	13541.96	19133.97
1999	17787.6	19584.0
2000	19229.05	6019.7
2001	3351.86	7451.7
2002	4013.16	14502.78
2003	3942.73	980.54
2004	12993.45	15668.75
2005	13915.08	2997.07
2006	13317.73	8950.88
2007	16750.95	18811.33
2008	19351.3	20980.94
2009	17895.88	3905.46
2010	16173.71	20946.91
2011	21944.25	6879.93
2012	14425.76	8232.54
2013	15389.46	11273.28
2014	12448.16	9477.91
2015	20974.88	20450.13
2016	6959.24	2430.57
2017	18055.52	19683.09
2018	11997.01	3837.34
2019	14135.32	9407.9
2020	388.05	12593.81
2021	6617.77	12031.0
2022	6347.44	6939.16
2023	18766.38	21486.52
2024	2572.13	4439.69
2025	10923.87	19858.49
2026	20502.39	15478.87
2027	13954.55	2675.81
2028	17904.41	3625.75
2029	12961.77	7376.93
2030	14503.34	11278.69
2031	20803.0	17904.45
2032	13397.7	16989.52
2033	5674.95	9317.64
2034	18073.47	12470.93
2035	11807.04	2558.2
2036	19407.85	16530.93
2037	16309.65	21456.7
2038	14930.54	2080.87
2039	4432.03	18524.9
2040	21687.92	1312.81
2041	13036.1	17534.7
2042	1938.11	14019.79
2043	14476.76	19381.16
2044	2917.86	5381.67
2045	15576.37	14140.54
2046	12468.9	9810.95
2047	21706.35	12708.91
2048	7629.02	20548.79
2049	12750.29	472.57
2050	6138.5	20631.55
2051	7275.62	13032.31
2052	18943.46	6266.04
2053	4734.04	4907.42
2054	17541.67	5807.83
2055	6115.12	11963.17
2056	8251.62	12644.42
2057	19040.82	4003.41
2058	19952.34	12727.26
2059	5294.61	21747.0
2060	6892.24	16924.41
2061	8931.67	5783.44
2062	1820.82	8002.87
2063	4520.73	10427.1
2064	8730.06	13962.36
2065	10907.73	1276.89
2066	13681.65	6940.24
2067	20710.92	12827.12
2068	19170.8	21888.14
2069	16543.91	14458.83
2070	10756.16	13682.32
2071	17563.14	17787.06
2072	5059.27	20362.68
2073	17454.03	8112.84
2074	21281.81	1205.0
2075	19689.64	12887.69
2076	2480.64	11446.02
2077	12465.37	4105.44
2078	19135.24	2888.12
2079	20254.51	13341.42
2080	120.74	17818.52
2081	16324.72	15097.23
2082	5237.04	5729.0
2083	13886.29	18564.11
2084	4231.46	2648.13
2085	14327.52	6560.3
2086	20795.73	18604.1
2087	18877.45	6635.97
2088	14703.1	6012.24
2089	17967.76	6958.31
2090	2194.56	12868.12
2091	7754.96	11960.01
2092	9023.44	2190.22
2093	6269.9	6860.5
2094	1138.97	9282.4
2095	13256.96	15499.73
2096	10287.66	4811.51
2097	6476.49	3481.41
2098	8528.42	6754.49
2099	21086.04	9949.78
2100	9789.31	9719.27
2101	21078.24	11991.44
2102	6563.4	5987.24
2103	17937.12	11633.28
2104	18991.24	2295.69
2105	11569.79	16416.73
2106	14277.94	11143.06
2107	13253.34	10646.28
2108	6194.89	4466.8
2109	14385.0	2414.03
2110	12382.21	17573.86
2111	18711.3	20842.35
2112	4871.27	10857.74
2113	18686.09	8842.72
2114	8693.41	2438.45
2115	18596.84	6374.28
2116	8334.05	10934.17
2117	13076.39	1128.03
2118	11713.31	3229.32
2119	3944.36	8185.38
2120	21935.41	3986.7
2121	5916.4	17712.42
2122	9445.9	5757.53
2123	1800.17	16417.85
2124	20490.44	18562.81
2125	21189.84	13905.99
2126	7752.63	16854.01
2127	15398.66	3071.48
2128	6648.88	8298.01
2129	7453.25	20741.93
2130	9634.82	21302.13
2131	6498.15	17462.51
2132	12449.61	4435.06
2133	19056.13	18546.22
2134	14770.39	19477.85
2135	15135.69	7063.22
2136	20493.17	14060.31
2137	574.9	18959.79
2138	3827.98	19513.48
2139	11075.07	18789.21
2140	12059.31	21965.07
2141	19637.97	2692.93
2142	20907.29	16080.29
2143	9491.68	5084.39
2144	1619.24	18856.49
2145	5486.86	9330.65
2146	5458.27	15983.22
2147	784.3	17566.78
2148	10853.71	6222.4
2149	444.47	2077.62
2150	10674.92	13616.31
2151	10133.34	7208.43
2152	9318.57	346.97
2153	11644.47	1073.89
2154	12526.16	6436.55
2155	20303.48	14460.22
2156	13454.55	21597.15
2157	21503.38	8612.03
2158	5000.66	13193.74
2159	14389.86	20213.24
2160	7807.61	20214.97
2161	18148.7	1725.53
2162	13989.87	6529.23
2163	6175.6	783.87
2164	10050.59	19661.1
2165	7026.45	5731.42
2166	14274.35	107.66
2167	16820.81	15590.31
2168	9206.93	10226.6
2169	3115.77	27.04
2170	5005.38	17908.09
2171	18437.25	15685.49
2172	20291.32	7102.26
2173	3414.65	1164.19
2174	21506.48	8688.43
2175	7340.88	9049.04
2176	10830.49	10788.82
2177	6950.32	14516.21
2178	11368.76	17965.86
2179	20965.61	8970.44
2180	20004.78	13251.89
2181	14637.48	19244.02
2182	1128.36	2931.19
2183	12037.99	5046.83
2184	18593.81	12921.58
2185	2896.08	7278.72
2186	1059.09	9880.78
2187	15772.41	15983.41
2188	12421.23	20839.38
2189	19526.78	3784.44
2190	16506.25	15018.21
2191	14829.64	4062.32
2192	13887.23	3878.44
2193	4565.25	8123.02
2194	10546.49	5582.03
2195	1103.36	11717.21
2196	21661.34	9444.56
2197	2631.65	3863.4
2198	582.56	19191.99
2199	21880.96	5996.94
2200	19572.53	12299.49
