1	13098.78	14664.55
2	7629.09	2910.55
3	12200.99	10475.07
4	417.39	19992.73
5	2895.24	17974.78
6	9030.02	15272.55
7	15326.8	11841.53
8	1102.32	13490.34
9	17934.42	2721.5
10	9047.74	2159.46
11	6323.6	13108.25
12	484.33	6459.97
13	4127.42	1276.01
14	8568.79	16054.67
15	20577.54	20952.85
16	5623.13	6035.15
17	15049.59	8308.75
18	20375.35	20147.78
19	1729.72	512.89
20	2536.13	17390.85
21	4361.81	19504.31
22	7912.81	20342.48
23	19371.82	20923.63
24	13773.95	2438.39
25	7451.02	9018.83
26	10125.15	12696.74
27	3188.99	14250.33
28	10418.52	20536.39
29	1708.43	9188.77
30	18360.54	13579.94
31	9794.92	20216.92
32	3881.69	18283.63
33	8696.5	13802.26
34	9418.57	11686.1
35	20829.27	1555.31
36	17264.65	5460.63
37	3099.86	16609.49
38	18484.68	3335.24
39	11291.64	16380.01
40	20767.62	7253.9
41	20932.89	2239.47
42	5710.58	12834.78
43	16203.65	4495.02
44	15189.31	20177.83
45	2331.71	17957.87
46	17229.96	2501.41
47	14143.99	19629.3
48	16003.22	17118.79
49	6103.81	2611.98
50	2730.78	17980.01
51	14445.11	12290.59
52	4056.84	12576.89
53	5700.39	18799.72
54	11708.39	1206.22
55	9960.27	18338.24
56	4699.79	6369.6
57	16223.19	5010.75
58	1364.21	6002.84
59	18325.77	14087.49
60	5908.8	1000.22
61	5257.37	15908.79
62	3074.25	16490.69
63	12782.68	13385.95
64	2240.73	11461.27
65	10322.22	13459.93
66	5882.45	17420.69
67	10224.37	9150.8
68	7192.16	18454.58
69	641.81	2329.27
70	1395.09	18650.56
71	3486.3	10535.12
72	10189.7	16906.68
73	10627.88	17779.07
74	13632.4	3211.03
75	20091.84	18683.5
76	8750.58	5710.82
77	2098.13	8385.58
78	14081.86	17537.99
79	4431.7	15043.03
80	8454.02	12143.5
81	2700.06	19212.34
82	44.61	6096.29
83	14641.17	9568.0
84	3378.41	745.18
85	16016.55	1944.24
86	9423.26	6709.46
87	2147.52	14800.38
88	11523.2	5316.23
89	19149.88	11544.49
90	16249.44	7793.18
91	15493.83	8408.93
92	16290.19	4090.83
93	8816.05	424.14
94	9596.16	15147.43
95	20794.64	12338.02
96	15306.67	2588.37
97	9345.48	7513.08
98	14741.29	2248.2
99	10599.44	11986.37
100	1897.25	15437.22
101	5365.14	16460.47
102	18258.97	5502.03
103	8228.27	7601.35
104	10893.59	6383.97
105	5976.5	205.1
106	4134.64	2449.75
107	162.01	2728.41
108	19803.85	18283.35
109	10697.58	2349.35
110	19624.19	18494.89
111	7238.53	17418.15
112	3599.8	8887.55
113	18781.33	20377.71
114	12937.31	7755.5
115	6960.97	13968.07
116	7863.88	5685.54
117	536.45	10439.86
118	4388.84	1664.93
119	5901.57	20847.0
120	4841.12	6028.87
121	911.08	10290.61
122	568.98	1258.42
123	13447.32	6957.85
124	19588.05	15141.63
125	11097.04	1808.09
126	18858.2	3305.49
127	1809.36	18299.17
128	19728.54	135.25
129	20536.2	5373.92
130	19676.76	17693.64
131	16711.77	10336.56
132	1027.76	11408.61
133	11310.05	14240.81
134	9906.99	18965.94
135	14286.69	5408.02
136	7410.18	17680.27
137	19832.99	9863.24
138	7928.37	5737.7
139	1695.15	5329.09
140	3736.76	17422.62
141	8293.43	685.13
142	6403.84	3862.02
143	11438.87	12876.75
144	16502.28	6736.16
145	3532.53	13943.35
146	13514.97	16659.3
147	10972.09	14462.67
148	6568.22	9694.23
149	16691.34	2374.28
150	9529.18	1187.5
151	17824.94	2467.27
152	11455.33	11220.97
153	17372.46	3456.23
154	8355.46	8460.93
155	4632.41	8393.22
156	4503.6	9593.95
157	10471.66	17624.11
158	19566.26	3848.35
159	19010.05	3052.64
160	13667.99	9531.22
161	18436.72	12257.75
162	17046.12	14337.08
163	1080.31	10881.75
164	17277.19	11826.71
165	18292.76	16146.59
166	6357.29	6072.58
167	7516.91	10291.2
168	5011.95	8073.71
169	16849.0	5431.4
170	522.2	15267.49
171	15243.05	5221.1
172	8689.67	7605.31
173	19253.27	2577.72
174	13692.75	3451.29
175	14965.56	194.11
176	9170.35	6736.86
177	19119.54	3831.82
178	2542.81	19684.46
179	7250.35	16938.76
180	19036.8	8007.7
181	17645.78	17689.01
182	8515.49	10123.92
183	14256.24	9677.15
184	5040.17	16430.01
185	17179.17	6012.0
186	8835.53	10219.72
187	9407.61	6544.36
188	13592.66	16321.77
189	20646.92	13291.87
190	4366.34	16571.1
191	507.88	14143.5
192	18585.89	335.96
193	19803.58	9800.93
194	5008.37	60.51
195	20198.07	274.79
196	3195.14	5648.26
197	13462.85	7817.03
198	446.17	11640.46
199	5637.77	7737.63
200	19891.87	9321.25
201	8453.63	11745.02
202	11739.05	2296.98
203	6712.71	14959.15
204	5814.0	1697.7
205	10325.57	6862.61
206	15089.06	14516.99
207	1522.71	13084.64
208	9647.1	19133.55
209	14348.16	3014.71
210	10234.3	14276.18
211	20509.34	4904.68
212	20975.2	7680.9
213	11817.47	11314.0
214	16149.04	6192.65
215	14574.32	6750.28
216	8327.34	20680.38
217	2852.43	1517.04
218	17059.37	5293.45
219	14272.99	6491.68
220	15433.35	12244.46
221	7514.64	7695.95
222	20802.81	18368.85
223	19919.81	14980.32
224	2100.85	16272.09
225	10126.96	5454.31
226	11299.07	11367.55
227	9723.22	18625.07
228	16540.39	4037.43
229	6621.71	4458.17
230	5925.79	14552.45
231	17486.33	1683.89
232	1463.71	3376.76
233	14994.77	13984.05
234	5053.74	7657.88
235	11168.96	11219.21
236	374.22	7035.81
237	11684.64	18325.33
238	5821.34	8030.72
239	13700.44	14449.08
240	11363.3	3966.4
241	3551.21	17330.91
242	153.77	20293.21
243	10521.22	6290.65
244	3312.72	11682.19
245	10728.65	10961.55
246	8139.07	16145.74
247	20018.99	864.66
248	13282.84	16436.78
249	12334.4	7830.89
250	18203.66	18951.39
251	9525.06	5836.04
252	721.29	16771.33
253	4187.42	5113.24
254	14023.43	7202.8
255	9497.11	11643.72
256	7103.28	16272.37
257	9450.86	3205.89
258	9773.82	16898.56
259	563.52	11511.43
260	11254.02	19836.07
261	19537.82	8603.79
262	1531.85	12670.36
263	11059.77	14640.24
264	3996.52	14776.29
265	16539.17	3869.17
266	17103.07	7876.95
267	16746.61	5824.56
268	17216.6	14957.26
269	17782.21	4620.29
270	6078.91	16862.67
271	553.14	10878.74
272	16544.78	1397.58
273	18581.64	8836.99
274	20199.78	19206.16
275	1487.78	2319.5
276	11024.23	15228.68
277	19333.82	16434.64
278	12781.59	12380.46
279	2196.33	10912.87
280	222.12	9062.53
281	10259.43	9804.97
282	12344.53	11305.18
283	10389.64	14476.31
284	4981.53	9351.6
285	17739.74	7456.89
286	9471.43	18969.79
287	178.87	14693.72
288	8916.32	19959.16
289	2371.78	3438.38
290	9490.17	1360.71
291	6207.3	9845.69
292	12347.06	3437.46
293	18951.99	6020.14
294	385.69	1739.04
295	12158.45	19785.13
296	14845.92	17141.25
297	10955.14	14769.95
298	3080.69	17230.69
299	9979.5	488.26
300	1710.15	20554.55
301	12324.65	15863.73
302	20331.92	5961.84
303	17257.87	10556.92
304	13445.67	15188.65
305	2688.79	14107.62
306	17365.44	9051.82
307	16565.4	13924.59
308	5182.96	13279.97
309	9136.13	6658.47
310	14504.88	9228.82
311	17564.57	16988.82
312	334.2	16971.65
313	12310.04	644.06
314	17375.18	2117.96
315	14791.77	13422.78
316	6179.14	5564.17
317	17629.2	4496.84
318	10885.58	9758.93
319	4002.67	2194.64
320	7153.58	313.13
321	13785.46	14085.74
322	16558.2	12894.35
323	3709.95	17064.83
324	13342.67	650.34
325	3276.89	4214.01
326	9475.55	6079.16
327	8741.31	7721.08
328	6809.17	13911.9
329	16470.27	13795.44
330	4123.36	1764.45
331	12611.87	18368.17
332	16633.33	12781.4
333	17325.52	18605.08
334	20207.51	7661.01
335	13408.37	16598.25
336	2416.18	2228.27
337	7327.0	8753.54
338	7289.75	2224.03
339	4401.56	10262.87
340	15298.17	18158.13
341	10954.73	6225.69
342	15131.17	1890.65
343	7259.85	11553.96
344	8763.12	6242.61
345	12612.18	19028.49
346	14176.48	15894.55
347	19606.29	9217.01
348	3869.86	14414.14
349	20163.22	2169.11
350	1054.81	12722.82
351	15444.48	13799.32
352	7296.4	17210.22
353	15636.89	4875.23
354	14123.55	3861.61
355	9981.8	1120.93
356	8019.58	11831.03
357	12587.56	10596.09
358	4205.52	18220.03
359	6002.8	14178.41
360	4382.48	19741.02
361	4914.04	4914.08
362	9795.18	16516.07
363	2197.22	13417.35
364	16164.34	19142.68
365	18742.71	15310.48
366	7556.66	18813.92
367	2109.99	10075.41
368	14085.37	14640.58
369	8142.06	11364.63
370	14806.6	15559.48
371	13152.64	17734.79
372	7376.17	14204.11
373	13213.39	18922.72
374	16736.26	4546.85
375	14400.4	19863.44
376	2178.15	19997.33
377	16643.33	8780.24
378	12109.05	19656.24
379	3001.26	1372.92
380	7825.4	14062.25
381	15268.33	7827.35
382	14327.87	12962.17
383	8562.67	7629.0
384	20572.85	10426.58
385	2058.29	12025.76
386	11484.56	5497.74
387	4489.9	7120.96
388	8870.6	20515.19
389	9120.62	20876.65
390	2679.8	12066.38
391	7172.94	10395.87
392	16090.96	3479.33
393	3878.71	14477.26
394	5471.19	9607.63
395	442.34	11400.66
396	7190.42	15250.29
397	11923.94	3240.76
398	11516.88	4011.66
399	12502.59	11636.66
400	2678.7	7087.3
401	4684.24	10259.89
402	19048.14	19227.75
403	794.84	813.57
404	16808.91	5509.08
405	1450.82	9640.01
406	18906.0	16926.47
407	15942.84	5318.61
408	16362.49	13565.5
409	4863.33	10015.08
410	16753.66	19836.55
411	4993.62	14704.88
412	13713.46	13651.72
413	10784.2	8613.77
414	2684.48	6389.45
415	14524.01	8731.68
416	18767.64	8093.37
417	18664.98	18940.0
418	15016.26	2139.8
419	20212.36	7157.84
420	3113.5	16177.32
421	4434.91	18057.37
422	12248.85	4595.92
423	14650.4	17175.39
424	16390.87	14480.88
425	18571.48	4138.55
426	19538.5	3264.22
427	15392.54	17670.6
428	8640.36	20387.26
429	14663.61	5564.48
430	1526.65	11518.19
431	6351.58	9659.76
432	13925.54	10198.51
433	3187.84	10748.3
434	6711.65	5098.01
435	2551.34	5004.98
436	17565.78	5178.91
437	1145.67	10246.7
438	8441.97	16066.93
439	10156.36	8385.18
440	1953.47	20559.79
441	7906.74	1289.47
442	2158.75	19357.7
443	5276.46	2432.05
444	12274.61	8102.29
445	11569.13	1745.77
446	19758.13	6753.38
447	15777.15	9779.5
448	12172.94	10964.25
449	14020.79	11489.37
450	15252.71	20623.21
451	7511.81	17785.77
452	4920.23	15702.34
453	4410.13	9141.33
454	19528.05	5217.84
455	3665.31	7313.7
456	6515.0	10443.33
457	11316.55	11080.31
458	6927.26	6307.97
459	2327.39	3045.93
460	395.01	4407.58
461	15358.46	5211.29
462	20998.97	20311.52
463	9803.17	12332.22
464	8988.76	5608.34
465	2720.15	16147.47
466	15636.1	11181.2
467	11342.08	1238.89
468	11328.94	5887.99
469	11763.22	8439.36
470	16937.81	6685.26
471	16955.35	5623.99
472	1469.72	14774.84
473	19958.69	9250.89
474	11165.04	17240.41
475	6340.85	291.99
476	20992.12	15460.97
477	10848.95	19672.38
478	12218.32	15518.67
479	645.12	20922.6
480	12390.74	3128.14
481	19858.57	6545.46
482	6965.28	17934.58
483	17485.45	19929.69
484	17014.69	13959.08
485	8120.27	5360.38
486	11506.29	10913.96
487	16047.55	13731.46
488	644.62	16937.41
489	19873.42	1444.32
490	9768.25	18879.95
491	9262.13	20601.38
492	14679.48	13324.41
493	16602.19	3020.37
494	3594.68	3729.79
495	15587.14	19751.05
496	20617.23	13052.95
497	8897.04	14672.2
498	19734.4	13081.93
499	20766.74	6238.43
500	13805.23	14263.04
501	8261.16	15736.89
502	8259.33	17727.84
503	3691.7	8501.59
504	5098.69	12019.08
505	1777.8	19906.53
506	12496.13	10591.21
507	1445.72	17610.1
508	4399.58	276.57
509	10330.67	4188.37
510	19294.4	20661.42
511	19759.65	11556.3
512	13945.62	465.69
513	11714.0	354.69
514	19856.48	8906.36
515	19924.08	2423.27
516	3516.15	14507.28
517	578.63	17570.52
518	18565.89	3209.4
519	7400.68	8641.64
520	8081.51	19422.22
521	11610.66	7265.24
522	844.84	2891.04
523	11992.53	9074.6
524	19850.08	12454.66
525	14054.76	16018.61
526	6732.46	1204.26
527	18660.68	14614.27
528	3272.53	20757.1
529	7246.28	11645.17
530	6543.3	6894.61
531	14998.58	2290.2
532	9997.03	1092.62
533	9333.3	16908.03
534	9346.69	931.49
535	140.99	12670.29
536	3317.06	56.14
537	18649.0	6647.29
538	16782.87	17608.33
539	15326.57	14820.65
540	10424.43	5598.16
541	2218.18	20579.07
542	13003.93	2831.8
543	1614.95	16747.05
544	3870.43	7139.95
545	4829.69	4072.45
546	13079.0	20335.31
547	20929.14	15581.81
548	5560.68	18439.25
549	6097.9	14448.19
550	1790.41	14263.12
551	19144.77	8890.81
552	2440.81	3142.94
553	1729.88	4767.56
554	20135.35	714.94
555	10000.1	12399.19
556	16166.29	3560.54
557	522.7	11448.69
558	6553.15	20206.11
559	18668.0	9691.03
560	14175.32	20226.11
561	12343.43	16475.57
562	1867.82	5833.77
563	17332.45	3364.91
564	4901.56	2042.94
565	1951.25	7152.76
566	18813.68	8823.89
567	9807.22	9702.84
568	10456.2	20093.3
569	8754.77	14829.06
570	10698.29	12688.58
571	923.56	121.1
572	14590.98	9030.5
573	20338.64	11054.17
574	789.28	8919.37
575	16070.08	20904.46
576	2889.23	7356.94
577	7513.94	19165.41
578	4552.23	12480.41
579	19691.03	7710.71
580	5857.8	18730.13
581	2383.62	11013.54
582	16685.33	14772.28
583	3881.85	3357.38
584	13795.91	13602.37
585	3249.4	20354.27
586	10802.12	3147.99
587	8587.62	20908.36
588	20031.08	16294.97
589	8337.64	18721.13
590	2964.11	20804.9
591	11180.61	12936.75
592	16602.11	10347.05
593	7167.1	317.0
594	2842.52	19340.84
595	10417.75	4434.73
596	13767.03	1331.24
597	20664.95	19970.62
598	19528.92	11143.81
599	8394.65	14592.45
600	2134.34	10325.73
601	1287.95	7298.77
602	9207.75	3102.25
603	9159.17	1240.98
604	12134.56	7133.99
605	15850.07	7451.4
606	4006.67	590.2
607	4266.6	19933.16
608	7460.23	11040.29
609	20798.94	3588.43
610	5112.21	9691.78
611	4520.97	11684.93
612	10624.61	19059.9
613	15083.69	4141.39
614	5939.33	17552.24
615	15137.65	16856.7
616	18996.95	16567.47
617	8907.5	2054.1
618	4492.15	17607.85
619	17449.33	4819.58
620	9447.63	5011.99
621	7626.85	4605.63
622	13004.06	13700.9
623	867.27	20449.96
624	2519.39	6282.87
625	13520.29	1889.51
626	11289.33	10591.44
627	16326.76	9819.2
628	1142.3	5716.59
629	18214.57	16147.08
630	3230.49	2627.74
631	13481.89	10796.57
632	4118.66	7263.45
633	10560.79	15037.26
634	18722.41	13942.41
635	20818.29	1342.17
636	5056.11	3182.51
637	20286.46	18260.4
638	15831.44	7174.65
639	17531.74	1242.97
640	13217.16	14200.75
641	15069.89	17809.89
642	20254.25	13306.31
643	16332.13	9989.31
644	5281.66	9685.89
645	8292.32	19595.64
646	16179.52	6084.14
647	2968.97	19729.21
648	6517.95	14221.99
649	5309.41	12130.67
650	12878.48	17731.55
651	4061.64	9817.81
652	12906.71	11944.63
653	7261.67	17109.71
654	18045.38	20878.23
655	8402.81	19599.64
656	14572.78	424.07
657	16408.79	13479.29
658	8917.88	20998.46
659	7077.98	16741.92
660	18511.81	7246.64
661	18819.33	8593.84
662	5491.01	3596.65
663	791.47	13562.27
664	5093.34	17776.3
665	9064.67	8705.28
666	10789.3	8157.05
667	3867.63	15392.19
668	31.1	19804.24
669	19028.7	18863.92
670	12126.21	7740.42
671	2185.42	17186.54
672	7709.35	3859.12
673	16129.96	9530.76
674	13467.38	1825.21
675	3789.91	12088.28
676	18651.42	20386.74
677	5096.99	16989.74
678	1817.22	1564.13
679	16182.37	1675.45
680	12004.21	18703.36
681	3206.43	6518.59
682	7967.13	528.62
683	7824.24	4802.65
684	12995.07	17019.56
685	20106.19	2562.62
686	7931.86	3104.67
687	10643.37	10232.46
688	995.97	1344.23
689	13512.05	17146.54
690	20553.64	14945.03
691	13955.17	1367.69
692	7174.69	6448.37
693	19665.17	19840.95
694	683.24	16901.21
695	9774.19	3246.69
696	3610.61	6215.91
697	7147.41	7906.96
698	9557.91	15066.54
699	13238.73	19972.25
700	5440.2	13184.51
701	12758.86	731.34
702	5621.62	14985.12
703	20275.22	8206.91
704	6592.93	9724.22
705	4249.57	18512.76
706	997.3	4667.16
707	6786.29	7181.52
708	8304.99	15589.12
709	1184.03	11556.69
710	17306.64	15389.38
711	11604.86	12787.06
712	7759.03	17042.43
713	8250.84	11316.8
714	8162.56	6673.98
715	20185.75	20758.2
716	17781.28	19005.52
717	19942.2	8644.21
718	7087.85	13450.81
719	4641.2	9185.91
720	14001.82	3863.4
721	20651.06	16126.72
722	14245.88	5694.96
723	14062.27	4917.33
724	14481.09	5926.03
725	12717.87	17196.67
726	74.91	1208.13
727	20206.13	8963.5
728	12140.4	6744.5
729	8205.11	8956.94
730	18753.92	14015.48
731	4476.2	14881.28
732	6530.66	2360.3
733	14466.35	4806.45
734	8996.85	2639.86
735	4283.93	1892.13
736	17612.08	1980.16
737	17108.08	7893.72
738	11899.3	16712.66
739	16043.02	3749.86
740	5017.17	2253.4
741	9269.96	3480.99
742	15383.62	4047.47
743	14033.19	6774.1
744	11993.82	5169.81
745	14962.59	370.09
746	13665.41	11973.31
747	15542.61	2869.45
748	8025.37	18425.06
749	4485.3	6152.13
750	12483.98	2364.2
751	7630.62	18928.7
752	20194.73	8961.45
753	18539.54	20519.4
754	9719.78	14901.16
755	17546.19	15151.37
756	7369.67	7571.1
757	13892.69	16643.2
758	18942.44	17941.46
759	6853.55	383.63
760	15953.66	13210.7
761	403.51	5840.5
762	1446.11	18686.88
763	17567.22	1472.29
764	4376.45	14755.84
765	11007.02	12791.35
766	7461.98	20603.73
767	9385.79	14884.84
768	18859.6	2166.17
769	15732.65	5611.68
770	11238.62	18722.9
771	16608.06	8506.65
772	20868.4	6836.26
773	7697.55	13086.15
774	1953.17	2596.1
775	15793.9	15877.43
776	6290.08	17241.32
777	20250.55	20628.61
778	13595.95	11458.65
779	19850.5	20446.76
780	12809.47	6060.05
781	8899.44	11568.96
782	15525.96	11909.44
783	2119.61	11311.37
784	14839.03	4517.74
785	20747.79	15632.16
786	3042.8	1775.67
787	16662.88	10703.77
788	8374.93	10435.11
789	1472.63	15796.23
790	4335.45	19462.47
791	20916.61	11640.26
792	15726.92	5409.7
793	5407.62	14552.0
794	10259.4	19462.61
795	9144.86	11667.19
796	12854.6	18321.27
797	16588.78	1313.14
798	9444.1	1620.57
799	322.07	20164.61
800	20054.19	6082.29
801	1269.69	19730.31
802	11234.33	8635.42
803	15825.15	5500.97
804	16856.82	11591.85
805	11670.78	20847.23
806	19930.54	6422.31
807	14005.93	4791.68
808	10051.01	586.58
809	10135.24	10426.36
810	14865.48	1047.41
811	13495.52	4094.24
812	9146.52	14405.19
813	3833.44	14438.05
814	8142.08	14366.27
815	15811.47	7231.1
816	18084.87	15644.03
817	14418.63	1545.6
818	10444.36	9702.5
819	13675.38	1697.72
820	376.39	8302.99
821	17191.47	7216.18
822	8673.7	5591.14
823	19119.12	6287.58
824	708.85	2460.6
825	3127.55	13751.31
826	15719.98	12663.27
827	4074.97	2109.76
828	5623.7	1372.41
829	16110.95	13617.54
830	9461.6	18680.9
831	20659.61	16649.04
832	16297.08	247.0
833	10172.16	1541.71
834	561.58	2809.41
835	4971.22	15849.52
836	14742.84	8076.27
837	12420.65	19386.38
838	2876.48	2692.3
839	8350.97	791.0
840	5515.63	16688.41
841	13538.57	6212.9
842	18167.76	7384.23
843	5047.66	17075.32
844	3954.18	16167.27
845	11902.68	15882.32
846	19573.13	5100.3
847	2495.37	10899.97
848	10020.17	8654.69
849	7684.73	5701.61
850	7048.74	8761.68
851	2668.13	12744.69
852	16938.63	9667.75
853	3525.65	3787.92
854	13158.25	11480.37
855	6113.75	18510.23
856	6391.85	20549.78
857	13854.44	3030.43
858	20908.0	2949.95
859	7532.26	18144.39
860	8220.52	13011.68
861	17878.14	18217.15
862	13141.29	10979.46
863	10721.51	17860.34
864	13685.79	6856.57
865	20195.13	9629.33
866	17476.36	9843.58
867	16366.16	10412.61
868	4281.44	8418.68
869	15123.98	4194.66
870	889.16	16028.18
871	16758.86	3555.19
872	5186.01	8203.52
873	17088.11	9903.89
874	13594.26	1539.51
875	11897.45	7653.48
876	14677.09	3694.81
877	9883.26	7976.06
878	4228.69	443.35
879	11726.54	4659.04
880	509.83	11002.53
881	6102.06	18900.15
882	18727.86	248.55
883	19529.7	19401.78
884	16426.47	18423.65
885	1934.29	18338.64
886	8455.41	13989.43
887	10717.29	5749.09
888	8848.78	13057.27
889	1739.51	20012.61
890	3084.12	19162.52
891	343.7	19448.14
892	5721.66	6533.61
893	20123.8	7950.43
894	693.59	2704.37
895	842.59	8475.55
896	18329.36	344.17
897	8535.5	3384.51
898	9717.61	13554.65
899	3305.35	10742.0
900	19886.95	216.0
901	10372.2	3896.25
902	20184.17	9684.65
903	12341.08	12255.04
904	6240.61	8519.45
905	12300.24	20549.96
906	4861.71	1886.86
907	3218.33	9328.88
908	6604.34	19595.78
909	2761.49	20609.59
910	82.88	16385.05
911	15656.43	6303.7
912	14193.37	10787.31
913	6834.89	12736.62
914	18007.54	9349.45
915	2421.2	15156.77
916	15112.55	7126.91
917	18299.93	3999.67
918	20436.75	15427.35
919	16439.62	5445.87
920	7341.43	9623.52
921	7701.74	2781.38
922	19239.35	18860.31
923	18438.23	6090.18
924	1646.96	3936.01
925	3134.33	5693.66
926	2086.25	7041.71
927	18256.42	1107.83
928	16304.23	16526.76
929	19536.74	16881.11
930	7374.53	12605.06
931	7231.51	16119.17
932	2810.48	9038.48
933	11956.66	5104.93
934	13739.95	11435.07
935	10228.67	20387.15
936	16031.48	17638.56
937	14150.01	11728.87
938	8094.38	16549.78
939	1426.25	19814.66
940	16140.15	11050.14
941	5267.12	16767.34
942	4332.99	18858.85
943	3877.94	1706.0
944	4302.54	6398.59
945	10316.74	13089.23
946	19398.0	11287.79
947	6139.9	4890.45
948	5047.81	19447.6
949	13963.38	8845.02
950	7412.69	5454.24
951	18171.88	15843.41
952	17363.62	964.68
953	6413.55	18692.26
954	18192.98	5464.74
955	11649.29	7983.1
956	1290.41	18636.98
957	7366.23	16541.7
958	15527.32	20845.76
959	5045.42	13086.02
960	3732.75	20461.56
961	16657.41	18318.26
962	1741.93	12351.64
963	14105.85	18038.9
964	16763.66	4401.25
965	19240.8	3287.23
966	20563.87	13060.95
967	20205.91	18243.71
968	13442.19	16641.99
969	1886.61	7458.22
970	20738.5	7337.08
971	19946.71	15436.81
972	3456.37	6002.62
973	15024.7	19631.91
974	12828.53	13005.21
975	10798.9	6265.95
976	14760.64	19879.78
977	9261.78	12656.56
978	7506.28	7261.62
979	15758.69	17810.3
980	16911.7	7018.06
981	5262.84	7279.44
982	19276.04	17127.7
983	20818.33	13286.69
984	5811.77	13272.7
985	211.31	2891.9
986	19632.14	16719.49
987	18982.83	9590.86
988	10159.11	20095.06
989	10791.11	20687.64
990	12355.27	12122.97
991	9821.11	15261.05
992	10201.79	8447.85
993	17042.7	10653.49
994	4399.1	18931.26
995	5244.78	8099.82
996	8483.28	18711.07
997	18232.22	16914.8
998	18384.77	3316.89
999	20998.19	10978.74
1000	17480.58	12532.32
1001	18485.04	9562.24
1002	17945.55	4958.25
1003	12260.85	14752.49
1004	16856.12	16857.39
1005	16917.73	13246.55
1006	4246.68	7359.25
1007	2854.94	7696.56
1008	17625.3	1952.2
1009	13934.32	20351.03
1010	9886.47	16359.89
1011	19663.86	12583.19
1012	7072.77	20555.49
1013	1155.83	1637.03
1014	17521.88	816.01
1015	6655.13	16177.15
1016	11459.62	11645.52
1017	8486.39	17202.54
1018	20356.39	3389.21
1019	5989.26	3157.96
1020	13695.42	937.91
1021	14880.85	5517.13
1022	13386.82	18408.0
1023	8711.41	12303.94
1024	8367.1	19925.98
1025	19459.55	6328.74
1026	20537.73	15134.73
1027	49.37	15940.94
1028	12192.73	19328.94
1029	8642.97	17380.45
1030	13733.07	17967.15
1031	17024.9	20641.58
1032	7670.11	4992.33
1033	3986.88	14873.44
1034	8154.92	11109.61
1035	4658.98	17401.5
1036	18219.38	3827.22
1037	557.95	20397.39
1038	14177.48	11751.09
1039	16279.3	19302.1
1040	12181.53	15137.32
1041	6131.97	10624.83
1042	12843.38	4354.7
1043	622.31	16495.06
1044	6613.15	2542.57
1045	18293.35	15506.61
1046	342.86	14915.62
1047	7423.49	1902.64
1048	9570.62	2369.13
1049	1562.65	17083.18
1050	4917.14	11951.0
1051	5637.61	4577.42
1052	4905.1	2905.59
1053	19389.59	11044.59
1054	6675.01	2666.12
1055	2938.29	11825.77
1056	4750.15	45.44
1057	14151.94	15219.59
1058	900.96	3120.75
1059	8101.25	8723.62
1060	20470.43	4742.6
1061	7505.29	20691.75
1062	14115.0	9870.93
1063	1377.34	326.49
1064	12614.97	17487.77
1065	941.16	8975.45
1066	15101.83	4119.48
1067	18769.04	1971.01
1068	8098.6	17090.8
1069	13481.35	4259.01
1070	7342.51	8859.31
1071	13778.87	12461.72
1072	20843.18	11321.08
1073	10786.92	7532.7
1074	3783.81	9116.22
1075	877.04	4135.03
1076	20779.08	355.61
1077	9418.3	10283.67
1078	18021.26	10692.93
1079	6472.99	14091.02
1080	8315.33	18239.77
1081	14999.82	16297.63
1082	15108.86	15176.74
1083	5266.18	20313.34
1084	6222.65	14875.95
1085	12745.8	10568.9
1086	14083.21	12.47
1087	12164.39	9567.63
1088	13683.21	826.47
1089	17020.2	11247.27
1090	16875.73	6907.33
1091	20988.43	9778.04
1092	11068.37	3561.99
1093	12061.14	1950.99
1094	7014.0	19273.12
1095	5069.79	17149.74
1096	19095.03	7043.03
1097	10682.67	19455.19
1098	4844.48	13961.73
1099	12094.1	18435.84
1100	5285.89	19240.56
1101	17097.31	4814.39
1102	15886.94	19657.41
1103	14794.11	15207.33
1104	16856.29	2855.9
1105	20140.86	10840.08
1106	11696.71	1478.13
1107	17922.76	9699.75
1108	5549.8	4399.87
1109	12684.35	10573.11
1110	8361.61	9168.54
1111	9666.65	7953.28
1112	19422.87	6968.89
1113	7457.19	12237.08
1114	14428.3	17686.08
1115	9178.08	17844.99
1116	4694.83	8933.0
1117	8519.83	9882.95
1118	14161.16	18733.36
1119	9309.87	9976.81
1120	17940.24	17097.41
1121	2110.29	5999.81
1122	5293.15	10139.83
1123	9155.05	13265.98
1124	281.23	15708.23
1125	7363.54	20505.72
1126	14857.71	5118.41
1127	14462.51	12163.69
1128	11406.37	19477.89
1129	15293.74	8950.27
1130	17726.92	3358.74
1131	13057.35	780.62
1132	13551.12	4083.29
1133	1748.09	19347.81
1134	848.71	20166.41
1135	16466.94	7391.26
1136	19587.97	6209.31
1137	4604.66	7909.59
1138	7870.44	1192.95
1139	2210.52	7203.02
1140	14828.61	11189.58
1141	8516.3	6233.34
1142	8494.04	14151.18
1143	5431.21	10020.28
1144	19519.46	4213.4
1145	19520.55	17027.65
1146	6567.32	19733.93
1147	19908.51	7850.41
1148	19640.32	18163.93
1149	5911.71	2424.57
1150	12024.61	5909.58
1151	13659.54	12971.49
1152	5310.3	8098.04
1153	5008.23	15884.5
1154	20583.64	12641.67
1155	20487.11	3329.89
1156	12002.78	16921.17
1157	772.57	18836.9
1158	4157.02	11880.96
1159	4192.56	1636.78
1160	13978.19	3641.8
1161	10256.36	13288.66
1162	18450.13	11338.51
1163	13119.86	20662.88
1164	17247.65	15685.51
1165	20674.59	19062.29
1166	11272.43	12021.02
1167	3541.81	19813.23
1168	2443.27	19072.17
1169	19459.63	13490.79
1170	19683.26	14301.93
1171	5852.13	7575.83
1172	7848.41	19626.27
1173	14917.52	6884.11
1174	11247.89	5598.88
1175	12362.68	16448.33
1176	12136.1	9102.83
1177	20294.45	18167.91
1178	14074.95	8056.44
1179	14975.86	11377.24
1180	2726.13	3850.3
1181	17870.34	11093.39
1182	454.49	4693.82
1183	7622.8	5538.03
1184	13396.05	10121.62
1185	17836.09	1680.94
1186	10454.58	20846.86
1187	15015.71	18626.34
1188	13658.43	2622.35
1189	17735.22	14818.58
1190	4520.51	10608.28
1191	395.42	18017.18
1192	11541.89	10935.09
1193	1050.75	6356.69
1194	6168.03	3020.96
1195	17764.48	12133.58
1196	7645.05	10412.5
1197	2728.12	9519.86
1198	14864.65	4268.38
1199	18272.61	10734.74
1200	16620.33	2801.53
1201	2163.62	1957.57
1202	14128.15	9516.26
1203	5380.98	13982.53
1204	18023.94	10036.0
1205	13372.92	8677.56
1206	16290.22	2525.25
1207	4110.0	6629.21
1208	18726.78	6812.38
1209	9050.72	18029.51
1210	5039.62	19180.88
1211	16763.59	1624.81
1212	11692.0	2844.15
1213	10165.96	1375.79
1214	12581.74	12371.86
1215	7493.34	9314.91
1216	8728.87	20644.4
1217	11681.67	9887.87
1218	19589.47	20261.89
1219	1865.76	19213.94
1220	7343.47	20840.42
1221	12316.33	5909.08
1222	14721.06	19745.0
1223	20963.69	17551.16
1224	15082.58	13505.11
1225	2805.6	3728.33
1226	18202.55	20592.06
1227	391.9	2599.17
1228	2966.8	11636.72
1229	7821.53	6635.72
1230	18545.34	3203.27
1231	8153.78	14014.21
1232	10852.02	16564.71
1233	17863.34	11365.46
1234	15417.37	10591.38
1235	10546.19	553.61
1236	1205.69	1330.88
1237	5711.39	17263.9
1238	9720.97	13391.39
1239	15401.68	19162.03
1240	1983.47	20337.47
1241	7030.37	16017.54
1242	20775.81	17157.88
1243	12096.25	9367.25
1244	4582.96	20723.85
1245	16533.73	5899.59
1246	684.66	10523.03
1247	3899.44	4695.05
1248	9397.37	6766.03
1249	6790.72	4828.23
1250	3786.36	15938.02
1251	13347.46	13626.04
1252	20889.63	16888.18
1253	434.45	4657.89
1254	12720.63	10426.25
1255	11137.57	7261.37
1256	18021.44	9817.75
1257	16402.52	11091.08
1258	19428.11	10084.63
1259	18663.93	7635.15
1260	2580.74	5998.28
1261	16605.99	6363.65
1262	2409.83	12428.99
1263	8363.17	14748.95
1264	14600.2	14245.77
1265	1791.53	16056.62
1266	14139.23	9251.61
1267	17610.51	10209.94
1268	17818.55	13591.85
1269	7112.54	9589.88
1270	1920.14	13619.08
1271	13205.87	7173.43
1272	13587.93	16609.35
1273	7850.68	703.05
1274	13742.65	18743.65
1275	4391.65	10265.58
1276	16021.08	16854.75
1277	20602.22	7582.35
1278	12332.63	7937.74
1279	909.12	5487.57
1280	3376.85	20925.44
1281	9137.89	5770.11
1282	10497.37	20479.94
1283	17693.02	18450.98
1284	3371.46	9365.65
1285	18044.71	9211.01
1286	14343.77	5834.73
1287	10961.77	1146.71
1288	6932.58	13373.51
1289	3967.06	18199.37
1290	18925.51	18437.29
1291	14388.2	20031.21
1292	15890.61	10862.28
1293	9263.04	1350.53
1294	9745.84	10293.2
1295	1120.78	9210.7
1296	14024.12	11174.27
1297	3354.26	6552.53
1298	7689.87	2836.23
1299	14595.58	20094.35
1300	2855.52	20679.59
1301	19051.61	6517.36
1302	3225.29	6515.64
1303	15704.53	18306.73
1304	9262.89	5758.77
1305	12641.07	3088.5
1306	18879.12	13821.22
1307	14386.79	15545.58
1308	12772.83	2613.07
1309	9992.78	4070.96
1310	13462.97	3989.43
1311	14443.35	5432.36
1312	19352.09	12127.86
1313	16773.35	10073.74
1314	18169.27	20206.66
1315	3676.55	7926.23
1316	1418.65	4273.54
1317	12607.97	15297.01
1318	11911.56	20860.83
1319	17868.55	9583.36
1320	13785.94	7721.77
1321	9993.19	11716.71
1322	7298.95	5755.49
1323	1250.67	3371.15
1324	13103.78	8164.01
1325	1339.84	9086.65
1326	1512.92	4274.0
1327	10633.14	11192.91
1328	8490.81	2287.55
1329	19222.22	18358.3
1330	19764.88	4402.47
1331	10292.75	15065.32
1332	12444.95	7873.61
1333	19617.5	9644.62
1334	11199.87	13130.61
1335	4915.89	18947.25
1336	5079.8	10612.62
1337	17324.93	18040.82
1338	10262.29	17079.1
1339	7734.96	4340.98
1340	19071.1	4357.67
1341	10963.66	1515.21
1342	13426.55	8992.67
1343	20638.72	4370.33
1344	16588.65	6480.05
1345	20052.78	2045.42
1346	7323.96	12869.84
1347	14448.46	20987.01
1348	582.17	15766.86
1349	6035.43	14867.83
1350	6757.58	19474.03
1351	1955.96	5019.23
1352	5547.57	19853.34
1353	10303.66	8674.11
1354	18096.15	14807.05
1355	13207.55	15786.25
1356	15199.41	17277.92
1357	49.46	16955.21
1358	2846.55	12107.02
1359	17827.47	9580.26
1360	12503.11	12565.06
1361	1931.01	2462.04
1362	16645.86	3420.15
1363	9934.15	4485.9
1364	8374.39	8921.89
1365	2088.57	9256.59
1366	10268.97	18501.53
1367	10295.98	15240.77
1368	13348.42	10974.99
1369	9304.72	12694.1
1370	1761.91	8284.91
1371	13470.4	6186.34
1372	4914.01	19986.93
1373	15577.68	14470.06
1374	7691.23	20065.91
1375	10899.51	7447.0
1376	4406.88	16071.64
1377	10748.04	2679.26
1378	2350.19	15862.07
1379	10976.03	18162.91
1380	18725.4	20396.91
1381	1756.09	1533.68
1382	1283.33	11292.32
1383	1643.54	20710.64
1384	10022.7	18655.66
1385	7217.42	14038.59
1386	6192.37	9310.78
1387	4876.4	9077.53
1388	11283.37	14765.26
1389	5356.36	5780.62
1390	2957.41	18701.22
1391	19446.73	8519.41
1392	8063.13	17289.26
1393	19344.26	12804.82
1394	17944.68	14864.22
1395	9325.45	19848.27
1396	13335.1	6555.21
1397	2082.22	13652.71
1398	9608.37	4888.17
1399	10845.52	15312.15
1400	2503.83	13812.39
1401	16642.0	3799.83
1402	1933.43	6597.84
1403	11411.21	9146.16
1404	4994.03	6890.12
1405	20946.59	2161.15
1406	1909.42	5471.44
1407	10238.11	2300.69
1408	869.92	3501.83
1409	6628.91	18177.41
1410	17254.17	8122.08
1411	17261.92	17733.9
1412	4414.76	10145.12
1413	188.12	5249.59
1414	9835.82	9515.63
1415	12217.46	11342.57
1416	15662.08	13515.74
1417	10793.6	17674.99
1418	9545.21	105.95
1419	676.75	2167.32
1420	6661.35	11912.83
1421	1289.04	18259.85
1422	13151.1	16493.46
1423	17563.1	14111.04
1424	704.33	9942.15
1425	20594.19	5909.6
1426	7791.0	4854.49
1427	3477.77	19298.29
1428	14976.93	18777.1
1429	5447.07	19946.61
1430	14846.35	10188.13
1431	6035.76	16147.89
1432	1652.35	707.96
1433	3649.46	8201.94
1434	12650.67	13732.34
1435	6741.57	11612.51
1436	7917.13	7952.25
1437	8861.54	16382.26
1438	17186.87	3073.93
1439	8497.44	5557.09
1440	5747.78	6744.89
1441	3908.14	20077.41
1442	17140.72	8741.63
1443	6774.36	19706.05
1444	19543.1	13333.84
1445	14609.9	10768.91
1446	4283.55	8722.11
1447	16110.59	8147.67
1448	13446.85	18414.34
1449	15809.43	12629.56
1450	18746.1	13905.05
1451	7388.67	7244.91
1452	17051.3	1484.92
1453	8963.83	15157.45
1454	15734.48	16745.22
1455	14187.36	10480.24
1456	13338.05	5666.34
1457	826.69	17231.36
1458	13705.89	18060.09
1459	11845.17	20155.83
1460	7420.21	14914.03
1461	2225.67	19242.69
1462	4517.71	12598.96
1463	19131.98	4190.26
1464	5031.87	6266.57
1465	7614.47	14666.69
1466	11738.86	1748.51
1467	894.77	15793.06
1468	4941.05	7206.86
1469	484.72	11886.72
1470	964.19	15638.99
1471	11605.59	17770.0
1472	19923.25	8317.16
1473	20538.74	14775.0
1474	10563.67	18557.99
1475	7904.72	11549.47
1476	5887.86	2730.6
1477	20744.27	873.36
1478	1310.61	4625.8
1479	7178.89	17687.75
1480	8757.45	7790.26
1481	239.81	19002.37
1482	17758.24	14042.26
1483	20863.08	8141.98
1484	8181.85	13232.92
1485	14920.97	982.14
1486	375.18	18690.15
1487	16729.19	14246.28
1488	3365.43	15871.85
1489	10195.16	6693.03
1490	10591.19	13237.41
1491	11960.78	19183.47
1492	3849.68	6084.63
1493	13953.88	5413.9
1494	5893.19	860.27
1495	6243.1	7331.5
1496	12602.12	6827.2
1497	7973.9	10133.28
1498	5940.81	6026.48
1499	18850.2	15060.67
1500	10395.97	4210.71
1501	20696.78	5397.66
1502	1672.92	10833.9
1503	8161.63	18693.81
1504	6398.18	18279.95
1505	19998.78	20695.34
1506	17449.46	15882.83
1507	10869.65	3281.76
1508	20269.36	13498.27
1509	895.18	20210.51
1510	18935.73	422.89
1511	18982.11	7669.59
1512	1309.68	4549.57
1513	20900.72	11727.96
1514	14307.78	16096.03
1515	3123.12	17951.03
1516	14365.48	19298.85
1517	3914.46	15318.59
1518	3219.77	5759.24
1519	3889.64	15132.24
1520	19351.52	2176.36
1521	11068.11	5468.3
1522	18757.12	6044.08
1523	12344.61	14705.05
1524	7683.17	3836.63
1525	1612.7	5725.16
1526	1731.99	2829.05
1527	14107.79	2351.58
1528	16766.85	2707.37
1529	13776.01	2396.35
1530	9992.98	5582.87
1531	17918.42	8696.98
1532	3273.61	20828.44
1533	5403.12	72.43
1534	3582.34	12308.78
1535	2600.23	11760.98
1536	13285.11	10867.37
1537	3243.6	3001.19
1538	15652.03	8716.88
1539	14597.85	18273.28
1540	19140.64	14230.14
1541	11740.93	19431.97
1542	1523.69	13883.84
1543	13443.21	12831.44
1544	10470.98	8841.34
1545	2323.86	1951.56
1546	7365.1	16848.83
1547	1596.47	20215.27
1548	20088.35	16513.91
1549	18095.0	14953.95
1550	13247.96	1554.2
1551	6590.26	14854.19
1552	19985.23	20690.24
1553	20256.73	20059.22
1554	9446.9	17676.89
1555	1593.38	7915.89
1556	17244.62	12540.06
1557	20464.07	12090.33
1558	7420.75	2327.66
1559	2168.47	11434.02
1560	8689.51	6809.62
1561	3886.89	9217.34
1562	654.12	9173.38
1563	8773.04	6729.61
1564	10648.8	160.18
1565	6813.84	19778.01
1566	12400.78	7428.63
1567	13241.47	14124.28
1568	15220.54	2927.81
1569	12342.49	20163.41
1570	12413.66	9332.7
1571	8796.04	13072.6
1572	2437.03	8430.26
1573	12168.82	15273.07
1574	7257.3	11585.97
1575	6978.68	8102.15
1576	18861.18	2696.93
1577	20729.9	13445.94
1578	6103.68	18715.57
1579	6398.76	13790.66
1580	5569.9	19167.22
1581	7650.67	8415.43
1582	2378.21	8185.74
1583	20427.88	1283.61
1584	11928.04	12460.95
1585	20426.91	7270.17
1586	5155.34	3819.49
1587	10112.59	1636.29
1588	3865.82	2487.48
1589	1517.48	20973.06
1590	118.95	11798.55
1591	15402.59	1081.2
1592	12669.61	3237.91
1593	8764.25	4008.41
1594	18664.76	13577.49
1595	16987.0	13057.92
1596	14191.3	17558.58
1597	5856.8	4211.54
1598	17705.85	8305.09
1599	3367.79	1687.02
1600	11725.62	10052.82
1601	13665.84	3131.22
1602	17874.25	5444.6
1603	16984.74	9926.18
1604	8772.68	9546.07
1605	4902.14	14921.89
1606	788.55	10618.22
1607	12654.03	1425.66
1608	7969.13	2249.59
1609	6333.91	8293.24
1610	8411.87	11169.84
1611	19964.81	19083.58
1612	17469.25	310.59
1613	12538.52	5625.63
1614	8882.93	11949.81
1615	11796.9	11773.41
1616	2370.93	6474.23
1617	10016.98	16415.22
1618	14318.05	20453.06
1619	3768.22	18826.42
1620	6096.12	19253.08
1621	18472.66	15741.98
1622	975.93	690.58
1623	3533.1	17931.26
1624	15654.7	18961.15
1625	945.18	19701.25
1626	11042.88	11050.19
1627	18818.09	6706.9
1628	8306.45	20658.99
1629	15980.48	6286.24
1630	15891.05	13285.96
1631	7045.56	15125.96
1632	3933.24	11079.41
1633	2497.8	9853.69
1634	10134.37	17578.14
1635	6788.89	904.72
1636	16374.62	6684.92
1637	12626.16	5332.7
1638	13297.85	9520.07
1639	10857.89	15356.5
1640	14974.41	5830.94
1641	11548.07	12518.6
1642	7228.8	11357.43
1643	12991.34	14544.23
1644	12280.18	18356.51
1645	12369.1	14322.02
1646	20015.09	1280.77
1647	9963.23	1018.25
1648	18944.83	121.66
1649	11497.98	2638.96
1650	13912.54	13097.91
1651	13872.8	17947.52
1652	18712.92	3818.03
1653	7573.49	8013.64
1654	14123.65	2637.59
1655	20456.41	8782.31
1656	17486.53	14645.44
1657	7399.36	11305.37
1658	17153.25	8644.8
1659	10401.09	16675.69
1660	10643.49	13178.82
1661	19153.25	18535.68
1662	18471.21	4328.88
1663	20738.11	13475.69
1664	13590.36	4572.29
1665	12300.74	4793.2
1666	11545.89	14363.22
1667	4399.94	14083.27
1668	14744.29	11638.5
1669	1971.71	20519.97
1670	20.09	15666.92
1671	14586.33	17397.49
1672	11989.52	13124.36
1673	8113.23	2107.64
1674	19877.61	15633.33
1675	14411.89	1370.33
1676	15916.39	12919.4
1677	9089.33	2315.06
1678	9051.77	11759.75
1679	4886.34	8255.8
1680	19041.54	16958.89
1681	2210.12	4125.16
1682	15263.07	1874.65
1683	18931.92	2628.12
1684	15223.93	20314.5
1685	4646.02	19660.93
1686	5488.42	6133.97
1687	6262.97	3850.36
1688	8379.39	8994.54
1689	20217.45	5181.11
1690	17306.94	16748.7
1691	1254.26	20760.69
1692	13777.51	4376.67
1693	16764.36	5990.32
1694	10703.42	18813.45
1695	14399.74	8054.68
1696	19431.47	18337.76
1697	2267.16	3695.87
1698	20509.5	1082.75
1699	20425.32	14260.68
1700	3339.67	4709.28
1701	11240.3	15022.12
1702	11251.64	10593.95
1703	9110.5	5804.4
1704	8356.35	7477.45
1705	11523.81	213.17
1706	6989.64	2872.1
1707	692.99	4181.92
1708	15760.78	17093.88
1709	19881.38	19542.2
1710	13011.58	1095.83
1711	19578.89	8359.86
1712	1214.72	8043.77
1713	18843.77	10767.91
1714	7466.92	19199.59
1715	19859.07	4186.88
1716	17979.82	14272.0
1717	20357.21	9977.21
1718	20.2	59.37
1719	16387.55	10790.15
1720	8009.44	11042.71
1721	17596.94	3575.2
1722	16890.02	14540.05
1723	16434.37	3563.82
1724	18592.46	13550.36
1725	15072.77	1432.0
1726	12628.17	11735.22
1727	2531.09	10637.77
1728	17775.33	1220.87
1729	17248.55	10065.04
1730	20739.24	8152.29
1731	14036.21	20352.99
1732	3900.0	7126.99
1733	11597.63	16027.05
1734	1635.67	7463.57
1735	1646.45	18018.52
1736	5755.29	13518.54
1737	14034.39	10846.17
1738	15327.73	12919.79
1739	17420.17	19364.08
1740	3120.92	9902.91
1741	2746.43	14815.71
1742	5300.25	10982.3
1743	13523.62	316.5
1744	16102.2	15298.18
1745	1957.8	10891.15
1746	6474.61	16605.44
1747	13252.15	6485.94
1748	17169.71	14747.71
1749	14365.14	4026.52
1750	13830.81	15198.29
1751	19334.04	20362.7
1752	2054.46	232.21
1753	13902.21	11756.46
1754	8471.86	4868.48
1755	4969.56	6519.3
1756	11639.97	7764.37
1757	17637.9	140.0
1758	14392.3	19858.97
1759	5422.22	7650.71
1760	16240.4	11296.36
1761	5662.93	19803.37
1762	4549.68	2235.6
1763	7721.9	12748.86
1764	4579.16	11176.32
1765	18131.29	13416.18
1766	19119.65	11642.71
1767	20237.44	9151.67
1768	16412.13	20860.06
1769	5463.15	8849.64
1770	20388.47	4379.66
1771	13149.18	9636.93
1772	4998.25	19891.01
1773	1234.93	9214.62
1774	19389.63	20302.4
1775	1158.61	14802.32
1776	16199.93	14949.45
1777	20562.62	19023.5
1778	10044.28	4921.24
1779	9167.23	20506.79
1780	17832.45	2593.71
1781	10103.03	2555.04
1782	13013.69	17620.44
1783	7305.95	17203.01
1784	18340.76	1916.42
1785	3889.25	16213.49
1786	1762.34	5800.14
1787	18399.03	6333.19
1788	8330.55	7901.06
1789	14961.25	18010.6
1790	14963.14	19792.92
1791	16469.88	19858.4
1792	8712.12	11624.5
1793	13323.98	11787.6
1794	5693.01	10718.08
1795	744.75	5920.54
1796	19840.74	9573.18
1797	17165.58	11622.61
1798	16240.3	18493.68
1799	17176.1	8712.19
1800	6791.75	3761.39
1801	1193.86	20907.66
1802	8791.38	19628.44
1803	16158.75	4724.32
1804	7443.72	9822.18
1805	15551.83	20305.54
1806	15646.03	8721.19
1807	2874.6	20891.11
1808	5438.64	5919.49
1809	9324.53	18851.63
1810	18072.62	5255.99
1811	18559.85	18531.99
1812	12557.9	2793.2
1813	11421.89	3378.55
1814	4168.38	5404.47
1815	3386.01	2524.13
1816	12704.77	16535.38
1817	18310.71	1805.02
1818	15906.25	16951.07
1819	11286.85	20628.97
1820	4584.12	3851.79
1821	13187.97	7476.4
1822	2858.65	13603.7
1823	11988.36	19882.28
1824	6078.53	10644.03
1825	2917.1	20740.31
1826	13492.0	8042.21
1827	322.96	11118.07
1828	787.55	5807.66
1829	5406.13	17861.5
1830	18497.96	13911.85
1831	16083.12	12994.35
1832	2325.19	728.71
1833	4492.06	14987.54
1834	16881.43	12801.48
1835	9517.41	17121.66
1836	3812.1	7424.81
1837	5059.6	11258.74
1838	13994.92	10884.09
1839	14767.54	6111.13
1840	2056.73	12223.85
1841	12320.99	3403.63
1842	1008.63	9955.17
1843	9883.92	3501.46
1844	17768.33	9892.27
1845	9330.15	3766.02
1846	7618.21	10930.9
1847	20139.9	17751.88
1848	7769.65	20160.57
1849	10801.42	943.37
1850	9509.84	9795.87
1851	16277.76	9458.89
1852	20170.8	5014.35
1853	9986.86	6949.49
1854	10687.92	2615.5
1855	10397.85	510.39
1856	11766.83	1309.98
1857	17902.47	11722.68
1858	7328.32	18838.82
1859	18338.14	8842.43
1860	7980.35	311.13
1861	20714.62	16023.07
1862	7531.77	16186.65
1863	18007.38	6102.91
1864	13396.45	37.61
1865	4191.13	10372.72
1866	3777.04	14766.42
1867	12983.43	20602.71
1868	19064.33	10684.46
1869	20062.01	1112.18
1870	17856.41	6760.35
1871	10415.14	17859.65
1872	12511.77	18084.28
1873	14738.87	3676.31
1874	2677.94	16954.56
1875	17517.81	2314.16
1876	16823.06	13209.34
1877	5982.19	11928.89
1878	20522.65	12031.1
1879	6549.13	6330.5
1880	6382.27	13971.97
1881	14622.02	10556.23
1882	18180.43	7758.93
1883	19609.66	8129.84
1884	5211.73	16632.95
1885	19546.09	7468.47
1886	12294.01	13006.88
1887	3344.67	2038.4
1888	17379.38	6916.45
1889	9233.78	6780.18
1890	9558.26	1501.0
1891	9943.43	2539.66
1892	16996.95	11599.47
1893	15590.36	958.5
1894	6143.47	8180.9
1895	13151.14	20732.67
1896	14846.2	3970.35
1897	19114.59	12950.51
1898	3453.24	8161.07
1899	10526.88	1263.71
1900	17836.56	16286.7
1901	868.86	5676.38
1902	10140.4	5839.15
1903	5799.41	8765.45
1904	6181.68	15291.3
1905	17691.63	14909.27
1906	20040.29	12576.15
1907	6186.1	18891.8
1908	3403.84	7401.34
1909	17017.98	9739.06
1910	14983.19	19509.91
1911	19428.81	8513.01
1912	5062.47	4762.89
1913	18987.72	20451.34
1914	18507.83	9082.62
1915	12415.39	16620.7
1916	17325.5	17840.29
1917	14333.34	19390.49
1918	5748.66	18351.6
1919	3690.35	3559.1
1920	16514.39	12789.59
1921	3134.23	10741.25
1922	15338.69	7743.23
1923	690.13	7025.71
1924	5250.81	4285.7
1925	9467.1	18794.49
1926	3521.29	10367.88
1927	6755.51	1852.14
1928	1573.46	19625.95
1929	13356.07	15839.37
1930	20567.19	13390.99
1931	1455.99	20058.61
1932	302.33	4763.9
1933	3130.52	11942.68
1934	6983.94	3474.16
1935	1900.75	18785.01
1936	3785.83	11623.47
1937	13059.98	919.42
1938	12925.53	15795.67
1939	3481.08	20442.5
1940	13815.58	6186.36
1941	19155.33	491.58
1942	867.15	7577.51
1943	18161.45	4954.76
1944	9758.79	10311.49
1945	1221.91	1652.96
1946	11702.21	17641.13
1947	8202.44	2457.13
1948	26.96	15002.66
1949	20405.74	1510.66
1950	13894.7	7941.68
1951	4074.18	7616.7
1952	19900.52	10842.54
1953	18321.77	9434.41
1954	1190.71	1677.24
1955	20839.21	13050.88
1956	7875.72	17344.32
1957	7760.51	1653.48
1958	5649.07	4127.26
1959	14392.08	764.1
1960	6847.13	1138.19
1961	20482.3	11472.6
1962	8853.97	13396.32
1963	8645.84	4585.35
1964	18647.92	12710.88
1965	1596.43	12120.85
1966	6182.84	19053.95
1967	15167.38	13746.84
1968	4214.83	8974.16
1969	3803.69	11627.26
1970	15468.36	15651.51
1971	20839.53	6900.83
1972	12533.06	3590.78
1973	14725.29	5366.2
1974	17286.71	2207.78
1975	2065.24	12130.14
1976	12916.3	11953.66
1977	13085.84	1368.28
1978	13354.3	19876.93
1979	8284.24	19789.88
1980	19424.35	5936.87
1981	19368.02	16454.83
1982	2308.87	17752.18
1983	12942.51	7067.75
1984	3810.23	577.98
1985	12805.74	18748.75
1986	5640.61	19640.04
1987	20181.0	9987.09
1988	15244.75	7738.83
1989	16188.07	6767.75
1990	4181.42	11679.45
1991	11904.52	5259.44
1992	11031.21	16228.07
1993	7179.88	1288.92
1994	7058.98	18496.27
1995	12359.39	18942.35
1996	14601.77	10736.58
1997	18485.29	887.13
1998	11906.24	16550.88
1999	8503.85	17346.42
2000	19114.51	20328.66
2001	13035.07	4226.84
2002	7561.38	15615.26
2003	10436.51	11784.84
2004	5418.48	19257.18
2005	5921.03	9153.83
2006	15661.42	2682.52
2007	19352.29	13023.49
2008	11121.33	3257.33
2009	8732.77	9438.35
2010	14333.99	13973.21
2011	730.3	20575.11
2012	14705.22	10365.5
2013	4906.87	19975.45
2014	15887.81	18824.97
2015	3789.39	6258.82
2016	8877.58	12698.38
2017	8121.38	4062.57
2018	7072.31	16568.21
2019	6029.48	4344.86
2020	16490.28	5503.93
2021	8685.89	19706.98
2022	14379.57	8299.4
2023	19796.6	20958.74
2024	3268.0	16128.58
2025	7781.0	11581.69
2026	12211.33	13225.52
2027	14202.0	6602.18
2028	17350.73	7026.36
2029	2627.24	12560.89
2030	1486.8	20835.86
2031	5547.39	6771.67
2032	5207.69	9242.8
2033	14775.67	17846.14
2034	15025.72	9303.33
2035	5466.3	4680.4
2036	13279.58	2357.06
2037	16731.11	20642.51
2038	14123.24	8768.01
2039	5844.36	6677.56
2040	6235.37	9152.31
2041	2783.64	7830.17
2042	2441.19	4015.12
2043	14778.5	13380.09
2044	6866.68	10507.01
2045	14084.68	10346.77
2046	6167.11	6036.87
2047	10487.65	13337.21
2048	9215.85	1273.16
2049	15422.75	3273.41
2050	17827.42	6035.82
2051	9614.39	6513.96
2052	4391.33	18470.79
2053	9434.64	12936.69
2054	19458.92	5361.43
2055	4696.78	14424.32
2056	13759.7	18374.04
2057	13614.66	11235.22
2058	5395.38	20592.9
2059	13191.76	20511.52
2060	10067.81	5358.76
2061	20654.17	19412.36
2062	16200.05	17954.37
2063	2056.08	794.98
2064	7064.91	9802.21
2065	11352.33	8434.21
2066	11265.61	763.61
2067	15634.19	6980.73
2068	12954.22	13758.81
2069	5887.92	8906.4
2070	17610.49	18159.56
2071	19041.46	6832.17
2072	10448.69	9460.11
2073	17285.97	6332.41
2074	11540.34	17924.73
2075	11861.28	17554.09
2076	14368.71	2556.01
2077	19672.91	16097.01
2078	8287.62	8215.88
2079	19678.9	5428.22
2080	4324.27	5860.84
2081	16896.04	20512.06
2082	12311.16	1956.05
2083	11130.15	2260.86
2084	11235.7	7439.08
2085	2067.04	11683.1
2086	3957.3	20127.7
2087	14198.01	622.16
2088	18891.88	6971.08
2089	287.19	20134.5
2090	10775.08	1960.24
2091	13252.65	16937.75
2092	19100.5	1333.15
2093	8637.99	7720.1
2094	3672.46	3414.04
2095	18852.93	12340.4
2096	13532.17	19090.94
2097	2170.64	20054.94
2098	18981.3	13142.48
2099	3996.79	12897.28
2100	11379.45	10669.29
