1	40.22	105.39
2	2972.41	3079.12
3	1337.5	2396.48
4	3757.69	3109.71
5	862.67	3855.66
6	3193.37	2868.34
7	2977.33	2756.88
8	3973.95	877.18
9	268.1	793.28
10	503.89	2555.06
11	3544.69	3871.47
12	3262.72	1851.02
13	3059.83	3130.22
14	1858.0	3271.86
15	748.7	2902.15
16	1052.5	1530.66
17	3352.78	2129.71
18	490.1	3403.36
19	2978.01	2792.99
20	1341.8	989.85
21	2686.13	2616.09
22	142.93	128.78
23	2922.19	1383.18
24	340.77	40.6
25	1828.93	2842.86
26	3556.7	573.15
27	3831.23	1442.35
28	3131.49	695.68
29	3690.7	2239.73
30	1755.59	999.45
31	888.49	1223.37
32	3190.43	2152.3
33	3436.16	1309.38
34	2396.76	1825.71
35	3592.36	1411.36
36	1060.55	1037.6
37	2336.64	2619.78
38	3931.3	3581.66
39	666.79	988.11
40	1443.99	1409.22
41	1565.56	3807.55
42	3454.6	585.06
43	2938.66	2663.84
44	810.95	2929.48
45	3611.8	1208.17
46	2067.41	5.52
47	1058.39	2982.32
48	1109.93	3846.9
49	1552.35	3970.5
50	347.96	2809.8
51	1135.57	498.73
52	1272.8	1250.08
53	3211.63	340.09
54	855.11	3107.48
55	1577.52	2992.1
56	803.82	3372.27
57	1773.87	1012.73
58	1346.71	1330.87
59	2298.01	2687.1
60	1437.82	2005.13
61	571.88	970.1
62	2803.69	2070.64
63	3988.19	1042.68
64	1439.92	1974.14
65	165.7	1157.16
66	1443.26	693.02
67	2374.82	2330.2
68	3065.07	3370.98
69	1653.95	3467.6
70	1888.3	2997.56
71	901.54	267.98
72	452.02	1234.47
73	3654.79	193.97
74	1643.71	1186.02
75	229.51	367.74
76	2800.05	1485.97
77	2275.71	1132.84
78	675.44	1048.96
79	3397.56	3034.31
80	906.76	475.51
81	3174.42	3411.2
82	2429.36	2331.87
83	2649.39	448.51
84	2038.88	3136.88
85	153.6	3693.31
86	877.67	212.08
87	1471.34	3517.84
88	1732.68	2728.35
89	68.23	17.3
90	3170.62	2444.74
91	3961.15	2389.91
92	872.97	1549.58
93	1297.24	27.41
94	826.36	3922.97
95	726.77	800.66
96	693.31	2091.69
97	2311.77	3412.53
98	1050.23	37.54
99	498.58	2377.21
100	1649.54	3719.87
101	985.82	2673.17
102	1469.86	3465.45
103	2804.45	1538.15
104	788.03	1160.35
105	2959.56	3778.84
106	3504.59	2905.16
107	2838.31	621.76
108	3351.92	250.55
109	3955.41	2562.01
110	2699.05	2618.62
111	3983.72	1014.06
112	2219.31	2545.01
113	2479.68	2839.87
114	3438.72	3439.39
115	1478.22	3253.67
116	3465.09	3865.56
117	569.2	910.29
118	904.33	484.54
119	2972.05	2070.69
120	601.24	2247.32
121	2149.84	3954.21
122	1763.77	532.36
123	2623.97	3086.53
124	393.3	3536.17
125	2207.38	2493.87
126	1845.22	3668.84
127	1471.01	1219.37
128	1529.38	3329.42
129	2754.17	3929.87
130	3810.68	3911.07
131	2203.89	3833.76
132	2439.89	1387.35
133	2084.78	342.81
134	2991.88	1843.76
135	1954.99	2718.56
136	2100.56	2800.87
137	1038.5	2301.83
138	1852.6	3283.98
139	3132.95	1682.05
140	386.72	482.17
141	525.82	2140.46
142	2908.46	872.42
143	1198.46	3975.88
144	2671.54	1049.37
145	742.76	1532.72
146	40.56	2896.34
147	2757.7	134.77
148	1338.46	2623.8
149	771.57	2619.09
150	3906.55	1724.28
151	880.56	3339.77
152	3771.09	672.97
153	3.56	215.97
154	3511.55	1421.03
155	3974.16	380.06
156	1191.67	1242.38
157	1056.86	122.67
158	2714.49	2462.03
159	872.44	3602.39
160	2379.27	3660.75
161	2942.89	2368.84
162	802.38	1755.4
163	430.86	1465.29
164	2864.22	3575.0
165	1864.01	1876.55
166	2811.06	3987.36
167	3515.79	323.6
168	1941.02	3116.45
169	2221.61	1978.26
170	3697.32	1458.49
171	3711.31	3149.29
172	2658.42	1392.35
173	3009.3	3173.52
174	662.22	2482.87
175	2923.75	2256.98
176	3314.09	2648.39
177	732.2	1973.37
178	735.84	460.48
179	2027.65	3783.53
180	2656.04	2343.19
181	2123.93	1345.36
182	1634.93	2536.36
183	2641.59	464.37
184	2465.4	2135.84
185	2537.78	3079.34
186	3543.08	1471.89
187	1532.03	3171.3
188	2130.71	1471.42
189	2821.39	486.71
190	1345.03	1222.57
191	2611.98	2933.87
192	3322.87	855.55
193	218.93	1410.55
194	336.8	1922.42
195	212.2	3834.84
196	1659.67	156.09
197	1755.08	2695.36
198	1591.27	3555.62
199	150.15	1304.49
200	1633.86	510.2
201	2393.63	3082.65
202	1011.62	772.64
203	1320.77	800.34
204	2590.25	608.92
205	32.73	1719.93
206	976.0	1425.68
207	2463.07	2746.09
208	3974.8	2364.0
209	492.69	401.29
210	1536.56	451.7
211	182.78	1525.53
212	435.98	2420.54
213	2298.85	1578.79
214	3561.4	311.49
215	2293.72	3003.1
216	1105.86	2482.58
217	1463.59	1135.88
218	2397.8	14.11
219	411.9	3203.04
220	2448.56	947.09
221	731.34	1129.49
222	181.79	1614.13
223	1432.32	2497.91
224	2340.28	3033.68
225	3652.64	637.28
226	2176.68	477.81
227	3333.75	574.59
228	925.36	2925.23
229	2123.45	908.87
230	3747.5	3720.76
231	2357.57	240.17
232	2215.21	2159.53
233	3817.7	3031.62
234	1136.01	3249.42
235	3832.53	700.31
236	1376.98	1466.82
237	2795.76	2124.85
238	3790.07	2017.48
239	1822.38	3633.33
240	757.82	1460.52
241	3901.39	187.37
242	2724.05	2614.93
243	1437.84	3358.42
244	2711.79	2074.95
245	2463.75	1152.22
246	3726.9	1041.05
247	163.28	3203.89
248	1718.2	3161.72
249	2207.9	3904.87
250	2658.72	2130.83
251	2167.65	1984.87
252	627.41	1007.67
253	3980.89	1846.84
254	3044.64	1537.54
255	3413.77	972.65
256	850.88	506.44
257	1563.02	3243.77
258	2524.89	2947.05
259	397.05	1305.58
260	2626.88	2368.54
261	1794.74	2461.18
262	3286.4	2071.84
263	3702.03	2305.58
264	2045.43	3390.61
265	883.19	3824.58
266	3895.53	1300.28
267	2923.72	2838.11
268	883.55	2171.04
269	3743.29	816.1
270	245.87	3453.83
271	1757.89	3576.09
272	2720.69	2432.38
273	1092.43	3400.28
274	1818.0	2202.69
275	2775.36	687.45
276	439.57	2756.65
277	862.74	1164.53
278	2625.96	2943.95
279	1955.07	2848.31
280	576.84	2105.38
281	3279.25	2447.65
282	1825.17	2276.79
283	2887.66	231.82
284	3431.5	1761.84
285	302.8	2516.81
286	3326.03	1593.77
287	1754.24	910.52
288	765.39	2158.51
289	1891.33	1495.16
290	2176.77	2412.27
291	3625.65	2094.85
292	2452.62	2985.8
293	2790.94	3810.59
294	1273.48	1771.68
295	1674.51	3844.28
296	553.24	2886.1
297	2847.57	1055.05
298	1669.36	1035.87
299	1005.59	2654.02
300	3074.76	1196.69
301	1440.84	3451.3
302	2895.56	3875.25
303	209.54	2927.97
304	3927.3	1386.86
305	2304.0	3242.78
306	1798.46	3239.74
307	2991.87	1473.06
308	1683.69	2680.67
309	2510.14	151.23
310	1747.31	1326.89
311	321.03	3902.77
312	866.62	3150.37
313	2450.09	3777.68
314	194.67	1083.28
315	2519.88	1195.65
316	219.08	1293.51
317	2713.67	1234.94
318	916.36	1862.58
319	2929.19	3514.12
320	3706.44	1859.64
321	3862.37	2393.9
322	3104.7	1662.86
323	310.38	97.32
324	2936.64	3615.61
325	1774.72	3274.67
326	349.79	443.26
327	288.44	3237.89
328	3009.8	2523.8
329	2339.68	1235.34
330	1797.06	3637.92
331	2638.92	192.77
332	2782.68	1856.38
333	2379.67	1417.49
334	3775.15	2328.33
335	3424.01	2781.85
336	2834.14	1731.24
337	2383.63	2586.46
338	2495.34	2323.51
339	2916.71	682.51
340	995.52	735.75
341	3151.62	2041.6
342	1490.87	2998.88
343	3877.06	2321.44
344	1101.81	828.23
345	3510.05	3213.16
346	205.17	2151.48
347	2877.15	3573.49
348	3283.52	2302.29
349	1816.08	944.32
350	35.85	950.6
351	3852.4	2254.3
352	978.29	2504.19
353	2825.07	565.43
354	2393.5	140.23
355	2642.57	496.93
356	3475.31	1669.47
357	123.81	1722.89
358	3612.96	2032.91
359	227.09	926.94
360	2024.61	1091.89
361	3837.54	449.08
362	2110.13	1482.14
363	267.15	1182.49
364	313.82	2815.29
365	2764.43	3854.77
366	3806.95	3318.33
367	3439.78	1814.95
368	426.56	1176.09
369	3741.19	1687.68
370	720.83	2048.47
371	1227.35	1901.91
372	895.64	3726.25
373	3286.43	2434.56
374	1461.2	2571.57
375	1341.63	2471.38
376	273.24	716.33
377	3575.53	3281.35
378	2915.56	245.38
379	3570.87	225.33
380	410.07	3302.43
381	2593.28	293.04
382	230.14	3783.49
383	2685.33	3180.68
384	2011.76	678.67
385	3657.3	2673.63
386	852.04	3692.22
387	1090.7	2712.26
388	3900.84	1629.03
389	2163.37	603.07
390	414.28	2713.96
391	3868.15	1111.37
392	655.22	1600.31
393	2384.78	1058.2
394	819.12	3322.89
395	3136.34	2455.76
396	3624.63	2510.51
397	536.28	895.16
398	2443.47	1589.45
399	2006.27	2477.03
400	726.13	2844.04
