1	17210.83	27621.92
2	10833.49	27789.03
3	7881.88	27542.8
4	5494.25	14439.55
5	21869.75	24015.47
6	19734.77	1541.07
7	13225.97	14447.0
8	7372.23	17911.46
9	8093.26	10222.87
10	9760.9	6966.07
11	15275.03	11378.98
12	14683.46	5012.41
13	21507.22	14779.1
14	11366.62	6075.05
15	24838.5	4902.32
16	131.59	1198.41
17	9747.2	24052.87
18	19626.35	4948.13
19	18822.54	20182.35
20	8283.1	4465.25
21	22486.04	12858.76
22	25879.85	2390.91
23	15445.55	4016.96
24	12412.78	24697.96
25	12355.17	6610.11
26	107.58	13106.7
27	2097.07	27702.09
28	13247.09	2855.26
29	1253.69	25866.55
30	17379.46	12473.61
31	14847.08	27181.13
32	23419.33	24767.61
33	10370.89	8328.4
34	20519.88	13974.33
35	125.45	15106.81
36	25521.34	2682.61
37	4129.82	5542.67
38	5797.77	7580.91
39	22083.12	24372.13
40	16966.82	8530.74
41	6709.45	15813.63
42	25410.31	23148.39
43	1395.9	26280.8
44	15843.69	8672.11
45	26752.78	8157.85
46	24202.22	14184.79
47	8775.59	9349.07
48	12542.4	26927.11
49	20538.69	1899.74
50	11672.94	23975.1
51	16364.44	1275.88
52	26741.54	17505.68
53	27196.48	24894.82
54	25188.9	18805.02
55	7909.6	6422.18
56	14153.01	25462.74
57	4847.2	2847.05
58	27526.08	12330.93
59	16693.72	18895.08
60	21990.74	8147.05
61	20767.23	27337.22
62	23393.06	12167.81
63	15940.44	2169.37
64	1273.67	25401.24
65	25518.61	27003.93
66	17581.38	8634.34
67	22953.31	24789.17
68	9718.89	1926.94
69	16532.05	4049.26
70	21659.06	15816.37
71	27231.37	18533.01
72	12900.66	20047.54
73	16464.82	11081.39
74	3603.23	22327.93
75	18261.17	3754.19
76	2810.31	21792.22
77	8634.5	2793.74
78	49.2	16425.55
79	16333.69	3686.8
80	25870.08	16212.49
81	9023.45	771.68
82	21651.0	3034.48
83	7629.75	25104.02
84	9676.85	26500.85
85	20438.01	9782.79
86	16665.83	25014.82
87	4028.27	18823.18
88	17708.34	17163.24
89	6580.51	18930.61
90	18784.8	10148.0
91	12943.69	4247.89
92	5046.26	7073.76
93	3276.26	16314.04
94	13528.63	10577.2
95	16057.11	5419.92
96	9744.33	22947.57
97	1119.7	22557.34
98	21422.0	26196.81
99	12645.27	26260.31
100	9926.61	7577.8
101	24067.33	2964.0
102	24311.57	16284.22
103	4443.47	10782.6
104	7025.95	14781.79
105	14160.47	20906.0
106	16070.86	12703.09
107	23133.5	13569.42
108	6184.49	23463.08
109	27313.61	868.9
110	4222.69	8802.28
111	5551.78	14508.54
112	11327.56	16091.22
113	4894.08	5300.35
114	5043.23	18709.8
115	21128.85	22780.69
116	645.47	727.91
117	25057.22	21557.4
118	24638.63	18906.11
119	1307.07	9785.61
120	916.29	24789.87
121	4884.67	10143.31
122	14883.48	4757.99
123	6434.83	25678.64
124	11097.67	1292.34
125	13608.08	2631.0
126	12549.34	27191.27
127	22187.5	25259.8
128	1273.38	10690.43
129	1571.8	16621.97
130	20303.87	15048.8
131	16154.99	15139.86
132	25368.99	18825.96
133	25650.37	23848.85
134	5435.04	26851.47
135	16646.48	15682.17
136	19276.95	24683.78
137	14384.53	4036.48
138	1416.64	16105.24
139	23240.18	6858.14
140	16086.1	12585.27
141	12698.87	26433.53
142	8701.92	6895.2
143	27914.62	12502.67
144	18535.51	16560.78
145	20215.49	14003.79
146	14653.84	6379.31
147	10256.3	7539.34
148	26100.63	10335.12
149	23725.85	11321.2
150	25478.14	2474.78
151	4033.12	9758.56
152	18804.47	11780.16
153	20081.55	2378.68
154	10217.64	26908.13
155	11613.78	23796.56
156	26304.08	9401.71
157	1221.78	20299.07
158	12553.22	22635.91
159	2479.71	11786.6
160	27620.62	9469.81
161	25934.97	2958.62
162	16659.54	11542.64
163	6301.44	21.16
164	21063.13	1857.52
165	17361.61	14151.99
166	11812.14	9000.38
167	15904.36	18480.5
168	15800.66	6929.18
169	23544.82	27888.58
170	3324.52	20114.27
171	18602.17	11646.13
172	2902.72	7059.09
173	12228.97	27976.28
174	7898.45	7937.61
175	20514.66	9784.7
176	11791.76	23837.13
177	22110.97	4119.13
178	17663.22	7699.5
179	6306.66	11664.02
180	13455.3	2099.2
181	1897.14	25307.58
182	6709.81	27272.01
183	18912.44	6916.61
184	3701.23	21655.73
185	14277.75	808.98
186	27615.41	13534.99
187	5282.97	18993.12
188	20717.08	5696.05
189	11303.82	21569.38
190	5611.83	21047.43
191	21519.96	16868.31
192	12517.04	24678.99
193	10142.81	26308.79
194	25717.39	27042.33
195	18095.6	12721.41
196	5515.09	7630.95
197	6385.28	2328.59
198	6608.26	15911.44
199	10919.64	10351.78
200	15341.0	954.25
201	21984.72	2468.83
202	2744.01	19471.16
203	11542.93	1310.07
204	12482.72	8717.1
205	2326.56	19816.68
206	21359.67	10159.22
207	9827.98	8262.26
208	935.05	7239.39
209	5470.58	23766.4
210	3654.72	15307.56
211	7434.76	8607.36
212	8619.67	27317.97
213	5501.73	10161.28
214	22674.1	3508.45
215	4768.13	24278.89
216	999.42	7771.97
217	21969.34	9335.55
218	22113.84	25627.18
219	14934.43	24465.08
220	23403.43	24267.89
221	16878.25	22896.36
222	21702.01	24536.78
223	10415.52	14547.66
224	8219.56	24063.33
225	14258.68	12888.6
226	12369.33	26504.03
227	12630.43	21465.46
228	18841.08	304.09
229	9558.0	6484.75
230	20089.63	14031.99
231	10938.91	20777.13
232	5448.35	21083.85
233	14451.72	2768.72
234	9044.06	21787.32
235	23010.16	27044.25
236	180.44	20971.39
237	3684.88	3584.56
238	5508.1	7681.92
239	20197.2	7842.61
240	12014.88	14073.77
241	6662.34	15528.57
242	14731.63	12242.21
243	17757.43	16791.48
244	20987.18	13656.33
245	12764.41	18890.47
246	6262.24	22989.08
247	23395.41	27848.13
248	26603.15	14878.11
249	27811.71	9860.98
250	27073.62	8753.0
251	22598.19	19437.83
252	5857.11	24084.39
253	26595.25	27205.05
254	14448.77	26345.08
255	12629.63	13137.15
256	2076.27	26119.98
257	23727.39	12323.73
258	8453.37	3453.51
259	4296.56	6915.28
260	13038.93	3271.81
261	6188.39	6736.11
262	20479.61	22153.69
263	565.1	11664.69
264	11404.68	11591.49
265	24677.9	11154.41
266	21506.68	5205.85
267	13413.24	22389.33
268	1410.58	216.6
269	20054.97	21176.35
270	26391.7	7339.18
271	25266.64	18720.71
272	4602.57	13601.18
273	9710.11	13058.21
274	27026.96	8119.18
275	24895.02	8086.52
276	8027.17	15587.51
277	6118.66	9275.47
278	4570.77	16271.06
279	19655.94	8638.82
280	10786.33	18167.09
281	2776.99	26045.39
282	11293.81	26913.41
283	22245.02	17546.01
284	1262.58	19686.67
285	1937.95	24555.5
286	4538.15	618.14
287	13420.27	18830.81
288	16981.64	18467.26
289	484.59	5059.61
290	25405.63	27042.95
291	14697.13	27652.68
292	15592.54	10260.19
293	3063.36	22562.69
294	13648.08	1363.94
295	15045.32	1187.75
296	5730.43	26618.19
297	13354.89	18305.79
298	7445.69	3459.66
299	24943.34	17411.37
300	11846.06	25545.69
301	5372.71	21929.43
302	18504.41	2672.8
303	23537.98	12504.03
304	7483.88	755.62
305	15381.06	11302.54
306	18596.28	14705.48
307	395.18	26369.59
308	19693.55	7558.08
309	2861.51	9864.87
310	22972.58	21958.47
311	18980.51	4316.63
312	7732.35	8274.62
313	11091.67	26735.1
314	864.38	14898.94
315	23965.9	26855.32
316	2843.64	14325.92
317	19114.18	5283.44
318	15741.23	5625.73
319	23058.07	332.99
320	18365.75	23808.11
321	20222.17	16544.21
322	12852.16	2964.85
323	1975.86	22717.05
324	23663.14	26761.74
325	22942.81	8165.92
326	22821.14	17700.61
327	6728.84	17.72
328	22672.24	26195.86
329	4073.57	26208.44
330	13900.1	23228.65
331	9388.37	5004.1
332	8576.86	5492.63
333	15786.71	9731.45
334	21273.92	4362.72
335	17548.18	23329.44
336	20986.78	14441.27
337	24845.42	11355.05
338	26019.43	3554.91
339	25394.42	6739.66
340	6145.27	19432.37
341	4307.0	327.63
342	27856.01	5061.21
343	21270.32	16129.69
344	5028.79	10320.87
345	27662.4	14745.35
346	10849.13	524.63
347	16423.15	7948.6
348	12394.82	20260.6
349	23886.36	9310.15
350	7494.04	20064.44
351	8590.46	1824.4
352	25788.27	18579.31
353	7339.95	20016.19
354	26346.59	12786.12
355	26951.94	21350.28
356	26643.21	14460.79
357	4814.04	607.71
358	8772.01	14723.9
359	12793.6	25148.25
360	25277.97	11481.7
361	6900.85	14477.44
362	12934.06	24353.41
363	21537.96	6079.33
364	11693.01	2769.37
365	2071.45	8792.94
366	26228.83	15789.38
367	5821.85	15545.55
368	19620.16	24105.54
369	15826.19	23541.3
370	4462.17	23589.78
371	26205.83	21059.71
372	2354.17	10308.84
373	6089.1	26968.77
374	17283.27	20009.47
375	4729.23	2093.67
376	18336.45	19049.76
377	4439.62	2948.97
378	22062.37	26378.59
379	8836.33	1438.24
380	16177.56	10169.3
381	5432.96	14441.3
382	16389.32	23914.65
383	9334.23	2695.38
384	2024.18	8443.39
385	5279.29	19630.4
386	10353.07	26100.42
387	9180.67	25076.8
388	11453.58	12801.82
389	9708.6	26815.71
390	23470.65	27058.98
391	24496.4	24283.36
392	26659.27	17680.33
393	8577.62	15474.6
394	5897.9	8774.53
395	9087.98	17336.69
396	4818.72	23423.51
397	15461.18	20519.82
398	17137.51	22964.06
399	24091.17	2205.98
400	15549.72	26004.56
401	18362.08	20997.58
402	14952.22	12875.32
403	5761.83	15477.97
404	27017.97	6304.94
405	234.53	18043.46
406	6068.6	9021.42
407	892.47	16682.5
408	22290.97	26582.58
409	18149.71	5186.01
410	6338.67	18764.94
411	13327.46	12934.59
412	23352.96	18379.36
413	15680.42	3370.14
414	94.31	4114.64
415	15853.75	26533.45
416	21700.61	27700.51
417	21543.76	7407.6
418	2456.16	13286.35
419	25591.48	4082.53
420	4035.84	23009.99
421	10671.66	18005.28
422	14886.55	21685.55
423	1463.89	4793.41
424	4416.73	10798.17
425	24889.29	3288.27
426	7148.68	27187.33
427	12651.85	27965.31
428	19355.26	11917.28
429	15542.51	10139.07
430	20971.23	18986.02
431	15065.07	15933.14
432	1984.12	12910.13
433	17660.09	819.59
434	8812.0	5575.65
435	3297.7	13429.15
436	3128.44	1173.85
437	9023.41	7246.5
438	14224.06	17498.31
439	9535.23	26723.03
440	12690.95	22109.31
441	24757.52	27739.48
442	22540.43	19622.44
443	6301.94	12932.25
444	25688.97	15751.67
445	21963.85	3354.87
446	5040.63	18235.93
447	16502.68	19301.57
448	4708.76	22055.13
449	3455.06	24509.91
450	12697.83	2645.03
451	619.43	24546.79
452	906.65	13377.27
453	1415.98	16851.74
454	2716.11	6110.85
455	14207.41	14725.3
456	20529.7	23935.85
457	23571.93	10756.98
458	17401.1	24709.79
459	7500.29	266.57
460	8958.1	15461.17
461	10795.76	2195.83
462	11557.31	11671.31
463	23945.85	4573.27
464	22311.34	1819.6
465	12165.22	18816.86
466	26211.77	19042.04
467	19465.92	9275.4
468	2239.08	13781.4
469	17867.96	25624.63
470	2628.97	2049.05
471	3639.6	5147.99
472	7874.03	2267.25
473	2366.35	7661.59
474	13314.45	27062.3
475	27146.94	21479.46
476	227.13	22009.36
477	26262.22	3077.04
478	5759.15	25255.36
479	10091.88	22988.05
480	4020.28	16757.51
481	369.25	3359.75
482	25005.46	1253.32
483	22293.75	23562.14
484	25376.36	16031.81
485	13269.88	8711.57
486	17293.17	3458.49
487	12795.39	691.28
488	18229.64	17401.17
489	16769.09	26868.03
490	1330.74	7961.02
491	10652.06	18830.43
492	815.81	21710.92
493	5852.46	7454.2
494	6924.63	20487.66
495	299.21	3760.4
496	27007.62	3719.71
497	22435.58	799.41
498	16848.73	21422.72
499	23695.46	3083.88
500	11454.74	12328.15
501	27609.56	13958.51
502	12745.79	6628.5
503	12112.62	2177.5
504	24022.21	27426.0
505	23549.42	12354.41
506	22819.82	7895.23
507	11688.33	26744.16
508	16433.15	25379.32
509	24466.13	23950.36
510	21597.28	14062.36
511	22481.7	13451.31
512	5540.62	24257.72
513	25673.54	79.78
514	13998.97	14146.86
515	4093.52	23530.46
516	2551.97	2186.79
517	2739.77	13089.3
518	15683.8	5685.19
519	14712.85	27677.15
520	5104.46	6644.72
521	19906.48	12460.21
522	16402.07	14788.33
523	8145.05	3313.63
524	11045.82	24217.19
525	3183.97	20883.23
526	19323.39	8330.61
527	27421.27	27869.77
528	9408.09	19994.14
529	19057.01	23709.83
530	11651.53	3462.56
531	8324.42	9437.24
532	12747.85	12288.48
533	4679.23	12302.86
534	7887.28	13877.2
535	27900.97	26417.48
536	3037.37	18076.63
537	23137.11	12565.78
538	19742.2	22110.65
539	17844.93	6021.79
540	21823.21	21025.88
541	13423.59	8878.76
542	27219.28	8536.84
543	12026.1	26427.05
544	508.96	7757.29
545	26778.72	21539.84
546	14634.82	27465.14
547	18065.72	27723.58
548	3551.43	10815.89
549	7304.58	6947.7
550	12883.55	25790.99
551	3452.41	19630.25
552	7755.43	1888.81
553	6747.81	10646.09
554	17385.06	15076.81
555	11368.6	10619.22
556	22675.89	6836.59
557	14748.78	11559.51
558	26297.76	4451.64
559	13785.06	21366.19
560	1104.93	25637.52
561	16210.16	24624.62
562	9052.36	9680.35
563	5018.76	15021.7
564	24646.44	9624.65
565	22822.59	13687.25
566	17635.06	19382.96
567	7198.39	20954.8
568	22384.96	19209.81
569	5458.01	27096.01
570	15952.32	19568.63
571	16736.63	23885.16
572	18505.17	2760.54
573	12518.97	23963.4
574	9446.29	20522.73
575	18017.25	19742.08
576	14696.46	12435.17
577	17342.07	11936.67
578	16202.67	20240.21
579	11274.63	15386.83
580	6105.64	20164.81
581	16297.25	8798.99
582	11699.41	7367.27
583	1766.05	5107.01
584	15165.86	2969.8
585	12261.32	1364.97
586	17653.92	25592.11
587	7742.4	6134.23
588	23134.21	14251.39
589	9115.57	19096.73
590	14143.54	6401.98
591	24272.67	9237.41
592	3290.24	2808.13
593	6469.44	14349.26
594	26780.65	4933.53
595	14563.87	7576.17
596	3352.12	27030.81
597	17867.05	22718.98
598	13481.52	10987.32
599	21892.06	24328.28
600	1044.38	21034.06
601	1144.53	20504.68
602	9336.73	3064.41
603	9020.79	17295.11
604	10333.62	8682.48
605	13302.62	16456.65
606	24436.58	4890.77
607	1939.68	11481.09
608	26668.27	25641.02
609	17941.02	11403.39
610	7445.58	12195.95
611	23232.3	27526.28
612	1417.01	5440.55
613	3310.93	13550.47
614	7026.93	1106.33
615	23469.43	20788.28
616	2003.14	18446.43
617	92.27	23803.61
618	21802.88	6422.08
619	27801.43	27733.46
620	7127.53	13095.69
621	20993.11	17284.34
622	14214.85	14665.27
623	15908.66	21022.66
624	15310.28	347.95
625	16895.76	24751.86
626	5230.93	25833.85
627	19098.77	2712.6
628	17154.63	16179.12
629	1769.75	1522.1
630	22228.24	21831.31
631	8204.03	1259.84
632	10971.64	20106.68
633	26501.92	1182.53
634	15743.65	5002.12
635	23011.48	1433.22
636	9355.7	7607.75
637	9244.89	814.47
638	22155.23	774.7
639	20208.16	7807.39
640	13415.32	13927.48
641	22160.76	27777.15
642	22978.73	11585.32
643	21181.68	12068.68
644	1953.55	7426.23
645	3409.29	3499.62
646	26938.23	14597.4
647	22248.51	15777.77
648	8368.39	20476.01
649	156.47	21111.13
650	1510.77	23804.71
651	6960.98	1455.73
652	17686.78	23719.31
653	13066.5	18469.79
654	23686.04	9741.79
655	17398.67	25812.29
656	7130.09	22989.81
657	13310.74	8480.75
658	24547.85	26749.13
659	2664.37	24.29
660	19821.9	23490.2
661	6438.7	10447.51
662	22981.27	25678.8
663	13760.74	18456.15
664	7859.94	26663.19
665	11814.77	14648.95
666	14663.41	9660.86
667	26156.64	1090.96
668	15254.9	16100.75
669	6946.02	3313.06
670	17631.15	17631.85
671	5496.25	21152.11
672	3352.09	23668.26
673	24238.52	5446.4
674	4150.4	12094.37
675	6536.36	6265.07
676	13130.13	10181.75
677	20928.38	8762.77
678	27519.71	808.34
679	13131.68	4056.68
680	23656.9	22966.03
681	15557.17	3294.12
682	15746.05	10628.48
683	3372.16	16754.73
684	12913.34	11881.9
685	8448.44	17776.29
686	15396.87	795.22
687	21390.03	2778.82
688	17900.53	8952.74
689	10791.95	10634.44
690	27817.43	1490.68
691	17109.48	14119.54
692	13380.11	13001.18
693	3799.42	9240.13
694	12243.57	25918.37
695	17969.69	3016.03
696	19415.09	7420.17
697	13661.53	9458.72
698	23583.75	13303.17
699	11456.42	24056.31
700	23794.21	11581.36
701	10644.87	22065.1
702	11330.61	27853.79
703	3915.69	17430.14
704	17731.81	18466.58
705	12677.11	24061.25
706	26977.8	24504.83
707	1540.6	24103.37
708	3478.17	8855.13
709	17679.6	26065.73
710	14623.9	27833.92
711	23691.83	18853.01
712	15485.2	3602.97
713	2813.63	9992.78
714	23886.83	5069.4
715	26277.58	23791.2
716	22885.88	15751.62
717	20561.86	1004.37
718	541.61	23780.24
719	26748.22	8721.42
720	13930.4	16394.98
721	25329.95	10389.47
722	21035.53	22917.02
723	3634.67	24044.27
724	1784.62	23552.07
725	1605.35	20411.53
726	15285.71	18157.44
727	20391.52	1495.8
728	23688.02	25336.9
729	27514.81	8060.99
730	18042.81	19739.0
731	12309.7	9210.01
732	26998.03	23959.38
733	3002.95	2230.99
734	13937.14	6348.24
735	16473.37	12979.79
736	6894.01	14864.86
737	4285.8	15204.14
738	21658.25	25273.31
739	1511.74	17682.96
740	15983.69	14842.59
741	20351.69	8145.0
742	10776.03	26249.34
743	3664.1	2199.74
744	4899.58	26762.21
745	13526.62	4709.64
746	7219.75	5713.44
747	18931.83	18819.97
748	1350.83	11001.3
749	15452.03	4727.23
750	495.93	26068.5
751	5331.23	20951.89
752	5766.23	20477.45
753	24985.87	21358.03
754	13273.97	23709.04
755	3004.25	1414.36
756	5736.71	27529.6
757	18696.66	25921.3
758	5258.46	250.76
759	953.26	13529.05
760	18453.83	16794.8
761	15867.32	7449.71
762	11403.87	25203.92
763	3683.74	24120.41
764	15176.76	1191.59
765	16581.99	17661.64
766	1469.36	2987.75
767	4713.33	4340.96
768	19133.88	21704.24
769	3911.75	15293.45
770	27649.85	2038.42
771	17492.74	22974.53
772	14442.41	21534.96
773	12328.27	4556.27
774	2147.2	7138.74
775	2432.02	11809.06
776	26982.62	10130.23
777	9077.35	18510.27
778	19063.9	2206.91
779	19879.39	20234.26
780	23089.05	5009.34
781	11178.01	24146.76
782	17029.25	24780.09
783	49.74	25048.63
784	19952.36	8585.94
785	17222.86	27852.88
786	27653.16	27959.58
787	24770.72	9341.7
788	1593.79	6810.49
789	18517.11	16781.18
790	26385.19	5095.02
791	6926.98	27274.57
792	17824.21	732.16
793	14057.65	1606.41
794	16264.07	20401.05
795	22579.16	24520.5
796	7037.66	2546.66
797	19238.31	9164.42
798	23340.77	19784.15
799	24659.27	12734.99
800	15260.48	11481.94
801	23067.0	27817.03
802	2575.26	26958.5
803	12915.73	24046.77
804	145.94	15899.18
805	13625.76	14240.57
806	26920.41	23637.03
807	8443.61	17473.83
808	25171.91	12954.15
809	23400.0	13558.75
810	9752.32	17846.47
811	21641.27	22950.98
812	25391.6	7564.83
813	19652.28	6645.67
814	12500.8	849.33
815	19876.66	10703.12
816	2668.15	7579.23
817	18829.44	9218.28
818	27492.87	12788.67
819	8075.36	15020.57
820	22197.67	6314.1
821	27489.31	17531.16
822	20079.61	667.3
823	3468.97	16720.97
824	3280.56	5442.77
825	20444.72	16703.02
826	25545.17	2693.16
827	4866.16	8215.66
828	15580.75	8913.66
829	4509.21	2087.4
830	22493.8	16192.42
831	2143.67	27946.25
832	10536.96	3694.7
833	3741.25	20155.64
834	10930.18	14184.88
835	6148.36	18093.3
836	20538.16	21910.6
837	23329.3	8500.12
838	2975.86	27323.35
839	9649.64	16848.25
840	1190.01	24673.6
841	27095.19	21569.44
842	3203.94	16965.32
843	19564.59	21486.1
844	3510.96	1918.46
845	12480.51	17873.28
846	10344.34	18219.06
847	22325.92	1167.51
848	17262.84	16179.25
849	14047.38	18329.72
850	5137.56	25436.5
851	19448.7	15533.19
852	9249.86	4739.28
853	25435.79	8786.43
854	3561.15	412.41
855	18431.59	5995.85
856	15370.54	25877.3
857	4459.85	5585.05
858	4064.8	10466.9
859	19739.77	11481.86
860	18648.71	1761.73
861	10755.71	23404.6
862	541.15	19403.19
863	26935.42	6836.65
864	11458.88	5932.57
865	23109.88	17931.11
866	3763.12	22296.63
867	9427.63	23257.99
868	25977.58	7673.69
869	15691.84	14130.55
870	12369.19	9316.24
871	7512.18	20996.16
872	7746.63	14271.0
873	27897.89	2122.81
874	23867.28	27731.21
875	7223.64	11905.95
876	12500.75	185.25
877	3769.48	25668.08
878	17789.38	13052.26
879	26875.07	8067.82
880	16696.32	2515.51
881	26979.07	8162.89
882	3625.78	6043.12
883	7929.6	22213.23
884	22186.92	24051.37
885	23515.5	3393.6
886	19886.0	2216.34
887	16217.92	24261.16
888	6774.76	6323.48
889	23606.85	21738.76
890	19103.16	25906.21
891	11131.63	1565.07
892	4654.75	10423.78
893	1022.2	27710.0
894	887.86	9922.64
895	24413.43	4505.47
896	23020.37	15532.01
897	7789.8	18626.61
898	3707.85	26425.52
899	15788.35	13426.02
900	19844.99	5649.99
901	6386.28	27837.35
902	1620.13	11894.94
903	839.68	23052.19
904	14106.26	12200.84
905	11747.67	27792.12
906	26240.48	27568.55
907	24179.4	21729.98
908	17675.69	15807.97
909	13533.43	10140.24
910	8574.05	11342.82
911	16371.34	8761.25
912	22064.89	26145.82
913	22444.82	22842.75
914	5293.11	27706.84
915	2854.02	4945.6
916	2433.96	25027.64
917	14032.7	9423.99
918	11216.21	22483.71
919	11502.59	3544.67
920	1237.14	24215.2
921	20948.8	3639.61
922	15722.94	4229.93
923	10066.2	3038.45
924	2997.03	23174.08
925	9969.72	6858.78
926	7215.64	24082.74
927	8218.39	23752.2
928	12898.43	24244.26
929	4727.67	8493.64
930	17602.44	652.47
931	1253.06	4320.77
932	6589.48	26840.07
933	5652.48	16458.78
934	23239.8	1228.67
935	21040.42	4654.22
936	23219.57	17434.78
937	9490.51	7403.54
938	8718.26	24318.95
939	18516.91	19080.96
940	21826.86	24455.9
941	2630.92	27944.03
942	4015.63	26994.87
943	26385.77	7678.48
944	8861.57	2122.31
945	20235.6	7427.21
946	19858.89	18273.84
947	10246.28	5952.38
948	9761.59	13383.51
949	3823.45	27581.36
950	22461.2	11830.42
951	23663.35	21985.77
952	7573.35	4111.41
953	19851.44	25316.13
954	5802.17	3090.23
955	24313.48	22514.91
956	6695.36	20493.64
957	14549.91	1974.83
958	16970.57	17518.79
959	2692.88	2689.57
960	25587.88	1222.67
961	7558.64	18864.91
962	18890.76	8315.45
963	11316.12	2966.63
964	2231.33	18264.36
965	17219.46	7233.87
966	27926.44	2349.59
967	6713.29	21160.09
968	4187.8	19142.32
969	3245.36	15588.56
970	23143.25	3761.68
971	27877.15	17061.02
972	21092.06	9050.52
973	25604.25	18750.68
974	4935.29	14403.69
975	477.32	3820.3
976	19540.86	9360.25
977	8013.12	2593.77
978	6003.82	15230.34
979	27265.04	580.12
980	5181.69	8418.81
981	19220.86	21274.63
982	6718.3	17122.73
983	17366.82	7210.85
984	25626.77	23794.03
985	25134.84	24911.01
986	16567.64	18374.14
987	26692.59	14889.79
988	24526.02	21333.28
989	3152.57	22874.63
990	15092.84	5355.71
991	8127.05	3227.4
992	5215.2	4106.74
993	5229.43	11324.71
994	23023.68	12918.29
995	14530.28	13227.19
996	10415.7	13218.93
997	23018.75	9723.71
998	26193.84	24167.82
999	27451.9	9165.8
1000	17114.14	694.88
1001	20518.95	4986.01
1002	16796.87	3185.05
1003	13483.64	24492.24
1004	26056.65	16300.15
1005	12349.25	13619.96
1006	16633.97	7937.09
1007	4248.0	21968.78
1008	13125.35	10579.82
1009	20074.32	6252.69
1010	21176.1	7067.62
1011	2118.9	27688.12
1012	5589.06	20145.49
1013	18344.81	6551.23
1014	13824.94	17436.06
1015	27655.22	5171.41
1016	14392.46	3041.93
1017	27682.72	25391.3
1018	4647.12	16493.63
1019	12051.89	26316.0
1020	17218.55	16978.95
1021	10337.51	2377.72
1022	18333.7	6630.0
1023	3781.53	15922.5
1024	7671.63	3296.46
1025	9234.13	11960.96
1026	12982.76	7457.52
1027	14137.76	16668.4
1028	23821.13	21545.23
1029	22024.85	24520.55
1030	23283.18	11011.15
1031	9645.47	24620.53
1032	3461.9	1077.28
1033	13101.75	14292.94
1034	11876.06	15769.05
1035	10704.12	2520.86
1036	7531.09	22027.22
1037	17932.49	11892.33
1038	5059.71	22499.77
1039	10187.84	15012.18
1040	19532.58	19229.71
1041	10644.71	15632.75
1042	16656.42	120.57
1043	8089.65	2811.91
1044	2815.58	10946.4
1045	3661.49	8728.26
1046	18925.52	20572.52
1047	2517.98	1967.01
1048	13579.07	7280.63
1049	20196.33	16404.7
1050	10987.97	8051.69
1051	2771.17	9467.62
1052	19653.41	21765.44
1053	6074.37	11809.71
1054	430.8	10893.76
1055	2347.47	12466.8
1056	14233.99	2718.74
1057	14087.36	7246.66
1058	9893.02	4817.75
1059	15258.34	12493.23
1060	5532.84	10405.02
1061	1256.54	11617.71
1062	9290.82	3028.53
1063	10862.53	16194.54
1064	987.58	19159.99
1065	15473.18	4903.97
1066	26531.1	3956.69
1067	24918.5	11474.48
1068	5646.59	15772.17
1069	13039.9	15423.75
1070	23664.2	17914.94
1071	12141.34	20489.67
1072	21011.03	19037.19
1073	2114.59	22166.93
1074	24534.69	25697.41
1075	10946.74	27293.32
1076	25273.27	17379.65
1077	21028.54	10030.6
1078	22752.95	20184.86
1079	15954.75	10589.33
1080	9144.59	14914.98
1081	3805.0	24448.21
1082	26022.29	8212.3
1083	5961.99	5138.52
1084	7739.89	15297.43
1085	21100.01	15499.18
1086	16624.74	15554.64
1087	8739.07	22839.83
1088	15766.04	6001.5
1089	23259.01	1691.58
1090	27962.22	26312.77
1091	25833.31	13856.24
1092	16911.07	11457.85
1093	3061.91	23801.32
1094	15324.19	18132.47
1095	18716.38	21436.59
1096	7864.64	6521.1
1097	15452.7	16460.67
1098	19644.83	23138.74
1099	18350.1	14225.45
1100	24565.86	25176.49
1101	25035.52	24164.0
1102	10351.15	16234.96
1103	17304.64	14664.78
1104	5131.02	13494.01
1105	19215.14	7973.44
1106	1077.86	1725.6
1107	2813.26	18833.36
1108	4076.82	24678.11
1109	20245.76	1794.91
1110	17090.62	7091.61
1111	579.12	7506.78
1112	14581.57	5971.0
1113	27873.45	22651.83
1114	15841.02	14571.88
1115	17803.76	16721.99
1116	1181.19	2185.09
1117	13525.76	9147.16
1118	17358.38	23377.71
1119	24310.9	17028.69
1120	22670.15	1180.33
1121	24387.25	8946.53
1122	20074.31	12549.24
1123	20879.0	12795.4
1124	21367.04	12713.92
1125	19752.42	9720.98
1126	15734.86	11499.05
1127	7389.66	6446.41
1128	12096.83	11998.86
1129	23661.7	23051.22
1130	9724.19	2207.12
1131	2068.24	20601.14
1132	14512.85	11826.32
1133	10693.58	24298.19
1134	23326.06	1861.27
1135	13306.54	8313.69
1136	7234.67	21629.87
1137	3006.98	13834.27
1138	16942.11	8531.72
1139	23033.79	23408.99
1140	8542.67	11178.44
1141	16698.73	7428.24
1142	8447.48	1097.95
1143	9965.04	13427.76
1144	18367.57	12516.03
1145	14401.76	5698.27
1146	908.44	1841.93
1147	7731.34	11118.91
1148	26951.16	16630.44
1149	724.32	4741.59
1150	24049.45	13172.9
1151	2387.26	11968.35
1152	7921.6	19072.84
1153	12538.14	11016.73
1154	6654.41	14566.44
1155	1700.98	20503.6
1156	7085.83	12664.26
1157	4244.22	17830.78
1158	16958.06	2151.27
1159	3014.44	17918.91
1160	12133.64	19576.21
1161	17073.79	15430.71
1162	18530.23	18534.13
1163	22085.36	25933.44
1164	2487.94	557.28
1165	16434.16	26662.39
1166	15242.95	2848.92
1167	3406.15	5172.31
1168	5376.98	4329.02
1169	9700.84	10238.41
1170	9013.05	5960.18
1171	20824.25	16240.75
1172	22760.43	14599.45
1173	23215.78	14158.31
1174	5984.74	18192.76
1175	1209.74	23111.86
1176	10791.85	283.56
1177	812.8	4473.67
1178	6443.14	1870.29
1179	23594.22	24616.75
1180	7694.07	11946.16
1181	890.14	5391.14
1182	8277.89	12871.75
1183	18465.22	19044.54
1184	14836.36	20395.11
1185	98.87	357.68
1186	24759.12	24917.47
1187	22486.67	8556.31
1188	3191.88	4214.33
1189	7684.34	22826.39
1190	24749.09	26597.66
1191	26095.32	3887.9
1192	3060.95	5575.51
1193	25438.21	7195.74
1194	11196.95	10522.92
1195	13664.63	11383.33
1196	6797.18	10061.18
1197	22972.8	16230.95
1198	4871.55	25421.91
1199	9238.2	19087.48
1200	21916.89	8521.49
1201	20255.18	8117.59
1202	8499.14	5677.66
1203	5981.65	12644.04
1204	13125.25	13394.81
1205	13524.64	1384.45
1206	1576.5	14304.68
1207	26727.58	10291.98
1208	15108.38	12673.37
1209	22000.04	1546.35
1210	24183.42	8760.34
1211	4510.98	11538.5
1212	17347.34	1709.63
1213	1616.8	10091.57
1214	3382.35	1135.69
1215	18266.83	6134.61
1216	1558.33	6799.72
1217	16557.79	15778.81
1218	5860.92	1901.36
1219	18698.87	4950.28
1220	21529.27	696.44
1221	26637.39	20116.56
1222	8452.24	12414.47
1223	9035.13	14825.31
1224	25144.29	22212.95
1225	8213.56	18789.67
1226	26582.75	8768.93
1227	25386.59	7384.77
1228	16272.6	27164.93
1229	25063.11	18192.51
1230	234.04	238.92
1231	3323.77	24188.61
1232	2770.2	6084.25
1233	2197.98	22762.05
1234	13449.25	12733.0
1235	22577.5	22401.95
1236	6408.76	12151.37
1237	6717.67	5306.65
1238	9781.84	17161.41
1239	25687.52	27556.46
1240	2267.76	15110.85
1241	7222.29	20819.93
1242	15601.94	17534.24
1243	6972.23	9727.14
1244	27293.25	2405.94
1245	10034.67	8641.93
1246	17795.06	5303.26
1247	6526.69	2216.98
1248	14481.42	23091.26
1249	21919.34	12117.33
1250	2531.42	12225.86
1251	20307.4	9141.59
1252	13942.59	17791.06
1253	10828.98	15970.18
1254	24026.26	16701.94
1255	26280.29	10235.49
1256	18226.58	22166.31
1257	5118.54	16153.92
1258	15225.23	16534.06
1259	25408.75	7799.7
1260	24456.46	19079.98
1261	13166.04	4412.39
1262	8828.98	11927.71
1263	6030.8	26448.72
1264	14425.57	21852.26
1265	10245.65	25913.41
1266	1597.9	19340.69
1267	13542.58	6583.2
1268	20337.28	16263.19
1269	7705.57	13770.86
1270	14538.23	8558.68
1271	2183.31	20591.15
1272	19901.5	3236.08
1273	17021.42	24458.55
1274	21903.86	1433.72
1275	27228.09	26540.69
1276	7150.67	14819.63
1277	19530.71	19483.09
1278	19531.55	26905.01
1279	18528.72	1607.97
1280	5512.04	16755.27
1281	18405.16	17031.43
1282	13220.96	7406.58
1283	8370.95	11259.52
1284	21885.96	14910.87
1285	15441.86	4685.36
1286	20602.02	11010.47
1287	13356.1	5707.18
1288	18272.8	10183.03
1289	15740.88	6735.61
1290	10268.53	5570.09
1291	7735.99	900.48
1292	13698.95	16458.97
1293	25069.13	16339.51
1294	14227.6	17830.46
1295	18997.1	13565.26
1296	4447.46	6789.71
1297	9168.38	22325.63
1298	26341.89	21577.61
1299	10853.44	12339.68
1300	14909.87	1494.06
1301	19232.64	26814.74
1302	257.13	9748.0
1303	17999.45	456.25
1304	22298.14	9788.81
1305	20723.01	14794.42
1306	27405.27	16133.71
1307	16989.96	21002.51
1308	9644.44	13407.24
1309	17283.01	27140.49
1310	26546.95	19832.96
1311	8214.94	3254.99
1312	1567.89	22991.87
1313	8625.74	25466.09
1314	8714.83	3364.49
1315	11774.22	27075.27
1316	2104.29	8802.43
1317	16659.55	27124.75
1318	23983.59	12018.58
1319	21732.29	4710.78
1320	6237.36	15829.32
1321	8939.73	5705.16
1322	23190.38	19671.26
1323	7912.55	23843.18
1324	1826.9	15613.17
1325	18396.86	22966.29
1326	27332.52	3109.13
1327	1889.22	10858.12
1328	3178.55	972.79
1329	25820.92	12222.27
1330	14005.93	9708.0
1331	7908.46	13490.06
1332	17510.09	6736.67
1333	16328.06	18596.81
1334	14034.86	27815.81
1335	23313.94	17344.98
1336	21522.04	3464.82
1337	16519.4	24716.94
1338	22889.51	3229.08
1339	25345.2	13246.95
1340	7549.89	9489.88
1341	16816.77	8489.16
1342	24686.25	12080.06
1343	10180.45	3913.59
1344	13840.64	5345.0
1345	5497.29	11643.09
1346	7438.64	9314.11
1347	961.16	11056.29
1348	3584.56	19077.52
1349	2912.1	27198.78
1350	1252.12	14656.44
1351	23662.62	23135.52
1352	23037.92	11705.94
1353	22176.86	27210.32
1354	7375.13	18175.95
1355	18085.37	27260.83
1356	3559.43	9905.34
1357	16966.83	10290.15
1358	23014.72	19448.06
1359	14941.46	8360.75
1360	15542.9	729.64
1361	11045.51	16386.02
1362	23566.55	6803.66
1363	11938.35	15148.97
1364	21359.39	20849.51
1365	6804.89	16024.27
1366	17494.94	10865.98
1367	26361.76	14458.07
1368	26094.71	22109.6
1369	2711.29	21122.87
1370	19350.54	14444.3
1371	11165.71	7202.12
1372	4261.01	23925.12
1373	1214.62	4927.86
1374	27946.65	7460.32
1375	19462.67	94.23
1376	23234.72	5725.43
1377	11315.81	20033.05
1378	3941.87	5697.84
1379	18379.05	26827.36
1380	14444.28	4289.72
1381	16558.9	1589.78
1382	20692.1	10864.04
1383	4690.99	23684.28
1384	19917.17	2962.25
1385	18692.14	16519.44
1386	8213.17	4841.84
1387	12633.26	18128.85
1388	13160.91	3329.69
1389	10841.74	27249.25
1390	27628.35	9063.95
1391	7110.09	7273.46
1392	17676.18	16552.64
1393	22484.12	19753.94
1394	25752.02	6540.45
1395	4615.25	17184.63
1396	6284.85	22760.73
1397	18661.46	21931.25
1398	12141.04	19246.04
1399	14221.19	11007.47
1400	3959.58	19537.64
1401	9517.27	884.04
1402	23769.34	7205.09
1403	3996.03	26149.35
1404	19774.36	16877.02
1405	8663.22	18730.91
1406	12718.06	15872.35
1407	25017.44	16805.7
1408	17823.19	1267.51
1409	2702.65	840.89
1410	6148.68	6588.35
1411	22585.22	2503.34
1412	16820.35	25166.46
1413	24547.48	24398.81
1414	11538.51	14642.44
1415	14050.36	21031.64
1416	12622.22	17345.86
1417	27709.59	17114.8
1418	14501.31	3390.61
1419	26031.88	8923.73
1420	6247.31	1146.47
1421	23059.88	18139.04
1422	17275.14	6121.21
1423	13090.94	19876.76
1424	957.76	1671.83
1425	18094.91	5514.17
1426	2115.66	1937.58
1427	12325.73	3342.25
1428	1636.93	4634.02
1429	7255.28	2595.8
1430	17790.21	18273.69
1431	20825.93	11833.06
1432	3036.55	18095.65
1433	10155.69	20430.78
1434	17460.62	12323.9
1435	26197.23	20006.83
1436	230.09	16123.81
1437	2601.38	22382.3
1438	6677.59	21945.11
1439	19911.98	14553.05
1440	10657.27	24966.48
1441	9291.44	15342.11
1442	23170.74	11991.61
1443	26266.32	18719.71
1444	14929.53	6035.04
1445	22174.76	20197.01
1446	13197.17	3487.38
1447	3878.9	11227.9
1448	9835.33	15545.93
1449	1500.77	9741.61
1450	1232.36	25413.91
1451	9465.56	3611.75
1452	1965.02	10566.58
1453	19924.51	9918.53
1454	21649.17	2568.82
1455	21644.98	16681.24
1456	11516.48	25251.75
1457	26265.9	17425.91
1458	6635.06	10284.94
1459	2578.93	27036.98
1460	26837.82	12987.31
1461	27679.87	16977.97
1462	17731.44	2111.25
1463	3030.58	22482.66
1464	16807.51	23814.11
1465	18776.76	4301.79
1466	14153.44	11535.42
1467	1673.02	1803.68
1468	19338.9	17435.04
1469	27632.3	3698.27
1470	362.39	10790.96
1471	5079.05	9214.83
1472	10975.29	1649.72
1473	19512.66	4412.98
1474	15910.27	14146.27
1475	2402.26	10032.34
1476	27875.86	7500.24
1477	27468.74	26824.55
1478	8257.08	24745.0
1479	17097.96	27029.47
1480	19961.97	10546.6
1481	5252.07	16168.34
1482	1924.8	19407.83
1483	6476.49	15754.65
1484	15364.02	22069.8
1485	16232.52	9356.85
1486	7867.47	7923.57
1487	17597.36	11471.43
1488	23556.97	26261.33
1489	17427.85	27351.56
1490	10057.62	22526.28
1491	20398.64	544.43
1492	15592.38	27794.71
1493	15698.81	13742.31
1494	474.81	16114.51
1495	10486.25	8819.72
1496	4807.29	23108.34
1497	17817.84	14473.59
1498	10664.53	24371.53
1499	9484.9	3573.07
1500	7025.57	24665.07
1501	4180.72	21544.38
1502	14301.98	6899.29
1503	13222.15	2156.45
1504	11410.58	26585.54
1505	21426.29	23054.57
1506	19093.19	8071.27
1507	18069.65	5115.8
1508	22667.32	5372.82
1509	16001.78	11776.77
1510	9124.2	23511.98
1511	25062.14	17957.75
1512	2560.49	27703.76
1513	9301.74	21166.63
1514	961.11	959.84
1515	23750.62	18281.2
1516	16917.86	2186.51
1517	7894.85	21904.64
1518	11630.71	3414.77
1519	25194.59	6263.61
1520	7288.07	1819.16
1521	22879.65	3668.92
1522	11464.59	21436.98
1523	18372.49	6749.6
1524	2481.81	7217.88
1525	16370.39	14236.92
1526	14710.41	279.36
1527	25928.82	20471.34
1528	13521.3	11861.39
1529	2867.44	2734.86
1530	3985.77	7965.48
1531	11234.75	19353.46
1532	6320.88	21541.36
1533	6844.39	3238.74
1534	13411.84	17907.48
1535	24461.1	25645.0
1536	4864.38	6425.95
1537	6960.1	11289.64
1538	14543.67	23242.61
1539	12730.91	14197.11
1540	10020.31	7271.1
1541	26051.4	3847.22
1542	10462.54	17751.89
1543	8.96	16144.27
1544	20106.64	13058.76
1545	6367.75	27064.44
1546	17118.01	19416.17
1547	27444.65	17644.19
1548	24717.78	19780.44
1549	15053.0	24252.9
1550	16185.72	18963.21
1551	13594.79	16990.3
1552	100.45	19899.17
1553	9581.79	5644.69
1554	2772.51	1950.38
1555	26874.01	3425.37
1556	12834.71	5222.9
1557	14751.69	10733.64
1558	25598.82	24636.5
1559	26425.37	8399.95
1560	23378.62	18372.33
1561	14599.27	14429.79
1562	3779.87	7352.67
1563	20838.93	21728.92
1564	27479.44	26988.08
1565	19687.4	20796.19
1566	14453.05	713.93
1567	27988.91	13163.77
1568	8100.19	6564.76
1569	14567.99	6332.04
1570	15786.46	20237.6
1571	19195.14	10942.75
1572	8690.07	9600.0
1573	7593.3	13644.3
1574	18638.91	6569.39
1575	8497.58	8800.94
1576	6373.17	1019.08
1577	27347.31	8782.71
1578	11005.09	19805.23
1579	23858.26	22297.32
1580	2690.66	7822.81
1581	26389.52	25782.77
1582	21132.69	10074.0
1583	2557.36	4356.13
1584	19240.57	7021.56
1585	25189.88	27240.78
1586	13793.71	8449.59
1587	18076.45	3429.85
1588	11993.24	6977.87
1589	8515.08	7574.62
1590	9590.72	3390.53
1591	16488.4	610.25
1592	15588.56	21919.16
1593	17130.82	1001.9
1594	2301.85	26405.7
1595	16386.85	13218.97
1596	26204.65	16353.46
1597	1712.92	481.92
1598	1617.02	3912.76
1599	18569.05	5162.76
1600	19180.07	13109.9
1601	19036.38	9629.99
1602	17866.04	26743.69
1603	19842.06	17830.02
1604	1016.71	1140.24
1605	8618.5	17907.78
1606	15898.3	2490.83
1607	24063.04	7217.16
1608	17865.29	17629.08
1609	5589.78	1965.27
1610	24062.38	9125.3
1611	11423.42	11715.36
1612	6898.47	14730.04
1613	21641.98	2531.39
1614	27777.42	24073.43
1615	13134.36	12615.62
1616	17840.07	11664.09
1617	1619.09	2425.94
1618	19126.21	11393.07
1619	13193.66	11027.64
1620	12582.44	6095.48
1621	16757.78	25414.53
1622	10274.42	19759.01
1623	9172.36	8996.44
1624	4949.03	14280.53
1625	22856.49	24449.02
1626	10982.31	12541.15
1627	21937.32	13186.16
1628	26485.12	8072.46
1629	21120.92	4014.13
1630	16679.86	23963.05
1631	25926.92	14786.03
1632	8519.59	15555.77
1633	5426.05	6812.24
1634	18901.38	20805.0
1635	1237.72	19786.26
1636	5252.43	26100.79
1637	14938.42	23303.96
1638	26620.2	4676.65
1639	18445.47	21067.59
1640	17085.78	23061.52
1641	1905.16	24796.59
1642	16533.98	10280.33
1643	19802.17	19890.1
1644	20490.13	13918.07
1645	3414.54	24215.06
1646	18603.06	19616.21
1647	25651.09	16342.26
1648	12190.47	8406.28
1649	9448.66	22241.68
1650	13784.22	13946.63
1651	19898.4	25612.36
1652	25902.29	4109.3
1653	26803.9	20869.75
1654	24739.1	27139.96
1655	7991.5	10085.96
1656	21757.48	25180.95
1657	16484.29	3739.31
1658	12944.06	2036.68
1659	12599.3	13057.39
1660	13596.69	17821.45
1661	23769.15	27378.8
1662	27150.88	24246.21
1663	8450.0	6500.47
1664	11492.19	4379.06
1665	27644.67	15733.99
1666	25941.47	18756.26
1667	25185.04	3889.89
1668	25390.83	20318.13
1669	10586.07	18875.76
1670	14273.5	3378.19
1671	12511.33	16005.51
1672	25275.45	465.45
1673	21205.99	26832.14
1674	7206.09	17614.7
1675	4790.15	17850.11
1676	1712.83	12129.25
1677	5885.78	23739.64
1678	26903.47	20307.23
1679	26946.97	13583.04
1680	14878.62	22885.91
1681	7727.37	12858.79
1682	7053.99	26979.78
1683	15329.85	4777.84
1684	25014.44	25021.18
1685	9587.05	15787.78
1686	27198.91	22653.58
1687	594.96	13531.99
1688	20519.22	9019.5
1689	14178.14	27200.87
1690	23956.04	13057.12
1691	24308.84	11720.89
1692	14321.53	25167.98
1693	26040.79	11980.62
1694	6478.23	21290.24
1695	4440.03	15849.17
1696	6375.65	6945.79
1697	9713.62	17951.32
1698	3075.18	17866.52
1699	6680.61	9190.15
1700	26165.27	19507.91
1701	24702.65	21043.1
1702	7433.83	24385.85
1703	17682.94	18178.29
1704	6613.38	17720.16
1705	684.29	6073.0
1706	20918.93	7906.25
1707	22857.77	3864.32
1708	17857.55	12076.77
1709	17165.73	26366.92
1710	7032.55	19437.82
1711	26705.53	13178.68
1712	2997.12	20668.93
1713	11172.35	13760.42
1714	10932.3	12527.58
1715	5552.55	15499.24
1716	13358.24	26977.91
1717	22259.98	2947.61
1718	16457.18	5201.66
1719	15796.45	12471.69
1720	6262.3	13888.11
1721	2860.66	3806.43
1722	22045.75	2931.6
1723	27139.38	19883.27
1724	10611.03	19998.27
1725	13568.07	10449.07
1726	25652.47	16766.65
1727	19762.96	16730.73
1728	13611.6	3039.24
1729	10851.12	16321.87
1730	20455.33	6049.61
1731	22822.62	19483.8
1732	11662.4	11194.71
1733	26831.94	19509.62
1734	18157.56	16377.74
1735	11576.06	10335.37
1736	25704.78	3675.45
1737	8769.63	25507.79
1738	11917.01	17508.1
1739	22398.04	3806.85
1740	24132.79	20443.16
1741	27673.5	10956.98
1742	9748.27	4439.43
1743	3850.78	17431.4
1744	3293.45	22049.01
1745	14575.16	19412.4
1746	7403.59	25128.38
1747	21023.03	1749.83
1748	16977.81	10148.36
1749	20410.74	16486.31
1750	23249.68	23704.56
1751	5196.94	3179.73
1752	14136.49	6394.58
1753	3024.34	24806.0
1754	13890.0	7899.97
1755	9758.37	5765.21
1756	7638.36	27702.13
1757	20485.12	20758.03
1758	7512.25	20907.71
1759	11811.55	15363.02
1760	4533.21	3630.42
1761	20954.15	4263.55
1762	14620.32	17777.82
1763	2598.56	13732.92
1764	11478.48	24795.85
1765	11128.47	26867.65
1766	15278.79	22459.24
1767	12724.2	6318.58
1768	4937.89	27667.69
1769	25329.99	3247.87
1770	65.31	22072.21
1771	15632.82	24207.67
1772	27191.85	3378.99
1773	2900.76	26989.67
1774	18665.85	10506.11
1775	12118.96	19535.38
1776	1615.72	26429.6
1777	10195.56	23176.12
1778	5065.8	1369.16
1779	26706.87	14632.35
1780	25289.71	13142.8
1781	5626.87	15376.08
1782	5284.19	5249.69
1783	6751.41	7638.46
1784	22290.26	9762.63
1785	24123.74	1858.71
1786	2738.37	19811.87
1787	15218.79	4143.94
1788	22829.2	4483.71
1789	6572.2	9632.9
1790	22068.44	19285.08
1791	14451.57	12615.94
1792	4384.97	14405.36
1793	18070.31	22919.57
1794	26199.76	4390.46
1795	9473.47	8326.72
1796	3936.5	22658.29
1797	10024.11	10653.74
1798	19298.14	1106.12
1799	25887.75	9504.39
1800	24218.93	24696.79
1801	22504.05	8995.66
1802	24344.62	16038.41
1803	23443.43	17967.09
1804	27589.76	15901.73
1805	27226.92	21216.18
1806	19217.41	15120.59
1807	12268.01	9820.83
1808	11063.99	12911.89
1809	19701.71	12262.47
1810	6405.43	6216.2
1811	7458.18	26269.84
1812	9147.06	26228.37
1813	11189.22	6485.03
1814	19231.78	18448.73
1815	9641.45	23882.21
1816	27726.61	320.93
1817	18555.47	16330.85
1818	17498.33	5702.45
1819	6670.82	26548.47
1820	2827.91	4704.75
1821	12293.12	1544.32
1822	21411.88	22884.88
1823	10336.37	2615.25
1824	22706.27	23044.99
1825	13623.53	1879.51
1826	21905.88	13686.7
1827	7406.66	27625.95
1828	24368.06	4714.74
1829	12210.85	16846.42
1830	12363.08	16595.35
1831	6017.86	22778.4
1832	3954.42	5618.33
1833	15073.04	11951.18
1834	8164.91	5473.82
1835	6585.21	13142.02
1836	11982.51	14237.24
1837	87.06	26437.75
1838	968.18	8210.61
1839	4226.89	5387.42
1840	8099.73	3932.34
1841	14577.07	10505.06
1842	27268.87	6381.89
1843	22282.92	9115.82
1844	20096.14	22588.76
1845	13620.81	17768.64
1846	24012.55	13649.44
1847	10927.47	27844.33
1848	14464.29	2750.08
1849	2523.06	11348.42
1850	18240.61	4757.53
1851	13227.42	13358.06
1852	22229.0	13572.33
1853	9068.59	18027.73
1854	22089.33	9294.33
1855	20240.0	27939.65
1856	9955.71	20716.32
1857	21807.5	6561.38
1858	18985.72	168.47
1859	19442.53	25484.61
1860	14030.65	20197.62
1861	14565.3	7718.6
1862	9465.07	12846.09
1863	10404.01	26766.24
1864	18478.5	26297.78
1865	7831.0	23118.95
1866	23843.39	2132.66
1867	4394.5	25906.96
1868	25934.17	11005.73
1869	22616.25	23941.5
1870	20583.89	9934.38
1871	9268.82	6517.93
1872	17839.99	13326.86
1873	428.02	11010.3
1874	7449.21	20818.39
1875	3461.5	23726.79
1876	24524.65	27302.76
1877	20950.64	26483.14
1878	8660.73	4685.1
1879	27040.51	20484.85
1880	25317.28	18916.92
1881	19219.52	4960.47
1882	20786.12	3537.24
1883	24145.21	6771.12
1884	4309.17	26125.09
1885	270.84	322.46
1886	11104.12	11768.86
1887	24485.52	15672.48
1888	27082.68	9670.57
1889	1329.62	5132.22
1890	6746.82	9171.43
1891	4730.42	16876.07
1892	1622.73	19274.75
1893	13344.92	3740.92
1894	9014.6	14609.82
1895	7564.27	8791.24
1896	21221.85	20807.82
1897	27949.23	8201.65
1898	20554.52	7835.31
1899	11248.12	7797.97
1900	18167.4	7971.62
1901	25004.25	2667.98
1902	10437.41	16490.35
1903	21412.29	10811.04
1904	19726.69	23014.15
1905	26216.43	23005.33
1906	10149.36	15201.37
1907	546.49	7133.16
1908	11640.38	4008.27
1909	5866.95	2802.04
1910	24107.17	5815.18
1911	21031.91	16280.64
1912	11292.56	23376.22
1913	20211.93	4407.45
1914	20903.1	10003.46
1915	7343.76	25832.73
1916	2533.87	16936.42
1917	18681.36	4677.64
1918	8134.27	12095.43
1919	22427.49	27291.05
1920	24363.41	1009.75
1921	162.37	22987.52
1922	20307.05	23254.48
1923	16960.18	971.18
1924	20274.75	22733.07
1925	2531.73	2859.73
1926	19345.01	25653.77
1927	27271.44	19572.25
1928	22021.74	7694.16
1929	26090.16	11316.53
1930	27333.42	13996.36
1931	2979.11	24992.24
1932	16021.46	7195.49
1933	22688.12	7707.88
1934	7009.21	8854.5
1935	2710.45	6825.59
1936	21609.53	23938.48
1937	21225.64	12853.04
1938	17419.42	7469.5
1939	2690.48	19798.74
1940	13455.21	24146.9
1941	24657.34	359.6
1942	21092.73	9657.69
1943	8471.79	10841.47
1944	16679.29	7029.58
1945	16846.63	22403.78
1946	6345.08	9952.86
1947	13861.58	23275.08
1948	1794.94	23143.87
1949	22880.34	12949.4
1950	18848.0	22662.47
1951	17875.05	2575.89
1952	359.22	9191.99
1953	11595.66	24986.59
1954	13226.91	24641.3
1955	24164.75	14945.57
1956	20293.23	25156.65
1957	1204.81	9779.9
1958	1273.86	19466.69
1959	1399.6	16280.4
1960	27917.45	16438.13
1961	10190.44	13506.89
1962	10841.44	13691.98
1963	22703.77	20254.03
1964	19787.96	26184.95
1965	26580.77	20296.18
1966	20521.0	16959.47
1967	10832.13	18931.51
1968	7636.89	4668.61
1969	18332.24	307.07
1970	13576.78	12857.9
1971	11698.15	6899.59
1972	21270.09	11074.07
1973	1044.53	27488.1
1974	10549.38	15499.89
1975	22754.66	19757.46
1976	25994.62	4115.7
1977	25506.84	2755.53
1978	9087.83	11235.24
1979	25862.59	511.92
1980	4747.03	5919.0
1981	26781.07	5361.75
1982	8820.23	4315.73
1983	1501.57	22415.1
1984	7921.89	10811.03
1985	25787.47	23924.66
1986	7807.83	5107.64
1987	3216.42	1238.95
1988	21899.53	14515.56
1989	14090.28	21986.18
1990	1113.31	16789.17
1991	14658.83	7906.5
1992	21855.52	22973.25
1993	11999.48	24339.05
1994	9428.65	18372.39
1995	23012.69	6852.16
1996	1393.72	15470.63
1997	4066.5	12620.37
1998	19215.54	16944.19
1999	5964.24	27570.16
2000	4701.06	21971.49
2001	15261.26	14724.32
2002	20012.07	20268.16
2003	19580.97	10412.54
2004	25060.37	16602.82
2005	18049.56	25643.49
2006	7697.06	10513.79
2007	7493.66	14219.24
2008	3243.54	2697.38
2009	18403.27	5878.38
2010	24864.15	3144.62
2011	5330.7	10568.4
2012	5809.62	16422.06
2013	26951.33	4454.42
2014	26258.58	1717.12
2015	15687.88	5212.18
2016	26745.48	726.77
2017	13370.19	10811.32
2018	14922.93	24896.2
2019	13459.65	5841.79
2020	12408.87	21043.36
2021	6700.55	24611.78
2022	18481.14	16906.75
2023	18961.16	2594.57
2024	5706.27	6268.59
2025	10323.21	8622.55
2026	19865.78	7257.09
2027	22354.71	5242.79
2028	13441.95	9071.78
2029	27022.97	2974.06
2030	22444.98	14296.28
2031	25395.78	11033.93
2032	9685.31	6132.21
2033	4783.86	21246.36
2034	6591.65	19400.97
2035	10217.13	24990.83
2036	26135.02	27986.3
2037	25284.02	27859.93
2038	21523.97	26966.77
2039	8426.3	20793.22
2040	18013.87	2270.48
2041	24358.18	20301.01
2042	19946.18	18368.87
2043	24.97	10954.21
2044	24269.96	18350.8
2045	13591.05	25947.35
2046	25404.5	25634.69
2047	24971.39	13930.39
2048	26504.55	20425.36
2049	13049.55	605.2
2050	457.22	12146.02
2051	5086.66	16786.92
2052	5973.13	8847.02
2053	27827.12	23508.8
2054	18381.09	2709.67
2055	11415.31	11826.56
2056	2745.12	17520.64
2057	21576.31	21485.24
2058	18316.99	1911.73
2059	27585.1	14272.37
2060	22035.93	12874.24
2061	26481.24	11318.97
2062	23226.44	25423.82
2063	12434.99	11278.9
2064	6868.83	416.3
2065	17498.05	2041.42
2066	9300.6	3984.02
2067	13072.59	24565.97
2068	8792.71	20268.2
2069	14642.09	7088.19
2070	13416.25	19949.77
2071	326.09	9223.18
2072	26966.36	20734.02
2073	1591.24	6945.09
2074	4892.06	8931.95
2075	22499.45	2233.01
2076	21031.34	5664.92
2077	20144.27	3970.22
2078	16225.94	25734.37
2079	13735.36	5933.09
2080	10816.64	8826.76
2081	27671.74	5068.33
2082	5136.01	20514.47
2083	14497.27	3074.93
2084	20066.38	18885.2
2085	3662.86	12154.06
2086	9019.28	27365.83
2087	1749.93	6864.01
2088	15026.96	22907.75
2089	23977.71	21702.85
2090	19957.71	24501.03
2091	25965.74	26234.34
2092	26867.24	8192.27
2093	17558.34	18847.45
2094	12012.34	1338.73
2095	4334.65	14494.81
2096	3809.81	4105.19
2097	3763.03	24451.04
2098	24172.71	24753.94
2099	1120.13	12304.99
2100	15650.67	3189.6
2101	2429.24	912.62
2102	1686.54	18049.47
2103	5731.74	14140.82
2104	4697.07	19228.45
2105	767.38	22118.17
2106	15881.85	2795.29
2107	15136.35	14904.1
2108	3882.9	15233.08
2109	24364.67	21113.17
2110	10807.18	5625.6
2111	11424.96	22735.49
2112	11929.08	18126.0
2113	1251.88	19907.48
2114	26995.64	27068.59
2115	5600.24	12934.0
2116	2500.37	3530.1
2117	4926.68	21828.39
2118	11240.52	27193.06
2119	4634.57	16742.78
2120	11389.71	26280.6
2121	10528.27	8090.38
2122	12466.63	1673.53
2123	6427.65	16844.58
2124	124.23	12043.52
2125	13398.93	14023.77
2126	26607.09	7849.04
2127	368.24	1298.27
2128	8122.49	9011.55
2129	9532.35	16338.77
2130	8815.34	16674.96
2131	22241.76	3809.3
2132	19381.11	8338.64
2133	17268.58	17404.96
2134	248.52	7556.47
2135	22222.27	26926.84
2136	7540.61	8785.4
2137	14478.08	24063.77
2138	10205.77	4020.95
2139	2792.08	15224.04
2140	336.1	11791.01
2141	25170.54	17952.94
2142	27893.82	1858.25
2143	7656.55	4390.09
2144	21486.7	12576.64
2145	8413.34	20218.68
2146	18599.21	21825.4
2147	16183.21	27431.52
2148	21053.79	13851.87
2149	7247.2	22220.93
2150	25528.16	25650.78
2151	14171.5	8279.67
2152	15444.04	3061.38
2153	5111.86	19533.33
2154	24227.61	10940.81
2155	13537.39	11454.93
2156	20608.1	27855.17
2157	4043.34	26597.8
2158	25194.15	19464.36
2159	12987.78	1544.4
2160	10239.05	13216.09
2161	5577.36	1801.66
2162	19739.41	10209.08
2163	5567.39	26738.65
2164	24038.32	9216.58
2165	17686.25	19141.17
2166	13372.55	8756.99
2167	15282.63	2974.21
2168	24703.87	18617.34
2169	496.97	18694.19
2170	12119.08	1101.29
2171	14499.5	15659.39
2172	10195.18	19870.42
2173	13032.45	15598.39
2174	4469.29	11747.61
2175	20792.24	20756.43
2176	26710.71	24041.67
2177	14819.41	23972.53
2178	17702.05	26417.56
2179	8179.87	6628.59
2180	15153.02	21460.99
2181	4467.31	5490.77
2182	22238.58	22486.3
2183	15534.19	9123.42
2184	23976.03	20333.38
2185	19292.9	12883.72
2186	12485.57	27595.42
2187	4766.24	25668.47
2188	1452.13	4798.62
2189	5516.03	18832.44
2190	11623.99	6711.66
2191	17947.34	27944.54
2192	16152.49	26857.2
2193	10795.37	24268.68
2194	7934.72	3250.58
2195	25235.4	12555.44
2196	21023.37	314.06
2197	5378.33	3800.9
2198	17098.47	19938.73
2199	19214.74	10108.94
2200	16024.94	21368.02
2201	2329.95	15443.25
2202	3375.94	14316.34
2203	9542.76	5819.18
2204	9746.43	18195.92
2205	13851.73	18042.91
2206	3420.55	21831.64
2207	2293.27	17187.63
2208	4780.12	3647.51
2209	26586.76	6537.5
2210	14449.18	20589.67
2211	15889.31	12328.0
2212	18490.62	11381.51
2213	6980.49	2084.61
2214	23651.38	17707.57
2215	1642.74	6096.38
2216	10104.65	10816.39
2217	26875.2	5693.91
2218	15143.51	11229.06
2219	16544.77	3796.34
2220	23555.74	27310.99
2221	19626.48	21440.24
2222	27554.28	10957.43
2223	3781.77	6808.78
2224	14348.56	6481.85
2225	11603.31	2030.62
2226	25855.31	14883.29
2227	7903.87	6930.22
2228	139.81	9450.99
2229	704.91	24523.95
2230	2570.58	6193.75
2231	229.61	8035.39
2232	5599.67	27210.06
2233	11065.83	15288.99
2234	20769.44	1857.65
2235	24572.08	11310.69
2236	17483.59	8827.5
2237	22718.42	3734.09
2238	26941.68	4698.4
2239	5575.52	27347.72
2240	3467.5	27563.32
2241	15267.9	26429.07
2242	19428.98	18919.63
2243	7634.35	6959.98
2244	24734.06	8924.98
2245	17360.34	14133.71
2246	3400.45	4327.67
2247	15487.98	10897.67
2248	6710.31	11462.5
2249	224.51	23051.38
2250	5676.77	9348.27
2251	23849.22	8409.01
2252	4250.99	7502.48
2253	13081.28	19674.76
2254	13198.78	20221.12
2255	235.74	6158.62
2256	24603.5	11859.33
2257	22519.24	6062.66
2258	6559.36	9119.39
2259	21119.72	5921.24
2260	19687.73	6321.79
2261	21538.25	1817.96
2262	5292.55	9040.56
2263	19255.18	5913.64
2264	11973.2	631.54
2265	23278.05	3922.35
2266	5478.6	17057.26
2267	5199.47	17445.56
2268	22719.68	9298.93
2269	18938.03	15787.73
2270	18614.84	13883.19
2271	13890.63	12395.08
2272	286.2	4270.4
2273	26469.75	9870.4
2274	14379.46	7417.28
2275	5822.59	27470.85
2276	13810.8	7055.15
2277	16892.62	24918.37
2278	6024.01	18919.95
2279	10470.69	12857.0
2280	2128.12	10141.87
2281	8126.86	1448.63
2282	23364.35	24726.15
2283	25953.88	6258.8
2284	19596.35	24503.5
2285	20830.35	1206.98
2286	8000.39	16447.52
2287	4512.37	8744.22
2288	1376.69	10695.89
2289	3367.9	13116.14
2290	19639.71	554.64
2291	18310.23	5167.12
2292	16509.35	18917.34
2293	4294.73	13981.17
2294	6464.18	1509.97
2295	20261.9	21808.15
2296	3090.64	23758.89
2297	5194.68	27530.95
2298	13905.03	4540.57
2299	13583.74	26597.44
2300	2997.16	26482.05
2301	16334.91	3689.89
2302	6169.99	9551.5
2303	13742.32	11096.32
2304	1130.15	9193.79
2305	19077.44	870.58
2306	7978.46	26549.56
2307	8219.07	22106.03
2308	15283.89	13094.69
2309	21953.6	22264.13
2310	4143.07	23489.72
2311	20099.88	20850.76
2312	21333.69	11301.79
2313	5760.72	16257.45
2314	25063.17	24432.3
2315	6612.7	908.03
2316	13800.72	6580.67
2317	24985.52	22635.72
2318	23488.77	18349.24
2319	18180.89	23595.05
2320	20371.87	14600.38
2321	14343.73	3186.01
2322	27350.94	16807.5
2323	18485.0	3710.31
2324	18608.15	22352.95
2325	22293.9	20591.5
2326	23938.48	16239.95
2327	11414.88	24959.09
2328	3562.99	741.33
2329	12450.35	14325.75
2330	4334.42	17690.21
2331	12954.31	17999.74
2332	26709.37	14004.83
2333	27694.13	4001.2
2334	4426.13	4208.67
2335	11122.69	23203.05
2336	21284.54	20032.48
2337	343.03	27766.41
2338	14040.6	23126.58
2339	12739.3	19385.12
2340	13531.88	2813.36
2341	4250.66	22245.94
2342	14113.51	5919.99
2343	15242.02	21744.27
2344	22915.98	2686.15
2345	18057.43	15406.12
2346	18820.09	10238.73
2347	13828.46	19707.86
2348	16307.16	21243.65
2349	27739.43	16337.07
2350	20730.29	1532.12
2351	11189.08	11904.11
2352	1379.25	949.88
2353	982.27	20345.24
2354	9766.95	5308.02
2355	11165.45	5346.53
2356	18991.65	24138.96
2357	22274.52	1693.92
2358	27859.14	14065.95
2359	24206.97	9530.3
2360	15453.81	14882.27
2361	1493.07	27464.04
2362	21605.44	1707.83
2363	2724.52	15011.26
2364	13074.45	23577.64
2365	10442.52	3590.88
2366	5832.13	16398.99
2367	23059.34	17470.85
2368	15201.91	10455.19
2369	12333.85	7532.34
2370	27402.67	25960.66
2371	15874.46	24434.07
2372	1031.04	18395.49
2373	18693.48	18705.64
2374	3657.91	8564.07
2375	26538.69	19975.79
2376	23125.15	23009.9
2377	13519.44	12395.19
2378	1789.36	6032.56
2379	8874.93	13615.65
2380	23617.95	8318.13
2381	24055.38	20054.93
2382	7738.6	13710.57
2383	8659.23	22622.73
2384	27857.63	27717.57
2385	26908.67	14264.64
2386	19078.25	23117.9
2387	1493.05	21329.14
2388	20084.29	17500.4
2389	20485.52	27356.34
2390	6212.26	26972.67
2391	14468.64	18162.95
2392	6903.39	24370.56
2393	5898.69	19171.12
2394	753.01	12869.51
2395	12515.6	27802.53
2396	5488.72	7075.9
2397	23086.77	11750.58
2398	11824.72	27192.03
2399	18173.43	9522.8
2400	23087.84	6901.63
2401	14691.12	17765.39
2402	27704.31	8845.42
2403	2741.15	5656.53
2404	2133.4	5020.93
2405	6305.17	15851.77
2406	23706.55	12858.52
2407	18400.64	21517.91
2408	19435.92	20492.45
2409	17027.19	23154.21
2410	11791.4	20916.65
2411	6031.58	7310.88
2412	5490.72	10510.7
2413	13613.3	24671.62
2414	24686.1	6587.19
2415	27434.43	22066.64
2416	11620.13	16314.52
2417	12463.9	13616.9
2418	705.77	19219.92
2419	20375.94	23700.39
2420	13037.36	23723.35
2421	20307.58	24570.72
2422	3221.44	193.04
2423	8562.67	20848.95
2424	21885.88	23580.25
2425	3166.84	1173.24
2426	26193.68	3361.05
2427	21772.49	24792.63
2428	2542.27	17182.67
2429	638.16	13961.2
2430	27101.39	27306.97
2431	24861.82	2968.06
2432	21641.99	24105.29
2433	26121.13	10996.49
2434	13366.72	18748.86
2435	9752.87	15118.02
2436	23790.71	25306.76
2437	9664.17	2547.38
2438	11447.91	8642.41
2439	2350.05	14032.93
2440	12220.47	8264.04
2441	19502.79	26505.21
2442	14351.4	23941.34
2443	16774.16	10062.04
2444	22775.73	4514.04
2445	26457.45	23861.86
2446	25414.9	4409.17
2447	17547.23	14300.9
2448	741.18	21987.07
2449	772.41	16784.25
2450	10360.0	3387.33
2451	26587.68	4891.3
2452	4780.46	2648.9
2453	2542.33	12483.46
2454	8878.91	16658.2
2455	8406.3	10970.11
2456	1237.76	6558.64
2457	7360.71	27037.24
2458	24948.2	1970.04
2459	7922.68	16254.88
2460	13852.31	20135.81
2461	13902.44	17465.71
2462	18347.06	39.58
2463	13105.69	9962.4
2464	5020.0	7706.25
2465	12568.82	11352.81
2466	26635.26	27085.68
2467	20458.43	20676.21
2468	26181.57	1321.56
2469	7863.58	23412.12
2470	20591.11	13943.93
2471	23632.37	10872.19
2472	3924.21	3420.43
2473	1014.01	4953.6
2474	10645.51	24068.66
2475	23680.85	20719.93
2476	14059.7	2727.71
2477	5482.76	19395.91
2478	14298.17	14553.13
2479	23944.08	9174.37
2480	552.69	16028.74
2481	21127.32	25210.28
2482	3058.1	15700.56
2483	3926.33	1264.98
2484	13323.42	10514.51
2485	8100.89	25216.87
2486	20350.73	18409.68
2487	3323.03	12887.92
2488	5011.05	4414.91
2489	2931.86	9361.87
2490	19549.82	7334.89
2491	23587.23	16207.82
2492	9330.55	21945.52
2493	19283.96	7926.77
2494	23292.72	11489.87
2495	6731.55	20287.62
2496	22765.15	2716.23
2497	4457.87	27286.28
2498	552.87	11922.21
2499	12497.86	22909.69
2500	12332.18	7386.47
2501	22264.9	1653.45
2502	24424.53	3881.95
2503	12805.06	23085.39
2504	25365.88	13590.48
2505	1456.16	21562.43
2506	9882.17	17694.77
2507	21853.88	13711.44
2508	26209.2	8854.15
2509	9614.35	16541.77
2510	18098.38	11745.92
2511	10803.55	7596.26
2512	7180.34	16928.2
2513	17089.2	10079.91
2514	6221.52	18303.67
2515	12267.09	4676.32
2516	24290.8	11787.72
2517	15847.53	12188.75
2518	4376.15	15701.86
2519	14228.67	17579.62
2520	22916.52	19108.82
2521	24675.75	12394.75
2522	19862.33	15916.74
2523	1115.91	20480.09
2524	8133.07	10856.99
2525	760.5	18864.23
2526	9734.55	13763.8
2527	20164.34	9055.65
2528	9185.27	24391.22
2529	24181.21	3679.95
2530	27349.64	16494.47
2531	15179.53	21598.46
2532	17465.23	15903.33
2533	13868.78	22513.77
2534	5003.14	23551.75
2535	20534.62	27418.99
2536	8209.17	9584.02
2537	13152.3	6647.27
2538	2698.44	21608.66
2539	14596.46	4436.9
2540	24300.96	4401.11
2541	3507.54	14294.66
2542	18262.31	22175.83
2543	8417.49	17966.19
2544	2275.22	7579.21
2545	17806.41	15541.16
2546	21553.43	22543.88
2547	4095.6	17329.34
2548	26625.61	15741.67
2549	2808.65	20464.25
2550	1441.82	8843.87
2551	17342.42	12590.47
2552	3077.13	2059.94
2553	18288.81	12371.27
2554	13930.69	11143.22
2555	7602.56	20616.92
2556	27975.25	7508.89
2557	6227.93	7721.88
2558	8184.84	12113.91
2559	11144.7	13884.66
2560	25375.38	19350.39
2561	27291.02	2186.39
2562	21370.89	7721.23
2563	2516.01	2614.57
2564	21677.84	14548.72
2565	20978.06	15951.43
2566	25111.39	27074.26
2567	22359.18	19959.98
2568	12864.02	23249.39
2569	4687.22	26676.94
2570	7646.93	27651.91
2571	14861.94	21642.51
2572	14614.71	16702.04
2573	27793.07	7124.97
2574	5431.23	23359.89
2575	24850.45	12923.99
2576	23020.65	14203.24
2577	17361.37	13618.36
2578	2479.92	22929.95
2579	19291.14	21744.26
2580	19571.68	20155.95
2581	13230.06	25892.37
2582	8369.93	27419.32
2583	20422.37	3807.82
2584	3585.47	18886.82
2585	12977.9	3964.81
2586	22192.61	3989.1
2587	11320.33	11260.04
2588	9801.35	4453.95
2589	17130.83	14771.73
2590	20252.21	1452.86
2591	21919.96	11622.71
2592	20616.54	21374.83
2593	6279.36	14364.19
2594	6225.06	3223.66
2595	2147.02	10748.78
2596	14686.18	23410.15
2597	22364.0	20383.39
2598	2953.8	19398.33
2599	671.16	4771.8
2600	14843.55	10310.39
2601	1222.85	16731.09
2602	24406.37	10231.4
2603	25662.29	996.32
2604	12488.19	19107.36
2605	2151.44	18777.2
2606	12613.17	24324.6
2607	6064.21	14219.64
2608	13295.11	8761.86
2609	3842.53	2382.25
2610	12820.38	22353.84
2611	21617.18	25679.54
2612	5583.2	24389.08
2613	19474.31	24154.12
2614	17501.95	2233.7
2615	27941.06	13970.91
2616	7392.51	4417.37
2617	6171.41	25047.33
2618	13277.9	27071.97
2619	962.4	5023.7
2620	990.95	5736.62
2621	9958.29	6383.21
2622	5277.95	14888.2
2623	21066.06	12433.29
2624	23918.86	25298.32
2625	18144.62	8072.4
2626	22883.62	15268.1
2627	12477.27	26703.83
2628	26264.31	7820.2
2629	8603.97	22599.28
2630	22266.65	10763.05
2631	2378.42	16237.49
2632	5221.88	21039.27
2633	14680.54	10213.75
2634	24626.79	6177.5
2635	6825.22	4674.71
2636	2974.99	9161.25
2637	4792.7	20685.68
2638	538.45	7386.35
2639	4074.57	4658.99
2640	9776.05	205.06
2641	4360.73	23210.25
2642	16153.52	12611.45
2643	11262.34	16875.83
2644	2967.38	26493.4
2645	15697.03	19687.07
2646	23453.95	27390.46
2647	16557.81	25450.01
2648	21715.88	10067.46
2649	11047.86	101.99
2650	3982.1	19805.58
2651	24902.63	2819.43
2652	16522.83	23639.79
2653	23078.6	10316.96
2654	26744.26	26191.66
2655	20434.63	12453.41
2656	1987.92	8831.88
2657	15175.94	16696.11
2658	13739.15	18053.89
2659	4453.34	24313.24
2660	2752.98	24646.76
2661	13888.95	6234.58
2662	23593.15	27180.72
2663	4016.33	2137.82
2664	13747.72	19958.73
2665	22423.24	19820.97
2666	18396.63	4222.98
2667	11607.01	1027.2
2668	19859.48	8984.48
2669	23342.95	7124.33
2670	8120.17	22780.49
2671	18243.03	8901.64
2672	24178.99	2931.06
2673	13902.2	15809.46
2674	5576.69	2212.68
2675	16486.81	5288.82
2676	6186.18	26390.5
2677	9387.14	8826.12
2678	6652.67	8884.92
2679	27070.05	7442.9
2680	6710.26	6037.64
2681	23822.66	12635.65
2682	7440.3	17539.15
2683	610.64	18604.32
2684	1556.65	21783.19
2685	24479.02	11965.62
2686	12026.96	13039.58
2687	10326.12	10981.76
2688	2004.58	15799.35
2689	10044.38	16359.12
2690	24558.53	25652.39
2691	13449.61	3596.54
2692	11988.47	1383.95
2693	16544.91	24506.81
2694	23477.92	20064.17
2695	25186.06	23269.82
2696	300.23	24035.15
2697	15253.63	19343.03
2698	2117.13	24829.23
2699	15756.21	1663.94
2700	18103.59	6373.7
2701	4846.89	19480.36
2702	11899.91	14476.33
2703	16428.89	17261.13
2704	22813.83	5726.4
2705	14790.11	27667.43
2706	23819.52	19687.42
2707	22986.58	9320.41
2708	2852.62	21033.68
2709	12490.42	13198.92
2710	10353.67	14155.1
2711	7631.29	11135.52
2712	9112.05	9954.07
2713	8355.37	9603.18
2714	2580.96	8988.07
2715	20811.39	2772.18
2716	13541.13	15459.44
2717	22583.08	6174.52
2718	6840.77	6749.37
2719	5658.41	11232.32
2720	10313.88	4778.93
2721	10748.58	14945.92
2722	4364.81	11559.18
2723	20343.86	21491.5
2724	25923.05	26600.43
2725	24103.51	13110.47
2726	17394.94	5431.98
2727	5823.37	23933.21
2728	18378.5	25072.23
2729	208.29	16806.46
2730	19024.66	13672.12
2731	3804.28	3856.93
2732	4401.82	9376.13
2733	14019.13	10547.0
2734	17964.94	25948.01
2735	555.51	12293.58
2736	12096.45	4387.81
2737	19152.03	24510.81
2738	4345.31	2858.33
2739	11126.01	1740.13
2740	11603.96	11895.52
2741	27202.09	18562.83
2742	23337.22	2798.79
2743	995.77	7360.29
2744	9988.95	5314.33
2745	19444.63	11242.53
2746	10092.4	10195.75
2747	23335.28	6794.08
2748	20989.57	14207.67
2749	8528.31	16905.73
2750	15715.69	27216.07
2751	9390.8	739.28
2752	20304.12	3387.1
2753	4805.24	1519.34
2754	11553.52	15275.71
2755	2947.09	9299.98
2756	23181.35	27669.01
2757	27852.35	3784.42
2758	1802.29	5820.63
2759	22807.34	18007.0
2760	10340.2	20034.98
2761	20667.13	14170.49
2762	9333.57	19291.34
2763	10866.06	15917.48
2764	5953.07	10922.93
2765	17793.27	2605.64
2766	6509.49	6353.85
2767	26793.83	2509.57
2768	25695.52	27205.7
2769	17763.0	27932.48
2770	25448.63	5233.3
2771	13862.79	22550.62
2772	10593.88	5369.16
2773	2833.99	19493.94
2774	492.37	10920.5
2775	23285.45	22041.33
2776	17089.19	12605.82
2777	20175.58	22026.65
2778	3763.0	8715.13
2779	18704.88	16164.57
2780	21989.18	22338.44
2781	1125.13	954.88
2782	579.79	13411.5
2783	2348.52	27926.58
2784	16327.76	7834.61
2785	24500.99	26214.15
2786	6590.54	24381.08
2787	21453.15	25029.42
2788	27108.85	10849.17
2789	24684.42	18211.89
2790	6942.24	13263.37
2791	1391.97	18232.16
2792	21483.42	27187.55
2793	21955.69	26240.68
2794	19672.83	14085.1
2795	21910.81	1414.49
2796	10863.81	21636.5
2797	1987.23	26685.09
2798	16033.24	20060.97
2799	22875.98	18084.96
2800	78.63	6135.47
