1	16448.28	16423.48
2	19280.96	10392.07
3	16814.8	7787.99
4	13379.59	23566.86
5	8671.87	22436.42
6	15946.83	6627.27
7	9169.31	5212.26
8	19549.47	22702.12
9	13609.78	5351.12
10	3969.44	13170.15
11	17185.99	17675.11
12	1309.65	5998.07
13	13457.43	5315.69
14	11443.99	13609.35
15	10763.62	3977.55
16	17794.25	6760.13
17	16451.37	1915.19
18	1662.13	19400.46
19	2168.13	8272.19
20	13454.94	16941.69
21	22842.76	7294.61
22	8422.9	14823.97
23	2722.95	16228.64
24	4766.27	13063.34
25	20842.91	11848.85
26	23868.86	14406.72
27	18560.53	19943.06
28	4144.62	14347.31
29	10912.22	4922.22
30	18747.45	1938.94
31	19153.73	20390.35
32	19357.97	8652.55
33	19385.7	2459.13
34	7957.61	17566.54
35	10701.48	16440.24
36	15878.57	22249.02
37	8192.29	5698.18
38	18146.8	18648.62
39	9975.12	7532.38
40	4411.09	6364.45
41	10394.59	7509.71
42	9182.83	9789.5
43	14014.71	3042.98
44	6441.05	8543.06
45	13002.26	20560.71
46	3626.09	38.99
47	8731.96	4019.33
48	2429.22	11678.98
49	20943.63	13446.16
50	3608.35	7335.88
51	19839.29	4801.28
52	17205.53	23467.59
53	12426.08	23050.07
54	14196.7	8483.55
55	16366.25	7242.18
56	11360.57	3619.59
57	22068.94	18587.3
58	2997.99	7316.64
59	3458.98	21944.16
60	11773.29	11107.78
61	10906.64	8185.69
62	21756.42	916.3
63	21837.05	20409.89
64	7056.0	21030.95
65	10285.23	16606.74
66	19654.99	21802.93
67	18334.66	15886.18
68	16568.52	15923.05
69	20691.55	10027.1
70	23186.16	2365.83
71	22122.97	7473.94
72	2875.57	5810.65
73	15877.5	15672.67
74	14966.15	118.4
75	4904.87	3846.28
76	5509.66	9961.4
77	2122.23	6161.39
78	22425.0	12339.0
79	5527.05	16211.25
80	22647.82	22287.06
81	14380.3	1253.87
82	8989.86	8117.85
83	6102.1	4458.69
84	6187.65	16532.09
85	8398.27	12121.58
86	18066.73	2148.72
87	3913.21	2778.99
88	20407.44	19535.22
89	15572.94	13422.1
90	22930.12	14422.75
91	13321.85	11790.2
92	23836.04	5815.05
93	8161.8	13197.09
94	11531.82	21469.53
95	19903.08	3772.68
96	641.3	18103.2
97	20110.48	18430.17
98	736.98	7999.54
99	17061.83	7635.72
100	778.47	16396.57
101	5880.61	18369.41
102	21950.95	11402.97
103	22750.28	6347.27
104	16482.28	12216.85
105	10204.81	5349.38
106	547.66	8103.82
107	10430.2	1592.09
108	6812.14	9245.66
109	3264.4	21624.38
110	405.34	22362.55
111	23475.25	11202.53
112	9069.87	17675.49
113	8224.64	4468.27
114	10027.1	23920.34
115	4376.0	19108.75
116	6829.65	3236.79
117	8530.86	8079.43
118	16625.92	6365.39
119	17096.8	3628.09
120	5535.4	23406.33
121	23123.67	5722.42
122	18182.96	5107.36
123	82.57	23741.82
124	20770.41	6260.54
125	22104.07	20336.23
126	2514.2	11616.63
127	11593.49	17243.59
128	16772.69	5341.26
129	23262.18	12020.53
130	15180.96	5965.41
131	12920.87	2779.66
132	2517.08	805.32
133	12856.73	18967.62
134	21701.2	15713.62
135	20086.93	4117.85
136	9889.49	21443.0
137	12146.18	2716.38
138	15690.74	10626.44
139	983.27	7737.07
140	20078.44	22164.59
141	18750.55	19909.54
142	4764.17	12077.82
143	23456.94	14494.32
144	7830.15	4512.8
145	7502.24	23914.4
146	14860.86	5736.9
147	15978.58	4596.23
148	13932.89	14720.93
149	12522.04	8788.55
150	9626.67	12155.8
151	5409.38	21328.62
152	14791.13	148.3
153	21344.3	2802.69
154	18530.34	963.45
155	8920.36	12014.91
156	12921.68	14926.6
157	23463.19	17822.23
158	1296.85	15106.5
159	2738.18	9698.03
160	19311.9	10511.39
161	10732.97	10919.06
162	23442.33	11571.14
163	3275.67	15413.85
164	19203.07	1552.4
165	12640.13	11643.63
166	23798.57	646.53
167	21633.52	15877.36
168	8286.84	21207.83
169	1801.91	3875.16
170	17300.63	4854.35
171	2666.17	19943.08
172	856.56	9804.96
173	20170.67	22063.8
174	13921.53	16451.09
175	446.09	7787.36
176	22023.11	288.86
177	4847.43	18407.3
178	17971.2	11057.77
179	4239.7	23339.9
180	9777.97	14905.01
181	17965.89	18352.79
182	18627.8	12131.39
183	2311.63	9295.34
184	20450.66	20629.19
185	192.26	8210.99
186	22426.36	21342.08
187	18665.28	7217.62
188	1948.88	18684.99
189	14567.05	11666.35
190	3667.92	5066.76
191	14072.4	6600.9
192	14360.92	1406.8
193	7890.12	5222.45
194	8120.9	13247.25
195	10782.26	13585.25
196	12808.14	7144.74
197	473.98	3618.77
198	15201.16	22900.41
199	5708.89	9415.01
200	21878.0	18661.88
201	21766.59	21436.46
202	22973.55	23250.86
203	405.53	9938.75
204	3486.9	23956.1
205	5732.34	5827.65
206	13701.47	18164.31
207	17031.33	3229.62
208	21126.04	11264.19
209	360.98	17449.96
210	9887.77	17765.52
211	14712.41	22594.29
212	1198.13	21416.25
213	7675.01	14194.84
214	18472.75	5913.06
215	21501.13	10478.83
216	8754.97	11518.87
217	12478.26	18034.57
218	9999.0	12043.16
219	10072.77	9801.82
220	8579.87	10647.06
221	5797.07	17917.3
222	21198.86	1303.37
223	7519.26	5178.58
224	1548.56	2211.65
225	7543.27	6359.82
226	15076.15	23115.5
227	11476.48	16254.13
228	9722.52	19851.78
229	13350.31	23536.1
230	16351.38	9687.47
231	9583.67	9197.59
232	15615.22	22469.41
233	16711.91	20846.3
234	4917.79	22469.98
235	5093.77	5043.36
236	10501.82	22357.79
237	19797.27	2223.7
238	5343.22	4929.66
239	19773.21	16256.88
240	17096.04	13257.8
241	9903.67	4753.08
242	15119.72	2067.88
243	3405.77	14118.77
244	22061.23	3913.49
245	12146.28	1477.13
246	13511.29	15566.93
247	16248.31	3275.3
248	21101.13	21042.83
249	19581.15	14686.84
250	15776.51	16109.18
251	4455.94	19770.31
252	15556.2	16874.96
253	21759.61	11523.05
254	4357.03	21004.79
255	22096.99	6799.78
256	19605.24	19074.34
257	9390.35	981.68
258	440.91	7145.6
259	2123.27	5918.99
260	18423.89	4600.68
261	10052.65	15226.34
262	14109.9	8015.09
263	16409.63	20897.36
264	21589.59	10815.04
265	21373.82	4991.88
266	5908.69	19825.19
267	2189.82	12115.09
268	2059.71	12079.16
269	10937.47	17245.6
270	13489.7	7707.64
271	8403.08	14867.84
272	21221.33	11398.4
273	13950.9	3768.75
274	8029.27	15555.62
275	7708.62	21785.94
276	23306.6	22994.47
277	14116.83	18452.66
278	21202.51	5454.52
279	13292.04	18612.61
280	5615.05	1269.95
281	12649.69	6804.24
282	10098.53	20040.06
283	10672.15	15224.29
284	19202.35	9159.36
285	9083.86	14299.03
286	14258.0	18273.84
287	3706.14	22404.39
288	12513.57	23439.53
289	23083.82	5777.16
290	14762.81	14633.91
291	4964.56	9918.76
292	11760.61	17080.41
293	7336.01	8505.97
294	13794.19	4139.53
295	5267.52	15814.29
296	23565.35	8637.16
297	889.09	3541.35
298	7857.44	22288.02
299	15781.72	16224.05
300	23773.62	10888.48
301	18307.76	5602.3
302	16310.42	3080.55
303	20232.58	15913.18
304	17624.0	12447.45
305	4686.94	20422.05
306	1116.77	5988.09
307	7237.76	3673.85
308	16015.57	8889.85
309	13560.56	5878.39
310	10882.23	7554.75
311	22863.33	9039.89
312	23810.58	6762.27
313	19161.63	16383.67
314	14041.21	13429.7
315	7559.55	14470.45
316	20177.4	9200.63
317	3658.02	2846.73
318	12111.61	17079.94
319	16371.15	19611.15
320	19166.98	8746.95
321	19298.34	15753.36
322	9837.87	9776.82
323	20730.82	18026.55
324	23679.74	21781.56
325	10217.0	523.48
326	21104.58	11574.4
327	17788.02	10304.04
328	21695.28	10547.0
329	13896.31	23096.9
330	23700.59	5384.98
331	19755.89	15610.23
332	15967.27	3633.88
333	9697.65	8827.52
334	13475.76	16688.44
335	21851.53	20475.14
336	17209.02	6826.5
337	9921.67	12813.61
338	1011.4	3918.01
339	17082.19	23797.74
340	9081.33	3605.52
341	5919.74	15528.57
342	19630.57	17812.22
343	10594.0	6295.5
344	21947.54	9515.21
345	16442.2	3566.12
346	9413.22	20167.47
347	1873.03	22406.09
348	5551.75	334.02
349	21675.37	13119.41
350	11888.15	13067.5
351	19752.86	3711.38
352	8797.65	9287.01
353	17536.09	5021.96
354	23588.47	15623.69
355	14878.27	18503.14
356	9350.51	12884.25
357	9178.83	7186.91
358	8768.08	11316.79
359	16073.68	15856.92
360	14628.61	3974.35
361	12578.6	5436.76
362	4069.53	23802.84
363	4293.66	8882.95
364	14030.13	633.66
365	15339.55	22978.52
366	3747.21	11885.2
367	2419.46	960.89
368	4800.88	21027.44
369	11973.79	13219.68
370	8251.62	7925.43
371	20223.61	9397.44
372	11662.7	11218.24
373	5530.26	13263.18
374	3466.85	19872.46
375	23934.11	1098.39
376	11953.36	5386.87
377	23129.22	1190.81
378	8776.08	19611.95
379	3806.06	7879.29
380	20587.55	15820.77
381	20822.12	11587.66
382	19109.23	11376.61
383	21226.05	2634.81
384	7911.13	16055.75
385	6215.04	8692.61
386	14732.2	14456.69
387	17593.23	8492.17
388	9719.47	8123.09
389	2001.85	23038.34
390	9638.24	8224.58
391	6188.3	18092.79
392	9144.26	7908.02
393	8454.33	21495.93
394	6368.72	12782.49
395	20407.6	17896.81
396	11489.96	13364.18
397	3689.77	16981.9
398	15008.83	972.09
399	5704.28	6583.87
400	19133.03	16817.72
401	8025.59	2540.5
402	19296.67	1429.35
403	8462.59	20000.58
404	16859.37	7391.34
405	13771.37	7405.08
406	5503.37	18548.46
407	19745.25	845.68
408	5663.02	21911.44
409	15507.43	5672.18
410	8716.44	2986.32
411	20041.52	596.06
412	7295.75	21946.95
413	7211.22	4741.11
414	22494.23	11384.53
415	3044.56	19521.04
416	18670.8	5405.61
417	22211.42	23336.97
418	14226.59	20678.56
419	12782.64	12399.65
420	6632.94	14724.34
421	20268.53	18352.15
422	5588.42	15790.38
423	15291.26	1070.79
424	23975.63	10356.28
425	14915.14	11956.11
426	1593.88	15143.82
427	2150.71	14680.24
428	4119.24	21394.57
429	10222.74	5691.6
430	6796.16	11210.16
431	533.16	22973.74
432	15322.86	15227.5
433	5264.94	18098.89
434	10727.49	8469.78
435	19978.88	20452.22
436	18371.13	5246.82
437	12703.34	6627.35
438	12540.27	3361.99
439	3374.57	14730.72
440	11924.14	16173.92
441	7611.8	1963.08
442	1282.55	4264.82
443	10666.66	8678.49
444	14268.96	10688.12
445	19744.7	1055.8
446	20478.67	11847.05
447	4457.47	20780.42
448	16993.84	8046.77
449	16562.73	17328.77
450	16907.31	16462.85
451	22052.89	19428.41
452	17088.89	5036.8
453	10210.78	8949.62
454	18479.16	9413.19
455	3050.43	12292.54
456	15686.67	12040.48
457	9408.52	10784.33
458	6015.99	3651.43
459	17712.43	21151.11
460	12470.72	11368.28
461	14519.82	23800.6
462	21926.83	10883.32
463	5690.43	23004.36
464	14375.52	10247.99
465	16822.59	1124.96
466	12480.44	9059.14
467	13341.56	626.98
468	5596.41	7212.02
469	3086.01	20640.42
470	3451.29	8444.68
471	22576.11	3677.73
472	18450.34	7922.39
473	4379.24	4117.04
474	15821.92	11499.84
475	8669.62	260.12
476	4983.77	5190.75
477	15802.34	10042.47
478	19872.31	17455.74
479	4608.65	8058.25
480	19492.15	11785.94
481	12991.94	1294.59
482	9319.95	21755.48
483	20817.01	19424.48
484	20047.27	6939.82
485	20349.95	20096.79
486	5125.95	11658.22
487	22456.1	12038.34
488	23472.44	19463.72
489	17935.7	16268.1
490	8346.16	7911.72
491	21449.88	17960.17
492	6031.33	12014.29
493	5408.22	6931.64
494	15503.33	6311.39
495	11498.16	14707.26
496	600.41	20475.41
497	3726.7	14512.93
498	13428.91	1514.35
499	22104.85	5583.02
500	11415.06	1428.63
501	6369.41	6224.86
502	86.51	14303.07
503	10892.17	8408.13
504	5828.64	15232.41
505	23008.8	7011.49
506	3539.84	746.43
507	22084.54	12399.39
508	11651.08	18386.93
509	11687.45	6857.56
510	817.11	3076.2
511	10684.4	5924.11
512	20443.62	11018.77
513	18369.48	11753.34
514	4344.57	14157.09
515	14649.08	10922.17
516	3371.94	5916.5
517	1526.28	11554.86
518	9704.27	20438.04
519	20833.18	9090.92
520	22344.55	12231.09
521	6356.04	19697.35
522	21104.15	11279.66
523	10502.31	7225.76
524	14200.12	18451.18
525	2136.97	11969.19
526	9170.41	9637.76
527	1601.61	7676.52
528	13073.84	21927.8
529	6333.25	11695.45
530	5805.42	23198.25
531	13712.28	13036.54
532	1150.62	8610.4
533	12215.2	20117.55
534	18464.59	8173.98
535	21613.16	14506.1
536	19721.37	8590.7
537	23413.48	3558.51
538	15926.6	11548.24
539	14953.97	1393.53
540	20369.72	4566.49
541	22665.11	8415.45
542	13760.46	11474.91
543	5304.35	735.34
544	20170.11	4715.86
545	23883.6	894.56
546	7645.55	6544.31
547	10558.02	10885.35
548	2810.19	9474.25
549	23810.64	9821.16
550	22339.25	8464.45
551	20136.55	1212.56
552	7099.83	10894.54
553	22955.66	22772.3
554	18051.82	11865.2
555	23913.72	9008.73
556	12189.35	9412.03
557	18831.25	15980.84
558	20494.51	587.11
559	5948.66	4758.53
560	13482.88	10019.05
561	18152.15	21477.99
562	9791.08	16729.2
563	17300.06	15745.48
564	1204.72	7941.06
565	10105.14	32.73
566	2774.4	8951.45
567	6362.64	1606.59
568	702.23	4678.11
569	12060.14	5700.26
570	13210.07	19760.59
571	6186.66	19450.7
572	14298.97	15421.47
573	1626.89	6883.78
574	1739.71	1330.91
575	233.08	19977.44
576	1316.96	10058.47
577	9340.99	19365.47
578	5214.98	23710.26
579	8101.58	905.42
580	10426.58	14970.94
581	2458.39	8012.63
582	9038.57	20038.61
583	13704.61	5711.3
584	14933.9	8225.66
585	6393.08	18179.37
586	15445.95	19913.44
587	15856.08	2227.52
588	10832.02	5583.35
589	23875.28	573.49
590	11824.64	6694.07
591	9096.02	23677.68
592	1574.16	8711.47
593	12042.32	2561.81
594	13667.25	20032.51
595	5129.3	6580.31
596	20404.15	13795.33
597	14955.06	23519.04
598	2811.85	1818.12
599	15727.8	1042.61
600	14401.33	19522.99
601	17474.39	1467.7
602	16931.95	11364.31
603	16109.81	898.06
604	10662.52	11242.12
605	194.2	11024.62
606	416.59	682.45
607	376.04	4047.14
608	8720.01	2076.52
609	23947.31	7068.14
610	17669.1	19292.15
611	21857.56	22370.09
612	23822.28	19920.78
613	12962.75	9254.59
614	1955.42	20487.32
615	16245.97	7649.28
616	15105.41	9439.38
617	4348.28	195.02
618	16917.06	3354.94
619	13418.19	14305.29
620	19499.76	16286.28
621	21235.9	9702.38
622	23972.24	16987.59
623	837.59	8991.33
624	23230.85	8412.03
625	23334.4	8760.49
626	12406.61	5274.26
627	17252.56	17486.28
628	16231.34	21235.86
629	20550.02	18719.39
630	5077.55	14881.45
631	1092.1	22626.96
632	23499.14	10404.6
633	18971.79	8904.26
634	20202.48	12243.64
635	8349.4	5921.79
636	2511.5	7905.71
637	9637.22	20317.56
638	1919.1	10884.28
639	1917.03	17278.25
640	9964.03	22610.28
641	5437.21	22966.12
642	17373.02	4319.51
643	6484.53	23305.51
644	14338.27	6997.29
645	541.91	10225.95
646	23847.46	54.7
647	18931.45	16119.37
648	18748.34	160.37
649	17568.87	14442.94
650	21152.66	18902.45
651	8178.85	992.57
652	10685.91	14686.59
653	15859.35	6245.8
654	20855.75	16262.7
655	1352.43	2919.33
656	13293.44	22659.27
657	5881.04	3117.37
658	5800.79	22828.69
659	3226.22	18909.34
660	1939.0	1918.09
661	13147.31	8683.1
662	2524.3	21889.08
663	3803.55	16447.16
664	14688.68	11914.04
665	20193.56	9465.15
666	9127.83	20258.1
667	16588.13	11481.23
668	11782.9	22925.27
669	10955.96	9801.88
670	7418.3	11556.4
671	2911.71	20601.52
672	11460.61	17606.32
673	17019.92	5697.75
674	7140.64	22340.16
675	12462.47	4307.38
676	10612.0	7431.41
677	1490.2	7651.04
678	419.78	288.65
679	7311.45	281.68
680	13241.19	8125.67
681	9377.35	16116.34
682	1226.47	23201.75
683	11773.53	17285.95
684	2448.51	23379.83
685	2813.57	20443.92
686	22915.49	15589.28
687	9749.02	10803.41
688	5702.47	17997.73
689	10863.12	6163.47
690	5053.51	7514.67
691	4066.03	1057.53
692	641.49	1698.12
693	18187.53	736.35
694	16824.53	13409.09
695	7211.56	20123.27
696	13655.33	10748.81
697	3558.94	19448.24
698	11264.32	22490.32
699	3186.04	15343.01
700	5327.78	22057.28
701	8628.51	11313.44
702	3162.73	3940.37
703	12694.55	3478.0
704	4120.91	16642.49
705	1539.98	22541.92
706	6438.87	6229.54
707	13909.13	6770.47
708	5138.49	23260.81
709	2148.04	20574.63
710	19867.59	12334.95
711	13324.99	11563.43
712	23699.85	23646.4
713	14989.73	8593.69
714	15830.81	19274.27
715	18886.41	20333.98
716	22430.86	5434.15
717	23139.84	10425.64
718	9859.66	14057.59
719	6420.08	19906.09
720	17402.58	3942.44
721	14283.32	2426.73
722	19836.31	15010.84
723	10646.6	13333.18
724	5482.68	5117.34
725	3155.99	19091.79
726	2502.57	22196.01
727	18365.61	13604.83
728	12604.1	7748.22
729	10905.05	6589.5
730	9727.03	4224.11
731	18240.29	23657.58
732	3491.18	4047.32
733	13157.36	19704.51
734	5350.4	23990.87
735	16793.15	1470.51
736	20299.03	9136.74
737	5274.42	15329.22
738	9499.4	16861.64
739	20452.55	3816.01
740	10972.13	9806.76
741	9067.39	10071.4
742	3142.71	765.7
743	4167.22	12111.81
744	15791.68	6826.22
745	10997.51	18659.5
746	8476.18	753.89
747	21109.14	23338.61
748	17465.97	13376.89
749	6484.65	11350.39
750	13938.23	12759.03
751	5885.64	15233.65
752	21599.32	18704.79
753	9459.2	5990.02
754	21524.11	14171.11
755	9083.21	10890.35
756	4526.55	19849.7
757	14708.77	10108.17
758	6535.99	14504.91
759	4915.71	19762.76
760	15645.87	575.61
761	2234.1	20467.31
762	17374.76	13214.69
763	19410.4	2990.7
764	15226.59	16256.84
765	1960.61	405.29
766	8713.52	4160.58
767	9266.92	22542.4
768	3210.17	13061.56
769	15949.72	16947.68
770	14716.76	14465.51
771	8159.94	15155.6
772	11973.54	15170.88
773	4940.25	4326.49
774	10898.52	16528.86
775	15272.13	5370.49
776	17645.24	4570.83
777	23386.35	23103.3
778	22451.34	20698.1
779	15602.06	18314.05
780	19786.84	11471.35
781	20203.11	8414.96
782	14123.68	21892.69
783	18335.02	10748.93
784	15445.85	700.53
785	4934.25	12851.57
786	2866.18	20226.33
787	9974.34	23604.09
788	16852.33	18788.74
789	5360.27	20617.57
790	13223.03	20397.98
791	20103.45	16871.83
792	13591.23	12069.39
793	13771.5	3453.53
794	11702.64	13738.62
795	17316.46	1022.49
796	19583.9	4564.44
797	17527.26	22994.24
798	652.72	3709.27
799	20721.95	4176.0
800	3293.91	2264.3
801	4360.53	14653.23
802	12337.87	14735.55
803	18541.54	21471.88
804	18036.78	6889.29
805	16747.09	14505.34
806	19408.75	22453.86
807	10723.23	10507.64
808	4221.31	18971.97
809	17877.74	20187.14
810	8679.24	13715.17
811	3559.38	14256.2
812	5344.56	6146.18
813	21647.58	23893.03
814	10185.65	15279.87
815	16582.05	10300.04
816	1382.53	10021.24
817	4027.11	15200.6
818	22107.49	10855.28
819	20044.19	17743.45
820	23778.55	5441.76
821	20905.51	13237.55
822	20736.61	3021.67
823	14212.53	7496.81
824	18227.16	16277.63
825	322.2	5734.26
826	18828.83	7818.96
827	12170.6	7789.31
828	1951.42	15425.59
829	20083.38	20122.6
830	7293.42	6391.21
831	6566.18	22588.93
832	5968.92	3804.3
833	17845.0	14993.7
834	23217.39	7878.16
835	171.81	16588.29
836	22676.21	6102.68
837	1950.75	16646.42
838	17166.32	21487.87
839	19126.77	10507.03
840	17568.7	17328.61
841	375.31	8160.09
842	13635.1	11779.3
843	8258.23	10673.03
844	16991.96	20867.97
845	5814.58	21273.96
846	21607.12	12434.26
847	1056.5	9951.53
848	18674.13	14376.22
849	15358.36	20797.61
850	12606.63	2991.32
851	13856.09	21545.4
852	7355.58	17981.52
853	4476.87	17525.14
854	16708.04	17096.35
855	12905.96	3138.02
856	13973.99	21146.06
857	5200.53	15728.9
858	21267.47	14857.69
859	3367.74	5988.48
860	22740.87	10682.1
861	174.87	19203.08
862	1417.75	2071.91
863	14574.99	402.24
864	6928.54	16765.02
865	19008.26	1275.89
866	10409.46	11408.7
867	5245.8	19117.62
868	19491.84	15587.14
869	11459.5	12195.18
870	3363.6	20962.07
871	20696.25	3339.79
872	3250.18	3148.01
873	18488.89	12373.91
874	20587.1	4483.23
875	1417.67	22089.81
876	13788.57	6163.14
877	3262.27	10998.33
878	5866.14	18372.97
879	20462.5	8244.87
880	21175.71	19330.68
881	9202.66	2459.41
882	13271.47	21745.89
883	3454.4	17740.87
884	6068.58	6366.64
885	18041.71	13633.01
886	21611.72	5359.48
887	4406.67	14570.91
888	2006.76	15541.62
889	2842.96	20001.3
890	7399.59	1912.94
891	10655.7	17995.01
892	11265.74	9905.83
893	2536.51	13748.47
894	16627.85	6968.65
895	19553.98	18086.85
896	8355.58	3314.51
897	14384.46	7845.27
898	1709.67	4335.1
899	21546.33	17169.61
900	2910.89	4609.81
901	2235.63	17074.32
902	8766.62	17552.58
903	12924.2	7994.57
904	1499.89	11933.01
905	2994.24	13124.71
906	21404.99	12441.09
907	6737.59	2363.18
908	20021.78	8755.1
909	9761.29	13225.43
910	22156.48	1335.78
911	23328.59	3068.41
912	7918.57	1371.94
913	17486.55	19752.35
914	17541.95	9827.04
915	19517.06	14221.43
916	13406.97	11753.94
917	8832.04	23725.04
918	9884.45	6042.32
919	6857.45	8120.49
920	21745.82	12680.92
921	16832.55	9939.2
922	6478.15	11178.46
923	14477.93	13334.97
924	11658.39	8213.96
925	4412.39	21723.99
926	9712.77	9289.7
927	8566.86	7060.11
928	22824.36	18601.57
929	15615.45	13499.68
930	12664.57	17551.5
931	8823.3	4162.17
932	18235.07	13443.16
933	14550.4	6722.73
934	18334.87	5368.66
935	9177.43	14532.34
936	2837.33	12566.12
937	3521.13	10020.36
938	5872.07	10281.17
939	22626.89	1449.71
940	14878.37	18844.34
941	22240.32	2946.24
942	3114.47	5359.33
943	19550.68	5443.55
944	5512.6	22389.92
945	7598.51	9093.0
946	2170.09	13086.52
947	20616.29	12808.42
948	15129.63	5960.97
949	20091.25	15172.81
950	2857.59	18105.33
951	8145.44	16163.31
952	17569.33	8468.01
953	23630.88	23892.43
954	1938.04	2625.52
955	4420.84	10779.41
956	21975.33	21208.52
957	4689.77	12042.48
958	1674.83	771.87
959	14564.74	12644.39
960	22534.68	20585.35
961	18254.8	17832.74
962	428.05	1294.39
963	15316.71	18315.31
964	5463.88	5202.22
965	23802.41	22615.73
966	16125.98	13354.83
967	18074.16	886.82
968	672.52	7396.88
969	12080.55	16104.26
970	241.7	2252.84
971	18261.83	13778.73
972	7225.32	13260.31
973	2841.88	22766.1
974	3205.6	15149.19
975	6587.36	7259.85
976	20771.72	12071.87
977	16720.7	15295.63
978	21183.11	9515.32
979	16769.18	440.19
980	6107.57	23215.07
981	14253.04	11090.55
982	514.77	20615.55
983	7875.52	21267.16
984	11316.24	11708.24
985	7046.56	2007.02
986	575.14	3306.38
987	15104.84	20498.26
988	7636.69	12315.48
989	1741.75	18176.01
990	9358.87	6062.11
991	10588.92	15241.2
992	484.13	19869.92
993	23894.45	23362.81
994	19737.9	15710.82
995	16605.28	7109.34
996	277.67	2787.81
997	16571.22	20707.19
998	12245.9	9057.37
999	7596.08	14054.0
1000	19928.48	200.5
1001	21148.9	15290.25
1002	15246.58	1551.06
1003	11742.01	5627.69
1004	6617.3	6357.94
1005	20664.63	21363.99
1006	15635.25	19190.49
1007	16504.25	18664.87
1008	13218.31	14050.42
1009	23995.23	16105.04
1010	15481.27	10648.64
1011	7107.0	20234.08
1012	12466.88	19740.75
1013	4928.94	4967.13
1014	20266.23	2145.36
1015	2486.48	15346.85
1016	13931.12	17533.68
1017	9976.49	20670.68
1018	18728.51	10691.15
1019	2020.28	10159.39
1020	18229.44	3364.41
1021	7334.92	16213.79
1022	20300.68	19162.37
1023	18107.43	2483.31
1024	15300.46	5970.49
1025	9274.55	3156.12
1026	14111.81	6907.1
1027	13575.89	18222.16
1028	21917.98	16360.61
1029	21747.27	9185.94
1030	4737.2	3545.84
1031	9054.12	8685.0
1032	11271.32	691.0
1033	6610.7	804.99
1034	4813.38	4972.74
1035	17112.47	9721.31
1036	960.98	14605.73
1037	10892.39	18981.01
1038	6610.33	3828.69
1039	10911.77	5849.41
1040	23697.33	8294.08
1041	15444.53	12844.5
1042	15571.22	17588.0
1043	10187.5	15832.46
1044	5587.25	8812.32
1045	7857.35	14787.93
1046	14881.05	18876.14
1047	11854.26	23739.32
1048	4684.28	10778.68
1049	6822.09	10767.61
1050	17419.35	10201.29
1051	2036.01	13868.99
1052	2134.77	12016.36
1053	11663.64	1203.93
1054	2780.95	7442.13
1055	2736.87	1118.33
1056	19083.18	17079.75
1057	11001.64	3274.0
1058	14168.47	2100.04
1059	5287.3	217.24
1060	18258.25	16334.66
1061	18909.12	1383.03
1062	22125.37	11548.41
1063	11049.75	4440.22
1064	4055.53	4538.19
1065	18983.13	2765.73
1066	1988.23	13964.13
1067	20595.14	12594.04
1068	12914.68	15764.28
1069	3880.77	11605.72
1070	8988.6	4113.35
1071	4462.65	18638.68
1072	21206.93	1103.04
1073	6349.94	18881.04
1074	1623.81	16309.55
1075	4117.84	8378.25
1076	21604.08	12714.74
1077	19699.38	19562.06
1078	17853.45	22584.21
1079	2129.82	2563.04
1080	20125.48	16871.94
1081	9166.58	11199.67
1082	15958.69	2261.61
1083	21633.61	15135.85
1084	5511.09	10582.92
1085	16469.25	9109.32
1086	20981.19	8485.67
1087	9337.26	13854.81
1088	10558.44	21522.14
1089	4060.96	15692.44
1090	23582.52	13815.98
1091	22075.19	20482.8
1092	20677.65	13435.76
1093	19958.58	12942.64
1094	3489.9	10676.13
1095	9212.91	9385.28
1096	7511.12	1975.5
1097	12969.06	12103.57
1098	6201.97	10129.07
1099	152.97	16810.16
1100	22608.83	5646.76
1101	12744.19	21235.16
1102	21884.85	11886.0
1103	13853.79	4075.33
1104	195.26	22284.9
1105	7515.48	23139.21
1106	10142.15	16486.13
1107	10995.81	19847.86
1108	21651.51	21057.55
1109	11679.06	1581.7
1110	19492.4	13730.1
1111	14532.74	18365.29
1112	7088.14	13878.23
1113	319.16	5177.17
1114	19379.95	18580.39
1115	22420.55	5810.02
1116	4905.75	684.96
1117	16891.18	6395.47
1118	7250.74	20862.71
1119	20782.33	5215.44
1120	13075.62	14813.45
1121	21681.34	22370.26
1122	23310.14	3784.91
1123	10156.82	19607.38
1124	3093.37	15465.66
1125	8936.08	14182.77
1126	10882.68	5903.59
1127	1655.43	2227.16
1128	15993.01	11489.8
1129	4667.68	10772.25
1130	13469.77	9038.37
1131	22965.56	23419.13
1132	14177.92	22762.05
1133	2139.24	4005.36
1134	1170.17	5178.08
1135	11886.6	6350.68
1136	14226.7	16583.1
1137	10267.11	23597.99
1138	20448.19	5525.9
1139	4720.62	15304.1
1140	7765.73	4527.04
1141	18805.04	14879.8
1142	7518.09	19912.85
1143	2725.97	15446.6
1144	23428.95	16382.72
1145	9128.82	3546.38
1146	5896.96	18989.43
1147	1235.58	23794.57
1148	18901.67	22316.44
1149	11060.07	9174.34
1150	7605.43	16149.68
1151	18141.82	3319.45
1152	20793.38	18671.55
1153	9609.16	8552.33
1154	21400.97	21209.58
1155	19956.65	19096.38
1156	3427.38	11241.91
1157	12823.91	14810.14
1158	15339.86	17018.44
1159	3757.93	14420.92
1160	1072.33	5419.25
1161	15246.28	14369.07
1162	10098.14	636.1
1163	19161.81	16057.04
1164	7346.85	919.75
1165	8097.39	2417.13
1166	23953.15	15888.76
1167	23551.9	7780.72
1168	6069.67	7307.79
1169	15072.73	4979.99
1170	20376.03	2000.64
1171	4340.51	8511.57
1172	18294.64	393.69
1173	17313.26	11632.94
1174	2665.92	3506.71
1175	20773.37	11168.13
1176	17484.25	5469.05
1177	17653.93	22961.72
1178	21072.97	20059.93
1179	22262.98	5835.93
1180	7366.91	1799.87
1181	10187.89	16015.68
1182	23261.56	3669.39
1183	18771.06	4911.33
1184	18055.83	14124.51
1185	17976.26	14868.23
1186	3206.91	21831.1
1187	20603.88	15137.69
1188	17629.59	23772.72
1189	3597.42	9064.72
1190	10004.58	21866.59
1191	4008.47	10408.86
1192	8124.7	5079.3
1193	3573.1	9974.99
1194	22947.6	5988.44
1195	22558.71	8885.41
1196	3496.53	23111.95
1197	4202.17	19728.36
1198	4158.52	15754.81
1199	6083.33	1114.74
1200	4383.56	6834.25
1201	16571.92	9434.98
1202	6446.1	9177.0
1203	4720.87	18897.21
1204	16531.62	14532.69
1205	12985.77	2049.97
1206	13581.02	20602.26
1207	22171.38	18128.93
1208	12054.17	6131.93
1209	4023.67	15867.57
1210	19273.53	4679.89
1211	20706.07	12511.71
1212	3843.41	15772.56
1213	21556.62	8870.58
1214	18984.78	16842.64
1215	11441.36	16446.48
1216	9467.75	939.14
1217	4295.35	3206.26
1218	2375.4	4286.49
1219	1.67	23950.7
1220	5876.47	5497.39
1221	1630.36	22287.41
1222	18815.39	16203.42
1223	4605.07	7913.22
1224	14364.35	2004.88
1225	6275.42	20846.62
1226	1445.04	12008.16
1227	19461.79	3277.43
1228	11783.44	11166.48
1229	127.64	6858.55
1230	5792.65	5140.75
1231	9628.15	5421.67
1232	15042.57	290.9
1233	104.1	15691.44
1234	20764.47	17352.68
1235	13520.26	9573.94
1236	17997.65	4721.7
1237	18303.68	2586.36
1238	14893.93	23216.4
1239	21810.57	17306.59
1240	6594.83	5833.1
1241	12906.14	10021.1
1242	5839.16	1357.33
1243	23668.06	8206.67
1244	23567.77	22456.75
1245	13450.67	4701.74
1246	16171.29	11269.66
1247	22738.71	11752.11
1248	4915.08	3515.96
1249	13569.74	13296.41
1250	22422.65	6959.1
1251	3439.68	9272.59
1252	4570.98	10155.66
1253	6446.55	10032.94
1254	14470.94	23614.01
1255	19526.0	22984.39
1256	22112.08	13936.54
1257	22130.61	11701.26
1258	13998.13	23581.22
1259	6012.25	3747.33
1260	14770.81	6905.81
1261	16942.44	14031.42
1262	22702.19	2949.09
1263	16859.57	22816.3
1264	434.41	8272.32
1265	14298.37	10486.25
1266	15251.65	2723.05
1267	1135.81	15990.97
1268	3158.45	6414.58
1269	6562.77	17422.21
1270	2690.46	5965.95
1271	4505.97	10691.27
1272	3825.1	928.34
1273	5188.74	12350.22
1274	17051.4	17161.23
1275	23230.24	6175.42
1276	19493.32	15280.89
1277	4262.95	3215.25
1278	11901.73	18076.23
1279	50.57	4346.69
1280	8407.85	14204.95
1281	5342.01	7187.24
1282	2582.74	3606.78
1283	18180.74	8405.57
1284	11629.72	2483.59
1285	10132.02	1539.22
1286	16938.3	14951.52
1287	6455.81	14174.84
1288	36.49	10630.9
1289	22163.97	6930.33
1290	3744.32	3208.26
1291	5031.81	3168.92
1292	18374.14	2413.32
1293	11992.89	23726.55
1294	21413.37	22065.1
1295	4651.0	17989.67
1296	16323.77	11056.78
1297	23906.61	11500.0
1298	4674.38	8605.61
1299	11386.79	22237.68
1300	16180.11	6181.77
1301	23163.2	15558.56
1302	14204.43	22617.46
1303	12783.89	9913.35
1304	4441.37	20078.96
1305	5605.72	13143.06
1306	17988.38	12993.51
1307	19925.55	5440.23
1308	4790.8	10607.31
1309	11587.7	15805.55
1310	9430.18	13039.76
1311	10544.76	2448.37
1312	7155.59	17672.4
1313	8836.65	7232.89
1314	22794.14	10599.8
1315	4140.68	8949.38
1316	23000.55	6521.57
1317	4466.9	1762.48
1318	16071.64	21124.84
1319	10908.12	10782.56
1320	18079.2	2057.34
1321	2874.66	4317.0
1322	11576.39	19906.98
1323	10752.98	13348.61
1324	22827.18	6656.69
1325	21373.3	7609.97
1326	2959.15	6463.01
1327	13309.85	10392.51
1328	23424.37	18359.66
1329	10849.71	15985.38
1330	14209.3	11226.28
1331	4364.77	12188.67
1332	19119.63	10676.24
1333	6651.9	13189.51
1334	16408.92	1354.82
1335	7165.8	9673.98
1336	18091.65	13916.65
1337	17589.9	10633.53
1338	18918.74	21158.15
1339	20483.73	6877.96
1340	2966.28	12105.64
1341	22352.56	5151.43
1342	3477.21	9079.27
1343	8766.44	15764.24
1344	5954.84	19312.06
1345	23283.38	13673.84
1346	7442.49	13888.16
1347	152.91	20879.18
1348	9906.82	18453.94
1349	14564.52	3959.77
1350	20879.47	12412.11
1351	5355.08	19566.47
1352	23900.69	6178.12
1353	23620.35	5267.42
1354	6789.61	11959.43
1355	5045.89	12920.45
1356	13254.79	4053.86
1357	9406.48	9359.18
1358	4954.78	3003.21
1359	18975.89	23712.54
1360	1622.5	15783.52
1361	2068.19	13531.47
1362	4315.24	23944.98
1363	21238.99	5150.34
1364	17551.11	17463.82
1365	19959.73	13265.1
1366	14962.02	6220.06
1367	17678.39	13145.08
1368	17514.62	2737.36
1369	14839.06	4958.13
1370	2459.48	151.85
1371	23365.44	12651.05
1372	14110.74	19392.15
1373	22952.19	20059.53
1374	4473.63	14154.28
1375	15576.8	16936.48
1376	10270.22	17180.01
1377	12902.8	13719.76
1378	3049.34	12023.16
1379	6212.16	5660.18
1380	18435.66	13804.16
1381	11979.49	6564.09
1382	17566.89	19084.45
1383	12881.39	16710.89
1384	17077.93	4669.25
1385	17490.19	12952.16
1386	22240.29	14327.44
1387	16211.79	7961.36
1388	4197.42	2571.93
1389	19633.48	2643.68
1390	1952.15	3816.38
1391	14586.73	111.56
1392	20095.9	9023.35
1393	4138.66	1109.42
1394	5122.83	20297.47
1395	6025.01	9174.52
1396	10477.15	111.51
1397	12802.47	7574.36
1398	20334.58	51.23
1399	3790.48	17956.7
1400	3568.26	2716.74
1401	15457.75	10462.65
1402	9915.33	22028.59
1403	9526.6	12276.72
1404	19275.24	10128.83
1405	21658.45	2313.67
1406	13298.34	14914.21
1407	21778.13	16603.48
1408	22605.64	13639.83
1409	16048.37	19314.54
1410	5780.23	21790.84
1411	3570.37	19786.23
1412	11950.26	10663.34
1413	19050.41	11922.02
1414	9600.96	7814.59
1415	6967.54	6991.83
1416	7341.69	19589.52
1417	504.8	3055.01
1418	4432.18	23121.91
1419	19704.04	19649.41
1420	11701.88	14147.4
1421	1349.9	9154.06
1422	12851.84	3384.88
1423	1258.67	19011.71
1424	6732.89	22843.66
1425	4607.63	19505.22
1426	4713.08	1990.82
1427	12589.85	6068.8
1428	3568.16	17346.76
1429	17642.55	11948.31
1430	21000.69	17817.54
1431	2540.48	7452.09
1432	21805.44	19081.97
1433	6771.05	15012.5
1434	21566.01	2112.88
1435	22388.68	22109.48
1436	11573.82	11359.07
1437	21010.52	20043.62
1438	3144.37	691.48
1439	21110.53	13836.44
1440	17900.81	2543.86
1441	11378.42	8639.27
1442	18780.37	14422.23
1443	9574.85	16276.71
1444	16458.45	1797.44
1445	20803.81	4990.29
1446	13534.1	7852.53
1447	20070.95	16345.13
1448	6754.85	13769.76
1449	11362.64	12656.8
1450	19000.6	12611.3
1451	8714.95	7852.91
1452	22860.7	20344.99
1453	4293.59	12572.13
1454	17613.37	11468.82
1455	12213.63	21863.43
1456	22413.01	6837.79
1457	12442.29	13926.19
1458	20975.59	18111.77
1459	11348.53	9381.89
1460	20810.41	3301.36
1461	1422.32	18327.16
1462	11907.69	9362.7
1463	9393.29	6270.84
1464	14828.57	15335.3
1465	5486.32	5660.17
1466	1084.04	14991.85
1467	10034.4	2886.49
1468	18481.95	7645.89
1469	9729.49	19709.44
1470	8199.89	20972.41
1471	23827.93	10405.46
1472	6670.88	22646.71
1473	13842.18	7711.92
1474	16971.35	7704.43
1475	4742.65	19534.68
1476	18251.12	21009.75
1477	3585.54	22853.68
1478	4929.21	14086.95
1479	10183.85	23452.15
1480	10597.51	9158.55
1481	18841.23	7649.83
1482	22069.47	120.6
1483	9338.5	22480.49
1484	10799.82	2400.42
1485	4177.8	4450.87
1486	7894.31	13140.42
1487	12290.51	15180.32
1488	20735.83	21642.64
1489	19257.51	16414.03
1490	15186.61	4329.59
1491	8602.69	5347.85
1492	23746.04	764.09
1493	9918.01	6565.54
1494	1026.63	6491.86
1495	1263.14	12921.44
1496	9189.86	4127.1
1497	20244.59	13108.12
1498	17029.78	17746.55
1499	66.61	18395.01
1500	7820.81	1642.67
1501	10207.44	11368.25
1502	11595.95	12812.67
1503	18275.47	14023.21
1504	15359.84	9228.77
1505	8653.32	17518.67
1506	11559.05	9360.23
1507	4633.81	1467.88
1508	20637.81	753.46
1509	17759.59	9075.36
1510	21683.54	8061.64
1511	6151.64	7519.83
1512	13269.23	2484.87
1513	23810.74	9370.71
1514	16369.74	22202.68
1515	364.65	13501.9
1516	12614.63	1841.5
1517	5899.33	14058.8
1518	20358.52	10798.89
1519	4008.12	5793.7
1520	19468.49	14241.95
1521	19222.69	6617.35
1522	12938.99	2786.52
1523	12075.12	2121.4
1524	4561.96	5034.68
1525	7892.85	3630.75
1526	5543.2	9326.06
1527	21414.69	9772.2
1528	6282.8	6256.62
1529	8476.58	8422.04
1530	18456.46	1532.96
1531	20306.73	5503.79
1532	4758.23	9081.97
1533	14050.39	21027.38
1534	2393.86	10390.85
1535	19187.86	23843.21
1536	20792.79	17637.59
1537	3890.6	12058.22
1538	17251.71	17355.9
1539	8449.93	19581.71
1540	11071.74	9385.1
1541	23583.68	7676.53
1542	21778.68	1112.68
1543	23015.42	544.8
1544	21205.7	4701.46
1545	20237.2	10293.67
1546	12562.83	1251.11
1547	21827.36	6876.14
1548	1985.73	16091.28
1549	23298.48	9720.89
1550	13346.49	2940.65
1551	6490.59	18940.62
1552	6091.57	6838.24
1553	13942.57	2313.07
1554	4561.8	7322.07
1555	15638.74	19211.33
1556	15812.39	22521.57
1557	9622.61	17683.5
1558	3827.67	10061.04
1559	18468.61	19416.71
1560	4238.1	14847.66
1561	15422.65	15159.37
1562	17287.21	1374.11
1563	12334.67	6146.59
1564	22943.9	1901.8
1565	560.43	15930.79
1566	3849.48	22583.65
1567	6291.02	14271.72
1568	12845.01	16028.2
1569	9771.53	15928.54
1570	1163.68	23100.56
1571	6771.28	13800.06
1572	19331.86	14899.68
1573	3766.4	21035.99
1574	10725.89	11124.0
1575	11458.29	12619.01
1576	6921.31	4913.34
1577	9292.06	22937.59
1578	6866.41	8341.91
1579	2250.97	17280.63
1580	10891.45	11568.04
1581	9857.89	22334.98
1582	4731.5	10718.72
1583	6387.08	7874.57
1584	130.32	670.32
1585	15288.43	11667.25
1586	9765.57	3620.56
1587	10882.13	9959.78
1588	14975.98	17190.26
1589	19022.96	13342.35
1590	22588.07	14061.38
1591	2327.94	16104.62
1592	6481.89	12681.11
1593	18810.82	15950.55
1594	9144.11	12296.99
1595	8865.83	11790.71
1596	10967.94	6866.98
1597	16847.6	23887.83
1598	295.36	4576.15
1599	1468.14	10081.07
1600	7030.54	17048.46
1601	1656.73	12122.87
1602	5744.48	21396.41
1603	19923.98	2946.04
1604	7248.03	9712.51
1605	9593.31	4859.83
1606	11566.2	2493.26
1607	15500.71	3833.53
1608	18485.23	5459.08
1609	9985.79	22637.2
1610	4317.84	18511.84
1611	15647.27	7794.79
1612	15615.87	3828.84
1613	4100.48	15752.67
1614	9067.96	20448.36
1615	2894.18	13376.53
1616	8222.4	12326.06
1617	332.69	22511.02
1618	233.98	11935.73
1619	19350.93	389.62
1620	14268.82	16450.45
1621	1905.39	18600.03
1622	8809.43	9186.05
1623	1495.98	15369.19
1624	12676.76	6057.1
1625	17973.43	7152.46
1626	13210.88	14244.32
1627	3638.56	8353.9
1628	16035.69	53.2
1629	17577.88	5839.75
1630	18644.72	8891.66
1631	8512.84	14775.81
1632	807.89	18240.92
1633	16288.5	11656.99
1634	2338.01	15812.83
1635	8777.21	3569.06
1636	1991.51	19641.27
1637	20543.78	2957.23
1638	18945.72	5094.49
1639	23476.94	21569.43
1640	1430.14	19859.67
1641	517.94	402.94
1642	19981.79	22079.12
1643	6967.73	17128.43
1644	14625.72	5542.68
1645	16305.79	728.58
1646	9648.18	4984.93
1647	754.62	8202.13
1648	20572.77	16693.56
1649	8827.83	23575.01
1650	4290.71	16151.11
1651	8551.64	19332.64
1652	15777.63	5241.66
1653	6248.86	9617.94
1654	5001.39	1483.88
1655	7542.96	7696.7
1656	3259.76	5968.67
1657	2683.29	23020.84
1658	16940.09	22656.0
1659	17234.19	11981.48
1660	3035.18	14701.28
1661	14183.93	6047.66
1662	21529.02	20258.31
1663	998.1	14194.04
1664	892.14	22557.7
1665	23244.45	8363.46
1666	20005.24	17994.63
1667	21276.22	17015.33
1668	17137.2	4021.01
1669	393.23	9115.99
1670	19070.44	20834.54
1671	9933.99	8579.48
1672	11522.27	4946.1
1673	3918.59	2002.45
1674	5440.43	12077.06
1675	22971.71	10990.36
1676	14374.04	23923.41
1677	764.96	17138.77
1678	6661.39	19190.42
1679	8098.34	211.92
1680	14266.04	6462.23
1681	6861.76	20378.54
1682	5278.1	3140.5
1683	9248.61	9851.32
1684	1920.6	9992.32
1685	22114.55	3922.16
1686	20052.52	815.08
1687	17753.35	19260.39
1688	411.92	10707.44
1689	18017.28	14734.91
1690	7166.2	12212.03
1691	16839.55	14518.29
1692	9427.95	23687.21
1693	20326.35	9002.09
1694	1277.82	10427.1
1695	1642.58	17249.5
1696	18184.32	3215.03
1697	17895.15	15615.74
1698	14764.5	1114.29
1699	20123.12	7497.53
1700	2417.53	23176.72
1701	2528.64	18934.4
1702	6396.23	23913.73
1703	1100.37	15628.38
1704	17332.81	13482.71
1705	13211.61	5470.52
1706	11758.31	18354.52
1707	12789.71	23631.54
1708	6359.82	21325.12
1709	13030.21	14483.01
1710	12879.92	5646.39
1711	23275.95	20753.27
1712	13017.1	12933.45
1713	3834.57	4687.41
1714	21863.26	4787.91
1715	12969.58	4328.34
1716	14518.77	23318.74
1717	14444.36	1797.15
1718	15963.44	13295.69
1719	6690.07	7879.94
1720	6927.19	15872.96
1721	7727.5	17914.05
1722	19552.97	7692.21
1723	19997.34	8347.16
1724	10297.14	6557.29
1725	2462.15	2030.37
1726	18968.87	10475.13
1727	19436.15	10686.98
1728	10286.55	7535.94
1729	14758.51	19935.0
1730	23237.73	1962.42
1731	7056.49	4979.8
1732	1106.31	393.43
1733	12168.62	8906.9
1734	20971.46	12211.78
1735	12533.81	9320.12
1736	4921.27	2635.39
1737	22347.63	1180.81
1738	23119.23	21.67
1739	1289.68	15720.03
1740	18440.71	7880.49
1741	12000.9	15251.58
1742	1548.24	19040.37
1743	14454.86	12460.25
1744	9217.17	17474.04
1745	12574.96	2829.63
1746	10341.76	15395.03
1747	350.03	2829.19
1748	22098.43	17579.83
1749	1078.19	14593.97
1750	1078.16	21111.82
1751	572.2	13606.3
1752	19578.82	1995.52
1753	4421.02	4420.16
1754	8090.78	13107.66
1755	6913.58	20304.33
1756	10625.69	18577.26
1757	1967.08	19105.16
1758	4791.47	13177.22
1759	14238.19	12780.34
1760	13494.7	21951.35
1761	23869.24	14783.27
1762	19243.3	23774.15
1763	4172.73	6037.78
1764	19233.74	17357.97
1765	5287.47	16538.43
1766	16010.94	10129.77
1767	17847.92	22174.55
1768	6394.2	17910.07
1769	9741.19	5475.92
1770	21187.1	13011.1
1771	11925.2	17421.08
1772	8996.96	6037.19
1773	13890.57	18426.86
1774	16233.25	16266.45
1775	6227.77	20909.37
1776	10930.98	1297.57
1777	21186.99	9001.43
1778	18372.31	11948.92
1779	23356.35	1236.58
1780	4121.19	12175.72
1781	14555.94	10901.63
1782	18879.74	11843.59
1783	18701.72	16258.46
1784	14687.94	19359.1
1785	16024.84	6472.28
1786	11632.96	20526.21
1787	8572.06	13422.95
1788	18942.79	5980.92
1789	8211.41	10170.12
1790	17495.87	1130.82
1791	22473.85	7414.16
1792	8849.43	9216.31
1793	2302.41	3361.88
1794	8037.54	10303.16
1795	8499.18	174.76
1796	8285.8	735.86
1797	17964.66	8481.41
1798	2809.35	9428.1
1799	23472.17	23981.05
1800	15285.2	17949.47
1801	19538.69	563.34
1802	3618.69	22460.64
1803	13441.24	8818.74
1804	3716.46	21253.61
1805	20481.0	16370.09
1806	21.53	3021.01
1807	15199.54	19876.15
1808	8411.78	21883.26
1809	7378.23	473.24
1810	23446.8	18717.2
1811	5462.87	10928.43
1812	22842.98	18358.97
1813	8209.15	14551.32
1814	4908.11	762.86
1815	42.37	9633.69
1816	14950.79	8240.22
1817	5343.18	4110.48
1818	5238.71	19309.37
1819	11345.47	10657.63
1820	11163.64	11013.67
1821	5577.53	20493.56
1822	17624.84	5842.75
1823	12409.28	2131.45
1824	23450.95	18497.86
1825	13256.71	2009.57
1826	19907.45	91.04
1827	22966.55	1595.41
1828	21304.63	4475.83
1829	9386.1	3263.06
1830	6618.31	23984.23
1831	14219.79	12798.5
1832	22556.0	13271.78
1833	2531.25	20610.49
1834	21327.29	20577.55
1835	10472.42	9382.48
1836	2130.54	11493.69
1837	295.34	9371.04
1838	3915.44	16610.09
1839	9933.07	8088.4
1840	1162.21	17359.99
1841	9472.67	23592.8
1842	14734.77	13001.49
1843	1177.9	9761.95
1844	22740.35	7869.75
1845	9796.0	12809.29
1846	14818.75	8021.99
1847	13715.53	17894.91
1848	3651.36	989.32
1849	18892.93	9363.08
1850	5701.07	11447.36
1851	5448.59	15678.82
1852	16046.37	10461.59
1853	5205.45	11968.55
1854	2138.43	10732.1
1855	2072.26	15292.72
1856	16803.35	18225.75
1857	1618.58	11425.46
1858	13040.59	4896.12
1859	10834.66	12951.6
1860	8819.86	19398.79
1861	18515.53	4278.95
1862	15858.56	14298.79
1863	16050.43	2261.73
1864	9736.88	15005.71
1865	164.34	14238.74
1866	20891.57	6359.73
1867	655.36	4374.66
1868	20854.38	21067.59
1869	15963.36	9279.8
1870	11405.46	19360.49
1871	1264.15	9399.99
1872	523.21	17765.18
1873	12043.55	10887.49
1874	11447.57	20056.98
1875	22812.96	19995.09
1876	18269.02	18808.67
1877	22146.17	17781.96
1878	21645.12	6061.75
1879	2915.05	1753.71
1880	17299.93	20076.74
1881	8409.85	7000.48
1882	1061.0	3142.64
1883	2775.74	21906.76
1884	12154.73	19160.33
1885	11355.29	9029.13
1886	1923.07	6386.84
1887	5976.82	4753.42
1888	6554.39	13866.93
1889	13918.3	15223.17
1890	5450.09	901.47
1891	13227.14	10657.88
1892	13309.65	18237.63
1893	499.01	10359.01
1894	13255.55	14518.09
1895	5248.61	8606.53
1896	18518.85	14718.29
1897	22862.82	8015.55
1898	11859.42	8053.49
1899	7354.49	4801.25
1900	4151.5	1931.27
1901	8738.08	3343.17
1902	15758.08	18551.7
1903	5421.29	12179.95
1904	3662.83	13267.23
1905	7477.94	13012.54
1906	7713.26	17506.6
1907	19453.39	7122.27
1908	16145.51	2776.94
1909	17853.71	13689.15
1910	21587.61	2795.81
1911	17438.34	23136.34
1912	15276.92	22095.2
1913	1451.38	21063.62
1914	21024.75	4553.01
1915	3562.27	254.84
1916	12441.74	12351.55
1917	4895.83	7302.15
1918	2371.68	3247.11
1919	3114.4	14873.27
1920	9388.37	10026.08
1921	20711.62	9359.91
1922	12033.67	4942.38
1923	22467.41	15026.43
1924	12752.94	4275.63
1925	1793.44	3753.21
1926	1799.8	10119.71
1927	8652.95	23532.35
1928	3282.14	7872.51
1929	15851.34	11801.79
1930	16202.58	22744.4
1931	10139.32	18493.38
1932	23492.99	4325.07
1933	7183.69	10706.42
1934	21002.8	7090.19
1935	22352.04	21652.98
1936	12286.18	10387.9
1937	18655.71	7941.18
1938	2965.33	383.01
1939	11443.12	17906.28
1940	5784.89	12582.67
1941	8587.17	5659.97
1942	18362.23	14108.24
1943	14295.53	20714.57
1944	11821.92	13845.39
1945	2379.16	15628.84
1946	15737.8	2908.54
1947	8700.44	14745.17
1948	15463.45	16765.03
1949	10480.2	12287.08
1950	5425.46	17764.19
1951	9472.86	22100.41
1952	659.36	13272.1
1953	12387.52	16643.45
1954	21794.07	14782.57
1955	13861.03	3151.74
1956	20268.93	20845.56
1957	12491.41	4950.12
1958	4428.99	10695.8
1959	7472.9	13547.75
1960	11720.34	23846.2
1961	17123.62	11809.43
1962	14884.77	9712.07
1963	19961.95	10522.05
1964	5525.79	4314.12
1965	8452.9	17498.02
1966	4268.86	19495.06
1967	5251.76	23742.71
1968	21471.96	1828.3
1969	17269.91	7884.94
1970	9030.41	9566.42
1971	4119.76	22203.95
1972	18331.89	18125.08
1973	8349.22	12156.28
1974	18959.1	14732.66
1975	17578.41	10060.73
1976	3882.46	9219.21
1977	15660.01	13228.96
1978	22470.06	8400.38
1979	12766.73	80.39
1980	11510.44	15319.88
1981	21301.44	20214.33
1982	8202.45	2594.51
1983	9989.35	12875.65
1984	2525.41	9085.35
1985	7243.35	8233.37
1986	1403.3	2589.15
1987	847.48	12948.83
1988	7572.47	4829.02
1989	4886.25	20794.24
1990	7221.43	9946.67
1991	15092.22	15682.3
1992	14232.79	19788.78
1993	19925.83	13821.29
1994	15405.15	14913.35
1995	23091.63	16408.61
1996	9519.65	19896.14
1997	2381.81	6306.32
1998	16521.89	1314.56
1999	3233.11	18357.84
2000	21191.87	2930.9
2001	1721.65	1754.36
2002	2133.78	5203.79
2003	7617.2	4077.69
2004	15156.49	216.59
2005	14871.29	7250.33
2006	23861.36	18980.69
2007	6679.63	22777.85
2008	4895.18	10948.84
2009	22398.93	15999.52
2010	701.84	9092.01
2011	18946.9	8932.9
2012	12378.08	19142.27
2013	15966.9	1524.6
2014	890.81	17108.2
2015	212.57	6615.9
2016	962.73	18358.9
2017	10594.94	21251.55
2018	23058.49	21688.29
2019	7617.13	8412.88
2020	13878.92	18208.54
2021	378.52	19771.02
2022	448.39	12658.19
2023	18900.73	6115.81
2024	20572.87	7895.76
2025	15480.42	22694.18
2026	2837.79	18923.84
2027	22296.53	21342.13
2028	16377.83	4626.89
2029	1956.8	19321.48
2030	8300.23	20484.45
2031	2555.08	17490.45
2032	10643.51	17562.95
2033	7909.65	12443.51
2034	22987.7	19216.56
2035	2533.92	16106.05
2036	17132.89	1469.87
2037	16368.78	4279.08
2038	5561.14	17358.62
2039	13357.28	21050.24
2040	16633.61	12310.9
2041	68.43	22740.86
2042	20820.68	873.65
2043	20665.36	21089.94
2044	977.24	9761.53
2045	21191.53	10181.05
2046	175.11	11717.11
2047	14254.91	12504.21
2048	20146.3	1503.51
2049	2228.54	11001.84
2050	15333.09	11196.36
2051	10755.11	18264.61
2052	17031.58	7727.03
2053	11362.98	21415.86
2054	18304.67	14182.28
2055	7360.22	17757.89
2056	700.81	23479.47
2057	9016.17	7915.96
2058	8132.99	8403.43
2059	14788.87	5248.69
2060	14439.22	20524.52
2061	14601.49	23152.48
2062	11701.92	17879.15
2063	23361.36	10081.45
2064	17654.16	23600.4
2065	10520.96	3862.07
2066	9421.18	22608.65
2067	11587.77	4643.7
2068	20949.52	2586.85
2069	374.19	7787.17
2070	19053.42	2486.88
2071	7894.68	16524.67
2072	552.42	14395.42
2073	10472.73	13391.01
2074	13156.38	17219.15
2075	4110.53	8059.24
2076	21585.25	5888.26
2077	19620.33	9239.75
2078	18249.21	15252.21
2079	17369.97	9427.97
2080	12284.93	2682.24
2081	11478.88	18809.3
2082	7974.57	18800.98
2083	21617.72	9560.17
2084	11446.39	1731.4
2085	20430.94	17646.11
2086	3151.83	16877.72
2087	14213.09	1874.24
2088	19576.14	2332.8
2089	871.66	1925.37
2090	21817.83	228.47
2091	12580.56	10079.54
2092	7478.19	1570.39
2093	21989.11	2815.24
2094	4363.99	20508.2
2095	13421.36	12728.45
2096	8984.82	23817.94
2097	11152.31	19848.88
2098	3442.23	15775.79
2099	13008.9	1882.37
2100	2579.9	1940.51
2101	16927.67	21563.93
2102	18803.29	10935.29
2103	20771.79	11328.48
2104	14624.17	17949.9
2105	8550.24	6193.0
2106	10700.54	19835.73
2107	4731.88	12236.09
2108	12165.83	7205.43
2109	6203.74	10259.93
2110	22549.33	10639.96
2111	13106.15	5597.61
2112	17837.46	18191.53
2113	15366.64	20125.75
2114	1735.16	20921.03
2115	10997.37	20137.47
2116	11866.54	7176.16
2117	1812.19	6587.18
2118	622.28	15394.54
2119	11405.56	21188.22
2120	9296.81	23585.67
2121	10718.95	13979.67
2122	16842.51	20918.42
2123	1005.85	15308.19
2124	21174.74	9472.2
2125	13701.98	17245.94
2126	8399.54	11251.97
2127	877.98	17927.02
2128	9211.31	19478.44
2129	10486.16	6432.6
2130	6060.27	15498.26
2131	11279.8	19665.95
2132	19197.64	1041.75
2133	6707.13	2763.46
2134	23348.7	15383.07
2135	15583.09	22325.68
2136	3277.54	8029.29
2137	19733.52	5323.45
2138	20074.29	6933.96
2139	18986.74	15631.34
2140	12009.58	19396.42
2141	18622.03	9343.32
2142	18070.75	3066.57
2143	17871.72	9407.82
2144	20215.06	11593.02
2145	2997.65	1443.18
2146	10866.81	21464.69
2147	21467.05	18799.38
2148	17666.89	10012.22
2149	20668.12	10554.06
2150	13008.02	5306.45
2151	22064.32	3603.4
2152	2239.31	22037.39
2153	13911.65	10300.08
2154	4735.16	4299.2
2155	6769.75	10009.27
2156	20271.52	7004.39
2157	23556.29	161.72
2158	14313.68	8638.8
2159	1556.23	21757.7
2160	23869.13	5023.25
2161	20306.31	10051.74
2162	10784.87	11360.36
2163	10999.01	22319.78
2164	14486.21	11129.14
2165	12417.54	12707.81
2166	1159.37	2513.56
2167	14166.75	14530.94
2168	5568.27	11308.06
2169	22050.35	3687.57
2170	22505.14	16020.58
2171	22071.02	9786.4
2172	13910.96	15888.22
2173	5914.65	5310.25
2174	4908.55	6605.35
2175	16348.09	3215.24
2176	17362.74	20660.49
2177	11867.12	1487.35
2178	3881.45	5653.11
2179	18850.89	3194.26
2180	941.31	4869.23
2181	19214.35	22122.33
2182	22486.86	9048.96
2183	8612.84	16872.46
2184	15738.05	6749.18
2185	18683.22	16816.61
2186	7699.22	12314.1
2187	14909.74	8366.92
2188	337.14	8073.68
2189	2098.22	4399.9
2190	12521.51	7774.95
2191	216.99	10180.4
2192	23964.5	13837.04
2193	5450.27	9893.36
2194	14536.23	14596.93
2195	14901.75	6400.32
2196	3452.35	20110.57
2197	7709.26	16324.7
2198	5254.88	4690.79
2199	12993.38	18134.79
2200	16559.62	14763.77
2201	8531.26	9984.56
2202	21968.88	10371.23
2203	12398.93	10255.84
2204	6661.53	18198.47
2205	21574.52	18957.77
2206	617.33	21750.87
2207	23380.18	12904.37
2208	5408.07	4030.99
2209	22499.97	4101.55
2210	6651.12	19628.2
2211	7571.95	21578.7
2212	4283.55	15459.09
2213	20116.05	6265.84
2214	21524.16	7235.91
2215	12699.44	3412.28
2216	11820.49	15428.0
2217	12684.0	3298.21
2218	9048.82	7038.21
2219	8497.88	850.73
2220	7348.61	11111.98
2221	17185.6	21535.38
2222	2584.58	8500.66
2223	8028.15	22582.93
2224	11205.17	2119.0
2225	16187.87	1680.7
2226	15178.83	14187.96
2227	13989.13	717.8
2228	19862.93	21385.01
2229	21129.85	662.33
2230	13289.29	8888.36
2231	2784.42	463.39
2232	15220.19	10707.08
2233	11334.9	7566.98
2234	18468.42	11054.89
2235	7843.98	4697.4
2236	9051.14	15204.94
2237	19729.65	13473.3
2238	7988.95	9791.74
2239	16815.56	13226.03
2240	11429.07	588.04
2241	1842.03	2495.96
2242	6216.93	1502.8
2243	22754.2	12112.18
2244	6483.04	20666.09
2245	23180.94	5710.51
2246	11158.18	10271.49
2247	17897.06	12326.32
2248	20470.58	23472.07
2249	4334.36	9678.65
2250	3913.42	17581.15
2251	23452.11	7266.16
2252	8245.85	12070.44
2253	22375.46	2765.16
2254	18970.88	21950.19
2255	160.82	5241.28
2256	18001.95	8512.66
2257	17497.44	6685.87
2258	20378.33	15752.32
2259	2112.72	14919.1
2260	15473.25	9432.66
2261	9455.66	12936.56
2262	12659.02	843.1
2263	9877.36	21909.32
2264	8028.26	13637.87
2265	12946.59	12674.81
2266	23812.49	15.75
2267	22773.95	23786.78
2268	11429.11	16421.46
2269	15356.65	16759.48
2270	9187.93	13443.63
2271	17496.39	10401.42
2272	14914.49	17662.47
2273	22830.29	14421.83
2274	3135.62	6306.31
2275	21975.13	20052.82
2276	1984.82	23870.49
2277	19259.42	9068.79
2278	14198.13	23542.39
2279	9791.27	17056.44
2280	1438.74	9467.44
2281	6630.36	8471.51
2282	16980.67	23214.13
2283	19502.15	904.41
2284	11438.46	18739.47
2285	7192.43	1238.29
2286	16945.1	16801.65
2287	2842.09	14461.22
2288	13297.86	864.07
2289	9809.12	1440.77
2290	4516.47	4240.57
2291	9782.06	21129.13
2292	15393.88	1007.51
2293	2245.21	9865.26
2294	21544.91	17494.86
2295	2360.69	20693.68
2296	1872.59	11141.88
2297	6455.43	809.52
2298	20076.89	17982.24
2299	1801.48	20965.85
2300	14021.4	330.31
2301	9753.26	3216.18
2302	15309.48	19387.13
2303	16238.41	4166.29
2304	23902.54	20153.75
2305	14805.55	9323.04
2306	1843.89	7622.1
2307	9673.32	14419.31
2308	18263.51	15629.31
2309	322.23	2646.25
2310	18168.44	17.63
2311	3445.6	15640.5
2312	18001.58	8107.93
2313	4166.43	4958.16
2314	3908.13	23844.5
2315	8781.86	2905.29
2316	15325.98	8212.47
2317	11523.58	18233.33
2318	6525.78	3886.36
2319	5368.78	8033.61
2320	15876.68	11189.99
2321	11192.76	15672.68
2322	9339.05	11352.04
2323	20905.4	13064.2
2324	11947.87	786.97
2325	16036.24	13344.83
2326	10362.54	23195.64
2327	13075.05	7276.74
2328	12506.96	13097.16
2329	12347.86	22622.68
2330	993.48	9682.01
2331	20142.13	16349.35
2332	4808.12	6528.06
2333	14693.08	11291.17
2334	22042.62	13193.96
2335	2993.79	11517.36
2336	1668.3	23303.99
2337	8369.13	15143.11
2338	8227.38	15119.41
2339	13968.12	18802.26
2340	11855.34	9344.42
2341	1402.05	2208.33
2342	3173.76	9852.55
2343	17844.32	15954.71
2344	5692.35	23210.65
2345	776.45	17124.65
2346	17194.74	22188.21
2347	23719.34	21069.17
2348	20347.94	10970.18
2349	10421.1	9977.58
2350	16754.52	2891.41
2351	14160.35	10614.38
2352	15746.65	14435.83
2353	17793.31	7125.43
2354	3012.78	8762.88
2355	6992.34	1812.17
2356	13512.83	20912.9
2357	13168.33	19950.62
2358	21215.45	9827.27
2359	12614.64	12194.79
2360	18177.62	2348.04
2361	6462.03	21227.03
2362	2081.5	17471.16
2363	17382.79	13114.01
2364	22592.76	4897.5
2365	21160.61	1541.06
2366	8640.58	16141.2
2367	11090.5	11911.22
2368	13387.12	9850.69
2369	7456.84	22522.58
2370	11155.71	3063.25
2371	12743.45	18378.38
2372	11882.73	1872.26
2373	11379.26	15714.34
2374	10496.08	15265.97
2375	15304.6	624.75
2376	31.2	3593.88
2377	18860.9	19137.18
2378	13639.0	19286.51
2379	9980.55	2315.76
2380	2996.08	9008.59
2381	5305.66	23090.06
2382	11181.58	10979.81
2383	10644.49	957.91
2384	2933.34	3740.28
2385	23706.71	486.44
2386	23438.26	6433.84
2387	10430.02	16797.79
2388	541.11	15963.48
2389	2072.44	2525.91
2390	12843.06	6337.6
2391	18879.11	15978.1
2392	20482.51	13563.25
2393	4467.2	6308.51
2394	5841.96	7580.01
2395	16832.95	8549.05
2396	3896.14	20885.24
2397	23348.36	7131.89
2398	15604.11	9831.79
2399	22897.14	9048.36
2400	8261.96	6654.08
