1	17385.9	14002.32
2	17249.14	17395.66
3	17786.45	5291.92
4	1184.84	23221.58
5	9005.75	19837.5
6	16316.4	9472.74
7	14091.84	6694.86
8	9585.24	16262.6
9	19536.99	6456.24
10	7891.38	1419.62
11	2227.33	2772.19
12	3759.96	17305.94
13	11561.51	13976.12
14	15684.28	2150.71
15	18464.05	5314.83
16	5439.79	11354.33
17	11027.69	19633.37
18	13650.86	16047.5
19	17868.0	5131.66
20	23106.16	12794.23
21	14878.82	10229.26
22	21784.25	7121.44
23	7980.28	3385.01
24	25239.76	20515.29
25	21893.74	13104.13
26	13809.05	12925.22
27	10393.6	18909.22
28	16420.85	13984.03
29	6999.87	2098.51
30	4458.51	25361.27
31	21835.56	568.64
32	24905.6	14187.8
33	5389.06	22150.09
34	17246.56	4449.32
35	12438.01	7991.44
36	14548.16	3760.18
37	8298.52	3617.17
38	16998.62	18646.94
39	926.37	25993.15
40	7360.81	25344.25
41	8139.2	20391.84
42	20571.37	3899.44
43	22201.94	16718.36
44	5930.8	24932.12
45	7121.29	21498.17
46	23632.21	5705.95
47	9291.0	23901.99
48	18206.41	16166.33
49	10701.39	25150.68
50	14378.45	10145.71
51	4716.82	17567.1
52	12361.53	20296.0
53	7804.68	21366.15
54	12296.45	7434.51
55	12600.05	11522.5
56	9543.26	5330.88
57	9620.84	3113.17
58	10173.73	13596.96
59	20531.14	5216.21
60	9361.03	22659.92
61	15708.11	7455.33
62	21837.45	394.33
63	13896.82	2402.18
64	1792.85	20072.79
65	17121.05	12302.6
66	12170.57	3851.67
67	12472.13	21105.25
68	16888.56	14608.65
69	10962.11	21901.39
70	7012.68	17656.6
71	1748.26	22961.97
72	3098.61	12933.19
73	13430.91	5267.85
74	9926.36	15995.71
75	14823.63	11421.83
76	9119.25	10106.75
77	12403.71	23488.06
78	16225.61	799.32
79	6303.35	1844.94
80	18783.4	10224.82
81	12432.66	9740.63
82	6246.49	620.8
83	20075.7	11184.98
84	16778.38	24335.77
85	9433.51	12977.27
86	18491.56	21599.15
87	2736.98	22452.29
88	19705.92	19940.14
89	18751.73	12276.69
90	10025.6	9961.68
91	25567.46	6288.24
92	4709.31	20507.01
93	24602.01	19297.85
94	16589.6	15288.99
95	17172.27	24998.26
96	20049.61	10999.56
97	17165.62	1109.76
98	9859.03	2203.35
99	20055.44	5337.98
100	6766.12	8713.67
101	2058.07	9406.57
102	2329.28	11871.26
103	14140.76	23819.81
104	8427.34	3240.25
105	20971.12	2613.49
106	2492.73	12397.92
107	11177.66	9698.75
108	13178.65	21643.58
109	19726.17	17620.76
110	9466.42	8374.33
111	627.55	6208.1
112	804.81	25440.43
113	15655.52	12819.23
114	25112.38	9512.45
115	14284.05	23988.79
116	12147.66	5869.0
117	21768.14	20459.08
118	12114.64	19433.83
119	8015.06	24898.95
120	6710.97	17710.56
121	24267.12	17476.25
122	13757.61	19918.38
123	192.26	19885.42
124	2944.37	8894.23
125	13947.61	5128.96
126	19171.5	11264.88
127	9837.89	9362.83
128	4067.6	20299.08
129	7293.15	4782.24
130	14821.75	1420.59
131	24914.83	7722.1
132	15945.37	10453.93
133	18555.01	22051.48
134	21148.62	24585.52
135	8343.46	24147.12
136	364.4	22007.87
137	5559.52	22556.9
138	12835.02	23826.97
139	11064.66	16880.21
140	13939.54	12708.67
141	13461.14	4597.59
142	3739.44	25435.09
143	22822.17	521.43
144	14039.53	14893.7
145	10062.47	19459.94
146	746.6	615.99
147	284.97	12530.21
148	8416.83	920.09
149	14528.57	17552.83
150	15172.38	4344.8
151	5468.25	496.19
152	18535.52	22936.09
153	15884.91	4631.73
154	21039.53	18020.38
155	14557.02	1847.29
156	24017.8	6799.68
157	3166.15	15908.0
158	10835.45	20263.01
159	7301.19	8625.25
160	22815.05	20442.43
161	22009.72	7103.36
162	25781.96	6346.2
163	22055.01	25586.4
164	76.93	20614.12
165	24941.55	3553.6
166	18685.23	9362.98
167	25670.77	6977.82
168	24236.95	1718.12
169	16875.03	6461.85
170	25561.61	18874.53
171	23870.02	21886.51
172	1631.93	6750.47
173	8427.6	25674.36
174	20136.2	3496.28
175	23004.34	5747.37
176	10299.35	13798.47
177	4238.6	5417.28
178	11988.38	5696.16
179	17818.07	23406.51
180	769.06	23562.39
181	16883.85	12766.36
182	15399.17	9241.03
183	22463.73	7138.01
184	2869.76	13214.77
185	18032.16	9740.76
186	6183.2	11921.81
187	20207.19	16763.4
188	17346.3	18638.12
189	18083.93	17897.26
190	644.06	9557.21
191	20821.35	18519.63
192	8576.39	1687.86
193	2558.58	16166.42
194	24989.31	10166.01
195	1535.69	25040.79
196	9557.1	7126.2
197	10309.13	8809.02
198	13786.07	6458.46
199	1673.23	2378.31
200	13671.79	17131.09
201	1202.34	13242.53
202	1457.61	20949.16
203	6036.94	25499.99
204	6980.32	10933.07
205	4645.03	6712.9
206	24192.33	1561.32
207	12615.3	16146.15
208	2369.75	6583.24
209	9022.84	16255.61
210	5819.84	25850.01
211	3713.43	20994.99
212	1846.24	4111.39
213	20907.34	11836.7
214	17288.74	24912.88
215	2176.93	7191.17
216	20638.21	9100.57
217	12351.59	24639.12
218	18072.36	22762.18
219	25427.64	22376.85
220	8770.42	6824.24
221	4020.49	22709.56
222	20800.74	12669.4
223	10250.2	20503.95
224	6912.78	9214.13
225	14857.46	8244.69
226	24107.13	24189.19
227	13560.78	15482.42
228	20428.26	9260.96
229	24470.24	18102.19
230	9620.99	302.9
231	7701.44	16254.16
232	19618.53	16791.89
233	5651.56	6987.74
234	20418.45	13990.8
235	7981.09	1693.73
236	4436.11	38.19
237	10044.24	19187.27
238	23790.96	24450.72
239	10744.11	7380.61
240	23013.82	7428.17
241	13020.94	21650.64
242	13629.55	16268.56
243	1473.27	1674.26
244	23672.03	4730.42
245	13527.54	15098.18
246	10542.85	10400.94
247	19848.19	25612.34
248	1864.61	2551.74
249	2072.04	1824.57
250	20460.23	13256.07
251	5369.2	4667.08
252	22919.05	22811.53
253	1989.95	13470.63
254	10017.54	3884.24
255	5526.0	1582.58
256	13386.9	14133.52
257	16046.54	153.46
258	24265.94	253.63
259	18354.5	21240.89
260	17218.73	2992.88
261	23602.13	23261.0
262	9523.06	1865.44
263	18527.36	5617.73
264	9799.63	6002.75
265	4269.8	15180.48
266	587.22	6598.15
267	23681.54	10002.01
268	23240.17	2744.12
269	18229.71	18640.62
270	10259.13	13220.42
271	4997.38	12044.91
272	25438.29	20402.4
273	2049.08	22523.74
274	12380.76	18813.39
275	3303.05	7323.36
276	19179.76	14818.91
277	6541.24	9539.29
278	23940.87	13687.14
279	9962.24	15757.82
280	8849.09	20432.29
281	4428.01	7180.1
282	22778.41	18088.37
283	19747.42	2430.93
284	20830.96	4122.83
285	18503.57	21671.44
286	8815.0	9149.24
287	9394.99	10940.07
288	10607.75	11914.08
289	5399.01	4879.35
290	14127.79	7249.9
291	2413.93	14377.17
292	15106.29	13610.81
293	5204.57	15811.94
294	25257.72	23193.97
295	21413.57	14143.16
296	8907.94	23933.99
297	3294.13	10900.03
298	18449.24	23991.6
299	14632.66	6614.02
300	15616.26	6311.58
301	2331.56	396.09
302	11559.82	15678.61
303	5617.54	2331.89
304	23846.4	10229.11
305	2997.83	22653.96
306	12753.82	2158.32
307	18239.79	20982.47
308	20423.07	16314.72
309	22322.04	2392.28
310	4303.63	24717.41
311	24172.78	16213.54
312	24854.89	17716.88
313	9883.25	25970.97
314	18010.39	1410.23
315	17223.11	6139.05
316	6682.4	5603.6
317	12349.72	6795.02
318	6662.87	11654.92
319	2120.17	567.13
320	21123.03	5091.6
321	17278.06	13323.66
322	15406.49	17840.64
323	24526.33	22946.68
324	5703.67	5832.09
325	8562.9	11613.03
326	1772.1	14504.8
327	12942.15	10537.73
328	11224.64	9780.25
329	21857.33	6754.41
330	3158.92	21021.61
331	15991.35	1154.27
332	13496.88	17895.08
333	11439.64	19027.76
334	2825.13	3407.06
335	13928.4	21683.81
336	12304.05	22423.54
337	6587.97	8584.64
338	22197.28	281.45
339	14411.88	8889.43
340	14221.48	19547.28
341	3625.19	16371.03
342	1957.51	5121.65
343	24806.59	25632.11
344	15206.36	18895.66
345	4616.8	14081.03
346	24817.64	16865.24
347	4522.53	4991.61
348	11837.72	9149.04
349	10203.43	10815.6
350	13779.1	11725.81
351	13174.41	10919.26
352	12616.41	6182.64
353	25167.95	18385.89
354	9792.34	4767.9
355	3530.52	18107.67
356	21105.38	17493.6
357	20754.78	11010.29
358	14600.29	19702.58
359	9548.45	21110.03
360	22665.03	23106.88
361	8014.76	20259.6
362	24218.14	22693.99
363	14380.88	18768.66
364	6031.8	25182.52
365	18543.99	5407.85
366	22078.01	22200.51
367	25063.13	4105.34
368	2115.29	8404.8
369	2655.87	21391.7
370	15406.28	14091.69
371	11976.01	17577.07
372	21022.6	17665.2
373	12199.12	22386.07
374	2251.74	24954.56
375	19575.89	14258.1
376	2962.68	9318.28
377	5622.56	19570.19
378	25163.99	4734.95
379	13513.13	8635.35
380	18038.49	16069.13
381	19010.82	25608.45
382	13384.74	4560.13
383	24812.65	16136.87
384	5728.88	25532.24
385	7839.98	2935.14
386	9705.59	332.96
387	11790.84	3847.3
388	10222.41	133.26
389	22043.22	8826.76
390	15918.11	10728.28
391	16735.41	14858.09
392	244.16	18148.87
393	24000.25	5296.53
394	5223.5	7804.96
395	4444.68	24065.97
396	667.65	21067.4
397	9623.5	21631.56
398	8424.76	19679.39
399	4362.05	2676.27
400	14807.5	15015.83
401	7502.7	19756.69
402	11781.89	254.23
403	19556.74	4200.06
404	3061.24	25981.03
405	15780.86	8984.39
406	2445.51	13228.96
407	786.58	4987.39
408	17186.52	14408.86
409	19407.38	9548.4
410	15235.71	24122.42
411	7661.6	17052.13
412	16349.8	13402.67
413	2492.57	23559.21
414	12805.35	1346.93
415	10709.76	22358.44
416	19512.69	13280.4
417	4026.52	23857.04
418	9801.41	3651.78
419	4375.12	15837.36
420	20991.11	4030.85
421	13303.73	18064.65
422	20588.59	6532.41
423	1513.28	11164.66
424	19863.66	18788.96
425	25155.17	9581.64
426	927.33	976.15
427	17631.35	22211.64
428	19561.62	25765.15
429	1482.81	22760.0
430	629.23	7941.91
431	4443.88	20916.1
432	7046.24	1099.79
433	2041.28	5507.06
434	22127.87	11794.87
435	20342.86	6110.18
436	18824.81	18253.89
437	23944.92	12406.49
438	700.43	369.44
439	5748.41	1546.94
440	729.6	8940.12
441	14499.04	14716.83
442	8281.67	10193.63
443	777.66	5418.87
444	11016.22	4520.68
445	1043.39	19461.98
446	7080.84	6692.89
447	16311.81	9296.96
448	20403.57	22066.21
449	13579.69	13237.11
450	16433.18	6666.93
451	9809.14	13854.93
452	15047.1	15640.03
453	20939.46	8340.17
454	15966.26	19340.98
455	16039.62	7436.17
456	13177.94	4207.5
457	17291.75	18542.82
458	446.23	15838.78
459	19617.44	19253.26
460	5151.31	19047.87
461	14893.12	8506.2
462	24121.42	2251.57
463	17434.16	19969.15
464	2616.07	17395.2
465	17811.58	7278.91
466	24704.4	24681.76
467	10695.97	6446.29
468	11355.86	3757.52
469	24297.57	21805.68
470	942.58	24748.84
471	4760.37	10745.76
472	22442.48	5732.23
473	21112.68	4795.45
474	21206.52	10628.01
475	14319.71	11204.9
476	18841.89	22820.34
477	1681.87	9695.91
478	12995.64	13564.68
479	13679.92	12013.44
480	19302.72	9170.25
481	17752.58	23469.69
482	15209.41	21825.85
483	18927.92	16375.78
484	13045.88	25197.54
485	25805.16	4005.04
486	4033.3	24670.85
487	7553.45	3311.77
488	18448.02	18214.52
489	12980.24	17687.52
490	10834.75	13548.62
491	7455.88	21983.95
492	15733.29	445.83
493	4804.5	13903.97
494	19760.95	25241.6
495	11552.77	13601.99
496	4234.96	5659.74
497	12340.75	25676.3
498	24877.5	5246.6
499	24875.07	1979.78
500	13940.32	18937.08
501	9289.86	14712.88
502	5883.79	1497.85
503	23886.22	13509.93
504	12464.66	3257.47
505	17516.18	3821.53
506	7706.51	3653.09
507	13512.9	17451.48
508	22246.04	16043.2
509	22111.2	942.39
510	3273.26	25277.33
511	10101.51	7206.66
512	7205.01	4982.81
513	22917.75	1244.73
514	17707.21	15768.55
515	2290.82	14835.54
516	14284.71	5816.44
517	11641.29	6440.16
518	2038.33	3422.57
519	4755.38	23216.94
520	12211.93	9910.08
521	20409.91	22141.69
522	10521.6	12577.17
523	13652.07	11237.52
524	9719.06	1217.63
525	3005.57	16878.88
526	23107.34	16700.73
527	9882.56	10923.63
528	16265.23	21253.09
529	3246.48	213.51
530	2454.94	13384.07
531	5462.36	6966.77
532	25723.07	15197.82
533	22859.97	7270.92
534	11705.11	9064.41
535	14264.09	17189.51
536	22622.03	1779.88
537	10313.19	24453.09
538	2823.21	5194.49
539	11207.41	9655.86
540	16328.12	23248.53
541	3197.37	8039.76
542	21924.63	22876.6
543	9503.15	2170.17
544	14111.24	21599.49
545	19387.76	8518.5
546	16518.9	6585.14
547	8728.04	10073.37
548	18151.26	15007.14
549	1627.92	46.45
550	2165.88	12628.57
551	22187.67	18961.55
552	18346.23	11854.37
553	24533.95	11104.49
554	13074.43	10784.84
555	7218.76	24673.76
556	18217.78	20184.45
557	14179.0	24890.39
558	6007.24	13142.52
559	21283.02	15270.21
560	17046.73	6302.41
561	8586.59	12867.75
562	557.61	25798.77
563	14297.71	4876.15
564	25678.22	11108.72
565	21346.65	11716.0
566	25646.94	14478.29
567	1756.7	20082.27
568	524.9	16264.57
569	19631.49	22923.44
570	10929.52	13665.8
571	1155.51	12736.11
572	24272.41	11909.2
573	430.11	6329.66
574	17449.6	24245.0
575	17311.82	24539.67
576	12129.17	8784.26
577	13611.84	17856.78
578	12107.28	20934.95
579	25999.22	1001.24
580	22246.88	2278.41
581	4658.34	5771.95
582	19773.51	41.71
583	19504.7	11189.48
584	8034.71	22413.29
585	24254.07	12801.76
586	24049.74	2851.83
587	1301.31	7440.73
588	20493.95	25083.02
589	9860.23	5448.41
590	7082.67	17967.04
591	25615.51	2348.25
592	6860.48	23555.91
593	11622.18	8744.59
594	14187.8	5544.95
595	15322.04	14004.62
596	14815.24	6335.4
597	24602.72	22042.93
598	15574.56	20425.88
599	2591.07	9898.87
600	10397.41	1857.01
601	25410.73	496.89
602	15928.96	8571.41
603	6543.45	7756.48
604	7282.84	5866.03
605	14601.16	5017.85
606	8463.05	7712.0
607	9556.37	5798.54
608	1647.5	23927.89
609	11205.09	676.41
610	7043.25	2319.1
611	4102.93	2523.13
612	18485.17	23423.52
613	13451.76	21772.19
614	5536.0	9200.85
615	3482.71	21791.59
616	23715.04	1947.4
617	19149.31	20506.5
618	12387.13	16928.77
619	22713.31	20560.64
620	9921.08	17342.17
621	6194.56	389.87
622	3706.91	25862.48
623	96.1	6096.31
624	22732.03	18602.08
625	23521.75	21593.39
626	5649.9	7169.21
627	23102.53	23749.37
628	12146.36	20487.07
629	16575.54	20809.97
630	16899.37	9441.63
631	9569.08	21923.26
632	19492.24	14462.16
633	17235.04	8472.27
634	13834.26	9693.72
635	5274.73	3053.16
636	15650.84	20562.46
637	20364.28	24328.51
638	10886.85	17950.71
639	19779.59	19998.04
640	0.79	16859.25
641	19842.85	12094.91
642	15722.57	10296.59
643	5828.94	5855.53
644	7966.87	17847.65
645	19546.77	5543.33
646	20702.06	19868.97
647	12541.63	23389.77
648	10171.76	3290.81
649	16063.66	21355.58
650	10436.34	24005.44
651	650.54	18169.79
652	8429.45	23142.85
653	13108.89	12176.01
654	17870.33	21100.76
655	21304.64	19806.02
656	15824.93	20044.63
657	16178.26	4465.95
658	9128.03	9286.46
659	19338.2	5246.25
660	21537.73	12016.11
661	488.18	22895.14
662	22610.59	14654.34
663	16202.75	3882.06
664	8310.41	19819.97
665	10057.95	7680.11
666	12896.65	1915.84
667	25332.22	10373.04
668	23099.57	648.08
669	24493.58	9806.27
670	25586.86	23864.83
671	3593.69	9272.17
672	8573.4	19658.26
673	13015.77	11232.4
674	1894.91	18813.55
675	1213.29	17807.83
676	18297.91	24173.49
677	17611.85	11150.44
678	18589.89	2719.88
679	1963.59	4867.77
680	4095.58	3668.65
681	12643.69	9469.03
682	21300.25	22902.1
683	10246.32	7520.76
684	7177.42	20207.71
685	19282.23	5144.38
686	21735.4	21026.19
687	21027.2	5195.8
688	22660.55	11018.1
689	23800.95	10914.11
690	19441.8	8983.96
691	5986.77	22645.34
692	16218.49	25925.45
693	7159.58	24107.21
694	24703.87	22154.72
695	8252.29	3818.19
696	12016.46	11108.21
697	11274.15	11118.32
698	9582.33	11715.25
699	3604.45	19127.3
700	7979.93	2191.49
701	2979.29	2623.98
702	5404.69	22151.4
703	13156.38	24242.15
704	19017.61	16790.94
705	8137.78	10961.34
706	10033.91	16313.95
707	10129.54	6300.68
708	15085.64	24536.51
709	5032.99	4525.02
710	1087.94	4774.3
711	14470.16	23295.1
712	18440.89	9206.02
713	12268.06	12289.77
714	1353.17	21953.19
715	21983.97	17877.45
716	2368.48	17931.6
717	6484.45	3764.2
718	7824.97	7703.02
719	2297.62	3288.92
720	15988.49	12975.58
721	20518.3	9017.08
722	736.77	5493.0
723	24306.03	6731.66
724	13032.99	0.8
725	5155.05	2481.94
726	2677.06	4826.94
727	18457.62	21348.24
728	13606.02	18541.99
729	23638.38	14712.04
730	23256.0	7355.8
731	4600.0	19234.32
732	12759.42	11237.94
733	20341.85	1633.31
734	4797.38	5566.46
735	12021.42	22995.43
736	14097.18	18539.95
737	8530.39	18792.68
738	5075.23	16403.69
739	23186.4	2704.15
740	17706.81	6389.69
741	17877.63	21726.16
742	25297.57	17442.09
743	7330.81	5604.44
744	541.5	13969.12
745	11606.91	9081.76
746	3044.95	10821.62
747	20502.85	9294.37
748	135.62	6457.2
749	5494.8	1876.54
750	16142.41	2019.46
751	11258.67	1494.79
752	14083.76	13888.22
753	20023.92	23479.23
754	439.63	6533.86
755	6610.06	12609.1
756	1519.85	11983.99
757	24401.33	2987.56
758	23098.67	6063.73
759	17010.78	25919.11
760	17747.47	17423.01
761	12865.53	16573.78
762	19133.55	11383.75
763	12888.24	25982.38
764	18699.39	8385.46
765	23600.36	1536.85
766	5940.19	16286.4
767	19776.1	21050.33
768	16368.97	14853.56
769	3599.48	13665.72
770	4594.59	24422.94
771	23121.3	18166.65
772	25343.88	21598.21
773	16980.43	4780.65
774	18354.58	3059.72
775	15158.35	21494.49
776	19119.41	6060.71
777	19451.43	5941.92
778	20030.04	5998.07
779	17042.08	8826.96
780	5454.67	1052.97
781	8773.45	16895.18
782	7880.75	10180.58
783	1241.41	12774.27
784	8226.42	2194.02
785	25090.13	2033.57
786	18285.96	10453.71
787	21950.35	184.6
788	7466.34	2289.11
789	15110.13	9943.35
790	20702.47	18024.98
791	13080.89	21572.69
792	6248.6	16107.73
793	11644.77	1111.64
794	8924.89	14938.8
795	3299.86	2206.61
796	25454.17	8244.13
797	6518.04	19195.54
798	8121.27	3026.87
799	22415.59	7984.42
800	3.02	20506.38
801	3011.1	11357.49
802	25179.81	13100.81
803	6803.09	10381.29
804	17779.69	20645.56
805	19707.63	12658.29
806	24903.9	3714.97
807	19060.21	11485.82
808	12887.77	19799.92
809	6009.74	13708.17
810	1026.84	19132.09
811	24417.24	21538.05
812	13103.89	12261.29
813	23962.8	3768.65
814	25787.61	216.2
815	25066.33	17975.46
816	1169.46	3518.72
817	1001.11	286.28
818	7112.6	13586.44
819	7091.53	21851.61
820	14634.75	21995.62
821	12905.6	16862.08
822	15888.73	8687.59
823	24442.37	25485.51
824	7073.2	17053.73
825	22368.36	6637.3
826	20560.18	6150.78
827	19823.63	11457.85
828	24392.77	17167.93
829	3364.07	1416.0
830	23971.73	17435.41
831	13272.52	3300.31
832	5103.23	11944.52
833	6552.9	5388.47
834	3612.71	18716.99
835	8714.25	20577.43
836	9164.54	15092.79
837	5813.95	19104.5
838	20809.75	20989.8
839	17411.42	3296.29
840	10773.49	21080.54
841	21797.77	717.73
842	25748.31	8530.2
843	1223.69	5528.78
844	21527.68	884.32
845	14749.49	20451.5
846	17316.11	15701.1
847	5892.15	5642.14
848	6326.53	18829.64
849	16840.85	14839.68
850	11859.97	21799.48
851	23760.41	22105.02
852	6722.97	8128.32
853	2953.04	11630.31
854	12228.21	9162.54
855	10641.42	15325.25
856	4644.21	22889.56
857	12972.24	19196.8
858	785.31	22877.19
859	25489.03	21542.18
860	4971.83	9489.61
861	11604.34	12615.32
862	18434.86	10910.78
863	5030.31	14787.48
864	6788.57	15774.74
865	9034.43	10614.89
866	14659.95	5629.73
867	12559.34	7777.99
868	3244.5	4560.01
869	19596.11	11741.84
870	9775.57	24792.4
871	8596.97	22009.68
872	12931.53	12412.01
873	8375.8	24138.03
874	7736.84	13419.67
875	7305.98	6792.97
876	1210.49	16762.9
877	21220.86	1672.43
878	8472.93	3635.08
879	15964.89	19490.21
880	9055.11	10006.9
881	1469.92	13963.52
882	17425.01	17624.52
883	733.96	21151.16
884	3187.96	8860.66
885	1044.61	9016.82
886	7123.51	12010.84
887	8509.68	9415.49
888	1804.94	8918.32
889	2803.05	8195.34
890	1708.83	17477.82
891	13812.39	14821.09
892	16301.83	15898.99
893	5714.58	20472.31
894	18770.26	16844.86
895	24537.53	25137.82
896	9584.94	25389.79
897	4131.89	2782.35
898	13533.8	6617.15
899	14503.79	3589.54
900	25306.99	1646.69
901	3478.86	19631.9
902	12645.68	17413.11
903	24557.12	601.55
904	4842.44	7895.24
905	22355.81	25895.93
906	23661.54	25130.89
907	17490.09	19551.27
908	1089.05	12421.78
909	25195.04	954.98
910	7202.72	25319.3
911	577.21	4958.01
912	18765.24	10869.21
913	6292.48	9592.58
914	23894.48	4558.81
915	4190.52	2200.61
916	16428.27	3200.13
917	11638.72	14659.85
918	16540.38	10485.4
919	1501.97	20023.7
920	8954.01	11878.1
921	8215.84	13410.96
922	24617.01	12588.92
923	5593.04	3656.84
924	22001.46	16337.38
925	12502.62	2092.1
926	20546.53	19763.15
927	8698.18	15664.49
928	15542.66	23520.04
929	10800.31	17342.56
930	15785.21	11738.34
931	6088.2	19453.36
932	15295.84	5799.59
933	11483.62	19121.67
934	11612.44	11653.46
935	1247.1	19789.33
936	10830.05	25002.17
937	11869.31	22956.34
938	12219.62	18491.12
939	3448.62	11917.96
940	22862.09	6665.08
941	3027.46	1064.51
942	17785.84	20760.37
943	10306.49	19128.77
944	12622.15	17654.49
945	6972.51	4357.0
946	8051.87	13438.04
947	1769.68	2184.1
948	14281.23	13197.64
949	4295.13	645.21
950	25667.21	19402.75
951	19186.15	9703.97
952	3410.03	4974.02
953	20741.22	2636.38
954	23522.75	15958.81
955	22946.99	17366.11
956	12540.67	3778.93
957	14167.56	17126.53
958	13980.49	11090.35
959	6405.87	22461.52
960	14053.17	4564.86
961	106.93	13959.0
962	1523.09	12901.85
963	20344.91	13281.67
964	13790.61	20411.87
965	19050.88	18979.14
966	2406.02	11055.55
967	12171.96	19209.31
968	14792.89	11645.9
969	23694.1	23978.43
970	20642.06	1349.65
971	13264.78	21247.48
972	12204.91	20176.86
973	12262.83	16168.25
974	12565.88	772.99
975	9915.65	19643.57
976	2201.97	10211.76
977	20876.42	4008.68
978	7649.44	16584.74
979	21620.08	12154.45
980	13379.57	24465.3
981	4684.34	11922.04
982	17768.14	1211.12
983	20946.06	15785.62
984	25878.66	3525.84
985	13106.37	4191.2
986	10214.2	14880.39
987	7951.69	17227.96
988	19216.79	17512.08
989	1850.94	4312.9
990	14186.85	8311.6
991	7079.8	22648.32
992	25151.5	17160.06
993	3383.59	24265.42
994	20518.04	214.46
995	6429.55	24011.73
996	7314.79	11395.41
997	8470.01	12631.31
998	22539.23	1875.39
999	15996.78	22338.36
1000	20415.52	11423.26
1001	11751.42	12033.37
1002	12755.85	19482.1
1003	24097.89	19066.47
1004	24753.38	8774.71
1005	4091.43	10595.89
1006	9385.49	20358.32
1007	8632.76	3214.27
1008	20263.62	7702.11
1009	7364.72	23795.29
1010	723.1	13071.46
1011	24408.11	385.24
1012	5517.67	1636.75
1013	2897.21	4272.07
1014	25990.06	347.73
1015	5576.47	8173.42
1016	2472.81	23543.61
1017	361.85	13311.05
1018	23609.19	9733.93
1019	9831.48	12183.4
1020	14206.41	23109.5
1021	14803.55	10127.21
1022	12895.93	20139.93
1023	22263.79	13939.51
1024	13071.64	1102.65
1025	9257.5	20840.69
1026	7736.33	17894.11
1027	11667.85	19302.5
1028	9721.39	18591.61
1029	1817.73	20644.52
1030	14659.97	1092.0
1031	22191.62	5840.49
1032	6827.77	6239.97
1033	2613.91	346.01
1034	9296.84	1558.65
1035	14959.69	5917.83
1036	15169.08	7035.15
1037	12658.91	20573.68
1038	17309.38	15115.61
1039	2331.32	5086.56
1040	483.87	7477.19
1041	23296.82	20734.23
1042	13007.96	11721.68
1043	3886.95	20421.12
1044	17986.94	3407.96
1045	8840.15	19364.67
1046	9158.54	23031.59
1047	1582.7	23734.72
1048	1356.94	3124.07
1049	2722.6	12849.61
1050	16727.34	790.02
1051	14922.24	4054.3
1052	3500.18	15460.61
1053	14823.51	25608.23
1054	20276.97	14787.13
1055	17480.69	8122.31
1056	19114.68	15960.54
1057	9281.35	23410.71
1058	12012.85	9280.58
1059	8989.3	17057.18
1060	7100.48	10482.41
1061	8293.76	21179.45
1062	10963.51	10058.25
1063	13401.15	13619.16
1064	13458.21	1972.29
1065	23037.35	18391.41
1066	16268.31	8869.67
1067	14923.89	9244.15
1068	2136.23	11077.12
1069	9800.65	16701.11
1070	6711.45	271.05
1071	11527.77	1175.31
1072	4593.03	20523.66
1073	1187.29	14802.07
1074	15880.04	3749.63
1075	807.39	22852.85
1076	24886.03	7295.77
1077	6272.92	13656.28
1078	3930.57	3076.32
1079	9630.76	11980.39
1080	17931.28	23867.6
1081	23752.62	3984.0
1082	20579.26	25630.33
1083	16665.25	2416.84
1084	24690.84	7288.55
1085	5223.58	17209.93
1086	18883.67	7218.25
1087	24228.39	15319.08
1088	2071.19	23194.93
1089	7743.07	25323.16
1090	23166.06	19416.71
1091	601.42	18084.61
1092	3674.42	22643.99
1093	2787.23	2379.73
1094	19699.16	19956.9
1095	569.96	13097.41
1096	24293.33	9890.89
1097	23255.5	7744.43
1098	16727.73	18848.62
1099	3073.34	16732.53
1100	25605.13	10713.19
1101	16830.47	11738.39
1102	7360.52	2828.89
1103	126.38	3810.91
1104	24390.83	23427.33
1105	8083.76	17844.69
1106	13017.88	16830.23
1107	9120.7	18171.2
1108	24610.43	18088.09
1109	23939.14	20702.15
1110	16007.1	8446.07
1111	24542.96	18117.05
1112	7240.99	24411.05
1113	3573.96	8175.72
1114	3629.15	7324.9
1115	16709.53	2127.81
1116	4793.25	18146.53
1117	13521.52	13893.11
1118	7880.13	5992.6
1119	14516.03	4614.37
1120	1038.7	12169.01
1121	25305.83	4572.01
1122	20893.21	3007.63
1123	2260.94	8213.02
1124	10536.65	19459.92
1125	2876.08	4931.09
1126	13303.54	12625.21
1127	12469.4	11739.67
1128	9264.55	8953.88
1129	2421.79	22931.18
1130	6955.66	19880.95
1131	25627.53	23558.24
1132	18978.39	17556.52
1133	22034.83	15926.14
1134	22204.62	6632.53
1135	12156.28	24258.41
1136	17905.04	22765.98
1137	18859.37	6838.88
1138	5039.12	23242.99
1139	876.35	8005.55
1140	4298.69	12521.94
1141	24887.27	10643.32
1142	2569.4	10135.38
1143	23538.1	13030.66
1144	4986.86	15814.44
1145	4238.56	5787.12
1146	3279.0	17757.17
1147	16765.7	860.33
1148	7417.08	9163.17
1149	23583.07	16754.55
1150	24379.27	6253.18
1151	14018.99	19575.97
1152	13833.38	22149.97
1153	8219.24	6255.69
1154	22135.7	15945.59
1155	22591.6	8108.94
1156	7246.43	4175.36
1157	7619.57	23569.22
1158	15042.4	23608.94
1159	4266.67	12791.71
1160	8222.7	16073.85
1161	20601.71	13425.25
1162	11205.15	16770.64
1163	6759.49	7974.88
1164	25508.98	3001.39
1165	1630.64	1942.36
1166	23837.76	8586.03
1167	17211.24	16331.2
1168	10768.69	14113.59
1169	835.35	21305.54
1170	6899.48	11841.5
1171	15242.12	19976.0
1172	22741.78	5802.09
1173	11156.05	12810.89
1174	7834.62	2680.78
1175	13384.87	25464.67
1176	21809.09	6544.1
1177	2146.05	20057.09
1178	10069.28	22704.28
1179	14929.87	14034.96
1180	17890.69	9178.52
1181	6949.43	3628.99
1182	3788.58	1525.02
1183	1220.12	24558.95
1184	23825.66	10054.08
1185	2456.86	10403.49
1186	23659.87	15054.34
1187	10925.63	7865.8
1188	16246.62	7358.9
1189	5531.67	1921.09
1190	396.49	9703.16
1191	22149.3	21387.4
1192	13927.63	7146.49
1193	7502.45	14180.87
1194	23768.14	24552.34
1195	12210.82	23467.8
1196	18047.88	24566.06
1197	12545.27	16774.82
1198	17121.0	6555.93
1199	1651.57	8565.57
1200	15108.28	5641.02
1201	14283.41	16818.22
1202	7946.39	18258.15
1203	24619.12	2014.29
1204	10217.02	12780.84
1205	1580.73	13421.99
1206	11138.17	23864.42
1207	6875.29	21295.01
1208	15785.08	20006.33
1209	18981.13	24756.8
1210	1656.18	2499.01
1211	19189.96	22721.53
1212	17393.42	13809.83
1213	662.62	20002.12
1214	12040.47	3404.78
1215	10552.97	5548.88
1216	1457.01	16639.09
1217	3971.57	3595.97
1218	22867.0	15419.87
1219	15210.48	14378.42
1220	20751.76	8752.83
1221	2595.18	21812.94
1222	20674.3	4977.47
1223	2258.35	6097.77
1224	12459.23	10316.7
1225	4642.79	8290.6
1226	16285.8	14854.69
1227	14376.37	2286.13
1228	8448.48	6121.14
1229	18058.01	12729.53
1230	19117.77	23827.03
1231	18946.14	22471.81
1232	2960.74	25825.69
1233	20560.23	19026.67
1234	15222.16	4816.73
1235	24712.68	5829.27
1236	9114.59	6128.32
1237	22557.42	18146.14
1238	9208.3	5126.15
1239	20932.06	902.84
1240	25784.39	16198.24
1241	6358.4	11359.08
1242	7366.03	479.18
1243	13049.73	10465.02
1244	16007.54	4761.32
1245	19679.38	13416.99
1246	20077.04	1375.49
1247	23973.63	1352.75
1248	9214.6	21135.83
1249	21195.21	2389.22
1250	20125.46	12780.36
1251	23579.0	25427.53
1252	7168.13	4331.53
1253	23100.31	21025.67
1254	19836.75	8588.24
1255	12086.61	12207.7
1256	24325.66	25770.42
1257	2733.36	4568.06
1258	16262.76	20379.11
1259	1584.02	25069.88
1260	2058.22	24171.5
1261	11496.96	14279.41
1262	23030.96	25143.03
1263	12584.51	8023.85
1264	23926.26	10113.84
1265	10251.67	8284.27
1266	14986.47	894.7
1267	17704.08	25490.19
1268	18715.18	4316.71
1269	14523.14	24479.68
1270	23028.06	1992.21
1271	4259.26	24100.55
1272	21310.59	13632.58
1273	11366.25	6058.87
1274	25304.35	22426.15
1275	20914.22	3842.32
1276	15184.21	20110.1
1277	18226.83	17644.67
1278	1187.77	23975.82
1279	11876.46	23061.81
1280	23850.44	18631.39
1281	6845.26	6829.49
1282	24151.26	3952.01
1283	13513.43	25964.9
1284	23541.68	17224.18
1285	23217.78	3645.81
1286	17992.58	1729.44
1287	16864.12	8777.02
1288	24885.95	22268.94
1289	19672.02	14655.67
1290	24389.05	24927.25
1291	11419.53	11547.6
1292	7171.16	2869.49
1293	11719.57	19507.58
1294	19433.96	11528.34
1295	14522.29	11388.57
1296	8825.53	10947.53
1297	3286.42	15848.41
1298	19610.64	18733.81
1299	7388.18	12208.92
1300	19943.65	21035.31
1301	1911.71	8426.58
1302	7735.5	3621.93
1303	11460.87	4297.68
1304	2716.91	11544.16
1305	15883.83	19558.93
1306	4481.62	15661.46
1307	25293.48	20576.3
1308	9148.6	25634.55
1309	17787.93	2690.85
1310	14018.79	14141.12
1311	3746.69	8467.2
1312	5433.47	21080.05
1313	4091.6	119.91
1314	24712.3	25570.81
1315	23617.45	4434.44
1316	18999.89	1337.09
1317	17243.47	578.31
1318	20538.9	13927.66
1319	7861.83	3511.61
1320	13602.91	14962.8
1321	14560.76	18333.25
1322	5512.9	14308.76
1323	9418.92	8123.53
1324	20595.41	1324.48
1325	12722.54	2480.95
1326	13959.9	10426.38
1327	14601.95	25559.66
1328	23872.4	11998.73
1329	10839.12	16732.3
1330	18626.99	12778.54
1331	6470.77	24021.41
1332	8405.57	10038.0
1333	22205.82	24756.53
1334	15367.62	22435.74
1335	12843.51	24325.12
1336	15367.39	9659.56
1337	21248.62	2613.13
1338	14221.32	8360.22
1339	18090.9	15162.36
1340	6886.83	10741.8
1341	7047.75	5649.82
1342	21918.74	12754.34
1343	17489.96	9493.92
1344	5683.59	14369.29
1345	9221.36	21503.83
1346	9448.03	25318.63
1347	16206.86	15003.25
1348	21561.68	8461.34
1349	10501.39	8295.76
1350	10897.91	10898.76
1351	15686.22	2064.64
1352	8913.51	10796.21
1353	11402.59	17660.09
1354	2894.35	9977.42
1355	19738.62	918.6
1356	15619.24	783.49
1357	1692.74	12526.07
1358	8844.23	20150.74
1359	22021.81	12701.12
1360	25839.99	13932.27
1361	24971.88	289.19
1362	22872.37	22933.91
1363	23976.44	21789.1
1364	3712.01	16478.14
1365	17576.5	4858.45
1366	12215.98	318.91
1367	5469.44	14784.85
1368	1138.63	15851.12
1369	22881.23	13529.33
1370	25099.32	16059.6
1371	25065.19	18736.91
1372	17314.51	18946.92
1373	153.9	13458.13
1374	15436.03	8070.55
1375	14855.17	11395.82
1376	8902.44	13547.99
1377	6648.36	9296.95
1378	21653.83	19106.42
1379	13107.69	2700.26
1380	4979.38	14722.27
1381	2636.73	10404.36
1382	11997.2	21507.85
1383	23381.87	21169.83
1384	13342.42	7369.5
1385	23500.09	4181.32
1386	1179.6	15365.76
1387	1724.65	8224.36
1388	22738.47	9899.54
1389	6752.95	767.42
1390	15505.27	11349.93
1391	20255.19	3543.69
1392	10647.56	3984.4
1393	24667.38	19340.53
1394	14491.38	14656.76
1395	7574.52	3589.04
1396	17030.11	20401.85
1397	7850.88	24348.51
1398	23301.29	24694.77
1399	10660.37	17563.3
1400	1345.83	5777.13
1401	1864.75	9437.13
1402	11810.42	19252.75
1403	11333.41	23134.61
1404	4745.56	14607.4
1405	21103.96	4021.98
1406	20821.77	13717.19
1407	17601.18	18747.5
1408	12275.26	78.5
1409	22943.51	15011.4
1410	19017.25	5056.43
1411	25005.66	19439.49
1412	24396.43	18991.58
1413	16061.76	21037.22
1414	7931.39	19680.98
1415	1831.45	16524.86
1416	5004.11	25695.98
1417	7727.8	24877.66
1418	16446.99	8474.9
1419	14066.1	9747.05
1420	18582.11	15814.01
1421	25180.67	3531.39
1422	10274.06	12737.76
1423	22160.71	6832.64
1424	23984.91	3397.35
1425	9932.29	8910.59
1426	3169.89	7892.85
1427	14723.61	583.79
1428	9400.52	13579.28
1429	14209.98	2313.93
1430	13368.48	24712.28
1431	23391.75	18984.24
1432	22473.19	3655.94
1433	2005.4	20990.62
1434	4073.17	21324.09
1435	2315.21	19330.07
1436	7521.6	11578.79
1437	5712.06	17660.75
1438	24920.61	5881.28
1439	3867.03	9315.95
1440	14181.32	849.82
1441	16355.78	12822.64
1442	10272.28	9713.96
1443	8575.8	705.13
1444	21631.44	21554.26
1445	1605.45	6693.12
1446	8146.38	25248.17
1447	7873.99	9149.62
1448	25178.89	18333.51
1449	630.75	19796.6
1450	17692.2	4259.24
1451	14408.12	12983.85
1452	7035.67	11093.61
1453	13141.18	12024.92
1454	16459.85	6926.12
1455	4456.5	12787.22
1456	3538.32	18883.96
1457	10273.32	17232.97
1458	16673.94	7907.19
1459	19208.29	13276.35
1460	2675.48	6601.05
1461	25734.26	24032.83
1462	21987.63	12138.87
1463	1961.52	5689.13
1464	25438.62	4185.2
1465	6193.13	3653.55
1466	25201.66	2293.43
1467	3210.31	12796.57
1468	18977.33	22795.46
1469	7584.12	9103.06
1470	10019.82	18526.87
1471	19056.56	3357.61
1472	17869.71	22995.56
1473	21203.69	7476.82
1474	2226.01	17026.06
1475	14411.37	3555.51
1476	17096.07	5129.43
1477	10576.49	12021.52
1478	2627.29	23649.06
1479	2742.01	20666.13
1480	23134.17	3693.36
1481	16319.12	13090.08
1482	15990.83	5327.9
1483	20895.54	22533.04
1484	1969.22	25583.49
1485	9498.69	15302.64
1486	13230.43	10177.66
1487	5366.61	6401.21
1488	4137.9	7665.0
1489	8126.75	18655.8
1490	24562.61	6643.52
1491	16338.6	22290.75
1492	437.06	11238.78
1493	2989.07	16287.84
1494	8960.1	25886.05
1495	7091.08	16984.05
1496	12748.19	14700.32
1497	14335.77	21721.58
1498	5399.32	18726.8
1499	17087.18	12373.47
1500	16560.35	11829.8
1501	14955.63	25301.79
1502	13460.44	7708.67
1503	15632.95	21549.01
1504	18615.09	16085.63
1505	23356.48	25395.63
1506	847.22	16600.35
1507	9731.33	1847.86
1508	7893.93	24019.45
1509	6938.64	6291.43
1510	1436.0	15995.83
1511	25314.07	5829.96
1512	17864.94	17118.18
1513	15011.08	11931.6
1514	9360.45	17632.05
1515	20329.4	2821.84
1516	23045.64	11439.74
1517	12133.93	5060.17
1518	10771.31	13272.48
1519	18897.69	2681.27
1520	16251.73	6542.17
1521	13561.03	21487.37
1522	1702.77	23913.75
1523	15.07	15947.85
1524	8491.93	15106.0
1525	22482.91	11162.11
1526	13203.06	2408.11
1527	2538.21	6434.4
1528	730.03	5798.69
1529	4345.08	12479.87
1530	22362.21	15775.82
1531	1879.17	7557.16
1532	10863.91	22505.73
1533	17572.77	5973.52
1534	22024.79	5052.26
1535	22117.82	22359.54
1536	10214.89	23865.43
1537	23544.22	23054.43
1538	18713.65	14113.83
1539	12175.37	17786.46
1540	8095.11	19176.23
1541	6365.47	24499.85
1542	24145.38	14698.7
1543	22091.66	725.92
1544	16116.09	10716.61
1545	19412.27	6842.57
1546	12322.33	3074.89
1547	19466.73	21246.63
1548	4720.45	1925.74
1549	662.57	1205.9
1550	5933.79	11561.65
1551	24403.79	22169.4
1552	24413.54	5579.47
1553	5291.71	4975.27
1554	23319.26	21889.69
1555	12755.73	7651.85
1556	1682.65	16593.25
1557	10492.9	18680.48
1558	8536.6	19512.9
1559	23240.71	21536.01
1560	5144.78	8517.83
1561	3314.18	18526.95
1562	15564.79	9617.38
1563	5187.5	21002.96
1564	12642.08	19273.09
1565	20330.66	21382.62
1566	14906.06	13034.57
1567	23349.37	25867.0
1568	4493.35	24365.33
1569	3237.79	19121.2
1570	2608.41	15468.91
1571	20660.88	11516.17
1572	25638.55	1777.89
1573	9031.22	16228.13
1574	22201.06	20569.12
1575	7452.44	17279.82
1576	13247.52	22432.5
1577	21977.57	18727.73
1578	17639.56	22517.17
1579	18974.71	25290.9
1580	17476.82	25312.05
1581	6243.26	23632.75
1582	7504.57	18546.12
1583	5182.57	13645.89
1584	308.51	13353.16
1585	18078.89	12731.94
1586	24023.05	11718.32
1587	13844.16	25673.17
1588	18492.31	5292.48
1589	18377.32	8471.55
1590	20481.39	1766.96
1591	11457.26	22341.68
1592	13809.81	24990.66
1593	2990.69	8498.59
1594	11079.05	18479.65
1595	16223.53	7690.64
1596	18148.67	22550.92
1597	24857.99	24779.45
1598	21032.1	22797.16
1599	714.08	24076.89
1600	4879.31	18979.53
1601	4394.75	14541.09
1602	11989.11	14588.82
1603	20492.59	998.29
1604	20184.79	2144.61
1605	3454.07	18746.13
1606	3566.22	2612.99
1607	23247.26	7062.75
1608	11064.27	14879.11
1609	16759.38	145.21
1610	22436.3	18260.27
1611	8130.86	420.57
1612	14852.12	8846.25
1613	10765.96	2451.41
1614	17459.09	2755.08
1615	7944.54	10868.91
1616	3557.96	8181.51
1617	3391.53	9463.99
1618	12743.57	1967.08
1619	4934.12	8122.13
1620	8560.44	11965.64
1621	17082.7	1421.71
1622	25390.06	6290.02
1623	2650.06	9192.79
1624	4320.26	24754.38
1625	3215.08	16813.26
1626	3768.92	3413.37
1627	16272.56	21525.43
1628	17146.04	13751.89
1629	11539.53	10825.0
1630	7460.92	19074.12
1631	12060.67	5708.93
1632	7239.37	23301.59
1633	521.29	665.55
1634	467.91	25843.61
1635	10425.1	8392.17
1636	21556.96	9479.71
1637	18928.64	5083.05
1638	21971.16	21919.15
1639	1133.28	25930.82
1640	20285.25	2693.02
1641	25331.81	4718.47
1642	2953.96	9177.15
1643	19722.92	16707.27
1644	1739.51	21573.65
1645	2747.54	1622.14
1646	13005.58	11591.36
1647	9541.49	20118.46
1648	16320.51	3183.34
1649	17262.8	15523.41
1650	18081.17	12554.01
1651	10642.9	2195.88
1652	19903.12	13503.13
1653	18108.95	21506.93
1654	11534.28	13677.84
1655	23700.84	20355.94
1656	20122.87	10757.94
1657	5429.09	12712.45
1658	15472.24	25972.11
1659	19619.87	1730.4
1660	5874.06	18733.68
1661	23654.03	14207.24
1662	16845.83	7850.09
1663	3419.56	25581.92
1664	13676.8	14090.27
1665	3955.09	21981.86
1666	7346.44	24286.57
1667	16899.42	3552.08
1668	12132.23	21461.94
1669	17480.39	20450.23
1670	853.01	6077.79
1671	8073.35	2250.06
1672	13483.49	18124.26
1673	22188.03	16714.14
1674	7860.11	21003.07
1675	19977.79	2974.83
1676	14036.9	17908.02
1677	21707.16	14206.23
1678	13421.12	387.12
1679	23481.27	4178.07
1680	11779.73	9224.29
1681	17765.74	22652.79
1682	8343.16	15749.11
1683	23567.52	3022.06
1684	18044.78	11715.71
1685	18623.64	8588.49
1686	4694.95	20687.57
1687	16482.65	18030.53
1688	12888.94	11569.4
1689	17211.68	11814.67
1690	10754.06	4132.73
1691	21863.94	17864.61
1692	10722.63	6479.67
1693	18577.41	20789.18
1694	4543.17	320.35
1695	1280.57	16416.62
1696	4660.19	10449.46
1697	15465.44	1849.61
1698	12511.68	9199.21
1699	19556.98	14795.69
1700	17141.35	20696.86
1701	4804.1	15756.32
1702	20515.38	19506.85
1703	17765.49	5368.07
1704	5123.57	25941.02
1705	6663.9	4207.69
1706	19043.12	12641.63
1707	1554.35	24193.01
1708	2114.75	10827.3
1709	23145.57	11259.84
1710	22879.8	23678.57
1711	20412.15	25434.23
1712	21376.97	7454.94
1713	13491.39	14245.86
1714	12486.5	7036.04
1715	22757.82	19341.63
1716	6780.38	21608.25
1717	8339.17	14859.74
1718	11874.45	19250.29
1719	11213.49	20573.56
1720	17178.8	3325.49
1721	1396.27	19455.67
1722	9791.52	11060.56
1723	6656.86	16646.81
1724	11221.54	6649.98
1725	8302.85	3393.44
1726	15705.15	12766.39
1727	23429.8	17189.47
1728	21943.33	6447.92
1729	13567.11	19563.3
1730	17308.27	21790.83
1731	10310.97	13330.41
1732	14229.32	20395.35
1733	24810.76	7786.53
1734	15343.54	8905.95
1735	22090.46	587.4
1736	19909.16	13701.9
1737	18948.83	14913.43
1738	3321.51	12835.99
1739	19044.42	24048.51
1740	4251.76	13410.2
1741	15965.67	11621.93
1742	21182.38	4404.26
1743	6801.39	7170.59
1744	19952.58	1625.78
1745	5825.5	7439.75
1746	1067.12	19910.83
1747	7187.75	7555.22
1748	22340.12	23044.15
1749	25205.1	416.0
1750	21909.2	17261.83
1751	21390.07	6214.43
1752	4858.78	16272.05
1753	5846.23	13424.53
1754	4215.64	23430.2
1755	10522.31	20779.5
1756	19524.11	155.67
1757	19852.38	17085.42
1758	1677.82	13820.17
1759	18891.33	2003.04
1760	24544.39	21137.94
1761	23036.37	672.74
1762	5975.41	13852.85
1763	16027.34	2024.38
1764	3762.87	17508.47
1765	953.76	24100.68
1766	19959.2	23322.76
1767	21091.83	12745.38
1768	17258.37	10827.24
1769	5513.25	1444.32
1770	16386.03	22531.54
1771	3311.61	1951.77
1772	2806.79	8128.4
1773	7102.2	20885.83
1774	7257.56	9998.63
1775	21133.35	24324.62
1776	9379.33	7289.16
1777	327.18	24566.64
1778	16028.91	14030.95
1779	5876.9	13988.34
1780	8233.7	6662.69
1781	7659.93	6845.57
1782	14027.53	15831.71
1783	20908.96	24141.16
1784	4049.95	12818.27
1785	20703.68	19651.22
1786	16468.55	19379.79
1787	10077.0	20637.78
1788	4711.14	14477.87
1789	151.41	18214.6
1790	12908.7	5274.09
1791	25323.2	7064.83
1792	6883.14	6279.84
1793	8031.82	3949.96
1794	13907.18	7890.98
1795	18434.19	5119.35
1796	8892.19	3969.19
1797	20344.5	20145.36
1798	25864.45	19861.65
1799	4479.5	4138.96
1800	9867.21	10540.46
1801	23390.35	17175.69
1802	7903.96	15195.57
1803	1288.43	9603.19
1804	4755.04	17527.03
1805	6952.52	7441.28
1806	1599.76	22687.7
1807	6853.0	7413.56
1808	15230.91	24393.44
1809	20604.59	16282.76
1810	23816.38	23088.33
1811	3945.53	13060.55
1812	7001.35	22103.01
1813	4321.63	18489.9
1814	24096.17	21558.61
1815	11205.41	5645.9
1816	19757.3	4824.0
1817	8503.65	6776.16
1818	23784.76	2950.5
1819	17939.47	12684.62
1820	20278.21	10358.12
1821	43.81	25572.03
1822	24082.11	611.46
1823	11075.7	18660.77
1824	25398.61	21482.24
1825	11482.07	9660.13
1826	7408.86	9588.71
1827	24438.62	8166.84
1828	23846.58	24121.69
1829	18742.06	8643.8
1830	481.4	11542.64
1831	2400.08	23844.35
1832	6569.23	24023.82
1833	19282.8	17779.69
1834	5335.22	17948.51
1835	20819.47	12489.85
1836	1197.52	18889.68
1837	10363.78	9995.03
1838	7632.67	22359.9
1839	21924.32	24690.39
1840	6026.73	10237.4
1841	4365.28	2813.02
1842	461.84	13491.11
1843	4793.08	13058.54
1844	22930.08	5247.11
1845	144.22	13501.44
1846	6799.31	12085.36
1847	18282.15	20820.51
1848	22594.71	11898.07
1849	9271.96	15551.89
1850	15840.93	20718.62
1851	16909.52	4287.09
1852	5554.42	8135.32
1853	21088.02	1940.06
1854	17576.89	17972.53
1855	10164.32	23111.14
1856	14907.71	12814.51
1857	23712.95	16152.97
1858	2494.68	296.08
1859	12465.3	442.57
1860	17574.46	22390.4
1861	18029.94	13729.75
1862	3094.76	25508.75
1863	4269.04	1330.35
1864	19680.13	16774.71
1865	4368.94	19836.5
1866	2765.7	22565.44
1867	834.82	17136.51
1868	12523.44	15793.17
1869	11031.49	6526.19
1870	1179.56	12256.46
1871	14339.63	13972.28
1872	4473.44	25317.61
1873	24944.16	7356.96
1874	18206.37	4103.7
1875	411.31	4320.14
1876	4441.57	22387.13
1877	2291.4	2633.66
1878	17635.84	13409.32
1879	5249.98	18766.29
1880	5153.91	2218.74
1881	6003.85	10167.9
1882	9317.82	25515.57
1883	20967.23	23986.37
1884	21273.5	23386.3
1885	24080.37	10013.22
1886	20272.32	25233.03
1887	11116.86	11860.46
1888	6312.54	11769.89
1889	6162.04	1923.29
1890	5252.26	20861.08
1891	6673.39	16428.46
1892	23440.8	4499.0
1893	16922.36	19668.3
1894	3506.67	4401.0
1895	24543.29	11334.96
1896	4715.23	5735.84
1897	24970.96	9117.57
1898	21422.27	5446.26
1899	23642.51	2255.15
1900	6645.08	21159.11
1901	1289.28	12962.11
1902	9463.13	25330.12
1903	17297.59	19192.4
1904	7638.64	12665.52
1905	8176.9	22260.22
1906	17333.58	10388.63
1907	24288.64	2463.2
1908	17343.54	9939.57
1909	24997.55	14612.62
1910	21498.73	22105.58
1911	17758.93	21556.04
1912	1425.3	18272.55
1913	18286.71	18824.95
1914	6976.8	10566.72
1915	14544.89	3565.68
1916	5222.81	1978.6
1917	17950.64	9586.26
1918	9778.42	18861.78
1919	14833.93	12846.51
1920	1037.59	6763.45
1921	19401.5	2579.42
1922	22118.11	14771.7
1923	12751.69	21869.62
1924	15207.6	25378.31
1925	8074.87	20764.66
1926	18960.14	24100.99
1927	13738.84	15488.38
1928	5153.51	24175.93
1929	24438.45	10359.5
1930	8005.61	12.8
1931	18799.2	5715.4
1932	16092.52	16431.38
1933	15604.91	14518.46
1934	914.34	9800.57
1935	840.48	19262.62
1936	13139.32	21970.27
1937	23508.11	17149.1
1938	15928.77	7627.95
1939	6409.71	24666.35
1940	1059.24	21050.63
1941	9647.81	11978.51
1942	2824.14	11644.97
1943	3675.83	12326.5
1944	1187.84	83.69
1945	8516.49	23941.7
1946	13684.54	19990.35
1947	6785.12	22372.97
1948	18780.22	2771.27
1949	17157.35	24736.14
1950	1129.75	25780.24
1951	12389.43	6886.98
1952	19109.65	4189.4
1953	23704.18	6687.95
1954	2385.17	9844.05
1955	6643.79	17778.19
1956	1288.7	34.63
1957	1709.47	955.02
1958	8052.72	7133.3
1959	23331.63	8645.91
1960	12510.43	20881.53
1961	3270.76	19779.68
1962	13251.66	12978.92
1963	19255.16	20044.78
1964	21182.14	900.43
1965	6753.54	14888.44
1966	24130.76	17781.53
1967	22724.44	13696.81
1968	13297.54	23179.31
1969	9918.77	20014.64
1970	8542.04	9435.19
1971	6179.87	7850.25
1972	25042.85	21895.48
1973	1530.51	25318.79
1974	20499.12	11017.6
1975	1175.23	12730.58
1976	5565.94	7038.38
1977	2528.25	1631.66
1978	21953.57	59.33
1979	13603.98	19016.55
1980	12516.97	15867.08
1981	5246.06	1062.86
1982	22521.54	1299.65
1983	10903.22	5073.13
1984	22789.65	2078.92
1985	18393.7	10470.0
1986	8736.7	11629.55
1987	5761.89	25500.69
1988	22600.92	12990.0
1989	10036.65	10263.41
1990	6372.61	14298.09
1991	24419.35	5702.45
1992	21401.56	3796.22
1993	10903.7	17159.96
1994	7486.99	21681.69
1995	16978.91	22005.21
1996	5353.37	9512.9
1997	15635.11	19555.79
1998	25032.64	5207.84
1999	6851.83	21516.33
2000	9958.9	7190.64
2001	25758.21	23652.14
2002	1361.96	24567.23
2003	22556.69	6655.87
2004	14989.12	18979.45
2005	538.4	23517.04
2006	4834.15	12008.08
2007	16981.05	18313.6
2008	7282.01	21303.49
2009	21863.25	20392.42
2010	18432.06	5388.79
2011	12856.85	5356.91
2012	16065.47	15126.07
2013	19871.89	25864.15
2014	793.86	9483.13
2015	7275.01	12783.52
2016	22505.58	11632.39
2017	13328.09	17724.56
2018	23401.24	17195.89
2019	20688.38	7386.24
2020	5801.33	24930.3
2021	13584.47	20821.86
2022	16602.08	5436.18
2023	24701.52	22287.6
2024	6062.21	6451.78
2025	19043.32	23019.2
2026	2939.15	1305.1
2027	13715.36	5996.51
2028	5735.39	18852.12
2029	9286.53	16667.61
2030	16117.96	10038.65
2031	1612.81	3721.01
2032	10864.28	14944.26
2033	22018.42	15601.05
2034	22968.11	24180.17
2035	13045.14	17038.29
2036	17597.84	13589.15
2037	10850.45	18844.96
2038	10917.65	17787.7
2039	21748.09	22003.21
2040	3601.13	17682.99
2041	15910.93	16812.68
2042	12756.96	14560.62
2043	19837.74	10236.55
2044	16094.43	794.33
2045	22167.13	14380.86
2046	23244.96	16172.75
2047	17301.9	25673.2
2048	1900.81	25918.58
2049	3809.15	8947.58
2050	15357.62	15126.62
2051	8538.3	11718.35
2052	172.1	1835.69
2053	7222.23	11950.73
2054	3016.67	9604.91
2055	15221.13	11232.99
2056	16885.51	24159.28
2057	14844.65	22896.34
2058	5792.92	14229.93
2059	5294.44	12039.72
2060	18062.94	12683.95
2061	2090.72	6869.76
2062	22384.34	24236.38
2063	7876.74	10656.02
2064	12553.36	2144.53
2065	13936.24	25326.47
2066	106.43	13420.52
2067	14519.2	15765.95
2068	6935.56	25192.25
2069	6328.02	20034.89
2070	8107.3	25262.96
2071	2735.26	10392.5
2072	3929.29	18900.95
2073	20852.94	22761.0
2074	2915.71	15336.8
2075	1240.57	21293.68
2076	9735.81	24158.13
2077	25408.78	6398.05
2078	3187.92	18635.78
2079	13684.85	17245.54
2080	13789.33	20011.96
2081	6298.15	1544.67
2082	21222.45	21845.86
2083	22696.25	142.37
2084	3676.27	465.28
2085	25443.05	8560.64
2086	7583.21	4810.39
2087	8420.25	13687.96
2088	11958.41	12472.24
2089	20752.42	21115.21
2090	9443.76	24792.87
2091	9902.91	16249.33
2092	12665.28	14029.3
2093	1935.91	9401.23
2094	13291.34	4351.04
2095	24383.9	3031.16
2096	5332.22	18689.46
2097	2561.94	3694.44
2098	23031.01	6443.59
2099	8528.37	4948.38
2100	9629.09	3935.33
2101	1994.11	14597.6
2102	20441.71	1269.39
2103	18.31	21464.8
2104	2127.8	24411.55
2105	7551.28	18644.95
2106	5217.49	7820.76
2107	663.84	21978.5
2108	16334.46	3283.41
2109	24625.96	10175.26
2110	7323.57	3327.76
2111	14379.17	13561.99
2112	516.6	18059.32
2113	21363.16	22150.43
2114	24519.27	2699.62
2115	3150.93	19678.06
2116	2715.61	15857.57
2117	17629.46	18290.49
2118	15012.84	12501.27
2119	15576.61	17868.37
2120	636.8	304.91
2121	2025.03	19888.46
2122	23197.18	1466.21
2123	13268.65	11545.65
2124	18761.2	25361.32
2125	1033.18	22519.55
2126	11698.5	21826.18
2127	127.67	18814.02
2128	24834.37	21328.41
2129	17487.24	5849.79
2130	22580.88	3859.67
2131	15167.93	22945.3
2132	10071.6	6866.83
2133	20750.81	24374.4
2134	1203.04	19929.91
2135	22345.13	24386.58
2136	3917.06	18572.72
2137	10398.03	8364.36
2138	8411.81	9482.49
2139	18097.78	9005.09
2140	16331.85	7411.2
2141	4574.63	11758.84
2142	16969.5	2289.74
2143	20342.82	2144.05
2144	17137.13	15010.93
2145	2295.24	20300.83
2146	10958.6	10454.38
2147	4186.16	3653.16
2148	12608.12	25154.58
2149	1476.9	15448.0
2150	16397.02	8002.84
2151	24812.18	17971.34
2152	20588.41	16867.22
2153	11763.92	3330.43
2154	17741.97	10864.75
2155	23126.64	17021.44
2156	16490.32	23246.98
2157	1957.27	20197.55
2158	6295.84	21189.43
2159	9906.3	19353.25
2160	15090.75	24996.53
2161	9774.01	3403.55
2162	22938.36	24406.42
2163	10029.21	9557.61
2164	5930.63	3308.69
2165	16392.86	5538.6
2166	54.13	9424.14
2167	3300.31	4571.16
2168	24441.29	21785.0
2169	17655.27	14626.52
2170	11233.67	8131.77
2171	14805.41	58.06
2172	13313.44	10761.27
2173	20155.59	1902.81
2174	10438.15	23580.95
2175	5445.85	8699.81
2176	157.37	24294.48
2177	25901.24	12279.68
2178	7206.58	18779.59
2179	4700.14	7116.56
2180	23258.62	11584.43
2181	17474.0	22039.86
2182	3659.08	2256.72
2183	7368.72	16263.46
2184	7526.99	21639.12
2185	18335.76	20398.1
2186	8549.6	9017.66
2187	3751.54	9897.78
2188	14326.6	25340.59
2189	17461.71	24795.98
2190	5997.02	1267.41
2191	8816.28	16726.91
2192	15417.07	1781.59
2193	10054.11	14443.71
2194	5605.47	239.62
2195	23910.84	20267.36
2196	24024.55	18657.91
2197	13030.68	7090.72
2198	1845.06	16596.53
2199	15299.5	22267.25
2200	21089.14	9963.33
2201	11905.24	25690.62
2202	4991.81	1320.04
2203	10148.01	23782.38
2204	24987.05	17749.03
2205	14003.01	16136.75
2206	239.15	25593.8
2207	20717.1	14791.59
2208	25550.46	6055.93
2209	19149.92	14824.47
2210	17635.15	19667.69
2211	21538.11	8270.36
2212	18580.75	5406.93
2213	7705.26	22905.89
2214	2997.92	5092.31
2215	20690.54	2752.66
2216	5482.66	15189.41
2217	22451.65	11950.48
2218	15529.68	12754.59
2219	21080.48	25686.72
2220	25539.58	18529.35
2221	21090.78	10363.54
2222	6076.32	10534.05
2223	5710.03	15862.9
2224	9421.69	1149.65
2225	25864.44	15070.42
2226	13957.8	24932.64
2227	1036.2	3878.33
2228	7242.99	20955.77
2229	10255.6	1159.09
2230	20232.36	4590.12
2231	6781.93	19935.85
2232	15740.7	12360.96
2233	2768.47	21743.98
2234	2948.54	22284.98
2235	8709.86	20359.23
2236	3370.75	14133.36
2237	2860.0	23243.04
2238	18285.9	16836.57
2239	23536.43	23707.07
2240	14438.07	8255.47
2241	17933.94	7830.76
2242	10851.77	4950.7
2243	24818.71	22228.09
2244	5770.96	8031.74
2245	6833.29	15356.07
2246	21061.69	24696.21
2247	4081.0	19944.57
2248	23461.71	18883.69
2249	3429.82	12848.54
2250	18210.33	18040.58
2251	25291.59	11287.43
2252	22428.47	17390.94
2253	12818.23	12351.55
2254	12038.9	25815.46
2255	10717.46	16030.09
2256	24165.17	2896.47
2257	8184.27	16662.56
2258	1000.87	3464.07
2259	13904.65	10167.24
2260	9918.46	2064.85
2261	15788.58	7063.46
2262	4594.53	22311.6
2263	18616.11	23833.21
2264	23541.31	17708.0
2265	14307.88	153.72
2266	18620.08	18611.86
2267	13827.31	11697.52
2268	4880.42	2408.87
2269	5286.63	23277.0
2270	10528.21	23372.61
2271	12540.17	1465.49
2272	22412.07	8606.34
2273	20889.83	9313.98
2274	6160.74	3008.17
2275	487.45	4970.97
2276	14391.7	19631.83
2277	7900.87	6603.77
2278	10419.52	18505.67
2279	17536.04	15024.41
2280	24589.32	25301.12
2281	24125.56	5011.01
2282	25170.19	9526.73
2283	8543.27	647.34
2284	723.71	21569.45
2285	25101.59	10152.8
2286	4032.05	10571.05
2287	4205.93	14203.4
2288	24761.75	17664.44
2289	10666.59	5035.77
2290	11047.39	6919.69
2291	8879.73	10519.64
2292	1000.68	14269.21
2293	22192.04	9589.91
2294	21175.54	19413.02
2295	5049.3	21804.72
2296	9259.29	15188.08
2297	7505.6	15384.48
2298	2417.15	8760.36
2299	4170.97	22488.49
2300	23377.15	19381.49
2301	6955.61	19129.76
2302	22153.57	7909.37
2303	10276.33	16484.1
2304	14417.66	2901.67
2305	23772.04	7535.53
2306	3959.12	3220.46
2307	16795.03	7097.52
2308	8412.44	7314.79
2309	8119.19	10577.26
2310	11079.49	9547.28
2311	8505.15	23161.17
2312	15802.48	13445.18
2313	23850.62	24496.13
2314	18127.22	22376.7
2315	25481.71	148.47
2316	22974.99	23819.12
2317	5323.76	12736.78
2318	2225.77	25901.35
2319	4719.35	20914.5
2320	20069.12	2286.26
2321	19506.07	3734.17
2322	3992.27	5502.84
2323	16326.66	5082.77
2324	8741.8	12709.0
2325	23943.18	17959.82
2326	15674.62	24106.04
2327	6609.95	22585.32
2328	5917.84	19849.81
2329	2998.05	17463.15
2330	556.98	23474.38
2331	17431.0	11248.51
2332	24826.5	3290.79
2333	11883.34	1626.2
2334	17032.93	8852.51
2335	9389.28	9852.59
2336	14776.33	6965.02
2337	23732.85	23522.41
2338	6469.38	6830.45
2339	5740.31	21990.8
2340	2967.44	19092.43
2341	21695.41	13645.85
2342	13717.95	10761.24
2343	22688.01	21400.44
2344	24931.63	12466.86
2345	1124.98	2088.54
2346	16297.43	18425.61
2347	8539.58	5192.49
2348	14042.31	6209.47
2349	19688.55	13866.61
2350	25018.8	3317.69
2351	1301.99	6010.12
2352	22090.64	16236.85
2353	19700.84	714.56
2354	9460.56	19391.13
2355	4274.72	13763.84
2356	4651.8	13624.7
2357	11207.87	12671.82
2358	11728.26	17505.95
2359	7769.6	25651.71
2360	25937.38	17097.64
2361	632.52	22592.35
2362	20134.01	23693.16
2363	24220.6	7237.27
2364	5766.79	13164.4
2365	4144.99	10505.53
2366	22422.2	7341.28
2367	11135.03	3493.62
2368	20218.3	25137.66
2369	1703.43	11041.07
2370	4466.29	8388.02
2371	2677.05	15762.5
2372	22488.38	15774.38
2373	12406.84	2754.36
2374	9452.07	13835.63
2375	16079.43	13653.98
2376	14011.04	17009.72
2377	3068.52	11541.54
2378	25298.01	14169.24
2379	465.38	6344.95
2380	3219.23	2284.57
2381	24533.94	25354.41
2382	11881.83	22398.5
2383	24710.63	299.06
2384	21441.05	9919.23
2385	25025.55	20305.0
2386	19010.45	18405.8
2387	4783.86	17315.01
2388	10491.4	10497.04
2389	6588.06	9730.13
2390	7564.53	8550.87
2391	17853.85	11896.61
2392	25188.89	5589.47
2393	18059.42	13434.33
2394	3154.78	12946.25
2395	15506.66	21025.8
2396	25484.88	9232.02
2397	22466.99	5115.32
2398	7535.55	24904.3
2399	6315.92	18918.65
2400	3646.65	24101.57
2401	125.45	11691.82
2402	1014.86	14038.76
2403	22279.66	18994.45
2404	3012.43	25278.18
2405	19410.83	6238.38
2406	1877.12	12069.8
2407	11151.21	9258.73
2408	17799.66	2814.26
2409	11166.03	21278.03
2410	5635.14	2128.12
2411	19603.77	5178.14
2412	5826.37	7189.09
2413	24716.04	3377.16
2414	8907.98	23582.78
2415	1752.39	20732.78
2416	1677.48	7131.1
2417	12517.94	23543.37
2418	25924.67	8127.19
2419	6445.8	16610.97
2420	24141.03	6364.24
2421	19603.55	20483.0
2422	23754.13	14783.5
2423	1221.66	1049.54
2424	8496.76	17335.16
2425	6622.28	11314.72
2426	6451.16	3896.25
2427	21741.71	18212.21
2428	23986.71	13327.27
2429	14250.65	25500.93
2430	5238.85	8425.82
2431	1076.5	20190.32
2432	15261.39	2740.38
2433	19566.24	13820.91
2434	14674.13	19664.88
2435	19174.37	17482.68
2436	23500.33	6273.45
2437	24316.09	19360.17
2438	1892.07	9091.13
2439	7847.9	16098.79
2440	2293.51	16524.75
2441	13013.73	2932.79
2442	7155.21	17161.45
2443	20710.05	19809.65
2444	20623.92	23798.23
2445	25715.42	14888.05
2446	15580.62	20622.24
2447	11192.34	24803.88
2448	20851.23	15592.62
2449	6878.11	12511.71
2450	13242.73	9233.54
2451	17122.14	19899.31
2452	14072.81	11894.48
2453	21183.84	4419.72
2454	20099.42	8887.34
2455	5469.89	11749.91
2456	23356.24	11640.07
2457	20747.07	4209.12
2458	24372.04	4714.52
2459	18613.8	20320.31
2460	12160.19	24443.97
2461	8305.63	10772.85
2462	14474.61	16790.45
2463	25543.37	25928.17
2464	13699.46	24552.65
2465	8798.21	2601.54
2466	23670.41	18471.17
2467	15758.77	11692.84
2468	15154.0	15649.6
2469	10984.1	7730.27
2470	2713.09	21351.43
2471	10198.31	5266.85
2472	13434.17	19181.79
2473	2097.74	1159.67
2474	15725.5	1083.09
2475	14380.1	16649.1
2476	858.61	11968.15
2477	5514.03	23464.09
2478	13116.23	20727.67
2479	14885.57	11629.48
2480	25775.64	21513.37
2481	22501.53	18233.22
2482	20101.8	4643.04
2483	12504.33	25954.55
2484	21109.2	6868.81
2485	15263.82	6593.94
2486	5272.09	528.96
2487	2952.31	12317.67
2488	2519.93	10070.26
2489	25068.38	25369.78
2490	9752.59	17109.81
2491	18255.86	18950.72
2492	4289.02	11522.83
2493	21329.96	23875.71
2494	18865.79	5285.17
2495	23372.65	22818.32
2496	17241.52	785.77
2497	13254.07	21746.04
2498	21852.58	18761.99
2499	16433.8	12930.13
2500	19589.02	14472.55
2501	24588.15	22416.01
2502	21842.68	16059.55
2503	10338.65	21458.18
2504	16070.57	5914.95
2505	10420.02	5196.1
2506	13847.45	16150.31
2507	1453.09	17054.7
2508	21801.76	6420.12
2509	5129.3	6585.53
2510	4418.4	6319.33
2511	11816.24	17106.57
2512	22363.89	7972.98
2513	15418.81	18712.72
2514	17798.74	17335.56
2515	16129.59	10153.91
2516	20374.12	4435.57
2517	13573.31	25665.06
2518	4383.71	3036.23
2519	23460.77	14166.27
2520	7548.69	1655.6
2521	3392.16	21453.42
2522	13366.66	10042.87
2523	20386.55	15796.2
2524	3782.52	14248.98
2525	8982.35	16887.86
2526	8084.51	23602.63
2527	8235.76	938.89
2528	2228.05	8215.15
2529	14850.23	12898.5
2530	9515.85	8782.37
2531	1857.28	8367.44
2532	3252.07	1262.91
2533	15555.84	8734.17
2534	12446.86	19590.32
2535	2815.43	14078.78
2536	12095.52	869.98
2537	8099.9	18790.82
2538	692.19	467.03
2539	21568.48	15066.79
2540	2425.21	24056.41
2541	11712.59	20858.82
2542	15704.54	14214.49
2543	21838.67	1406.57
2544	16195.01	25997.71
2545	71.0	11406.54
2546	2272.54	6308.17
2547	12527.78	12446.82
2548	3670.24	12241.05
2549	5874.18	9632.13
2550	13528.29	2276.99
2551	11951.21	12035.24
2552	22027.42	18509.98
2553	20112.19	20108.88
2554	915.11	24482.18
2555	24454.86	5612.42
2556	4788.09	8816.65
2557	24236.15	6881.99
2558	25361.51	2967.61
2559	12303.76	13056.76
2560	18915.6	13101.62
2561	13939.4	18665.47
2562	8286.8	6208.32
2563	4111.64	8860.22
2564	18614.88	281.16
2565	25667.38	6319.02
2566	20246.76	19323.55
2567	2602.72	20247.06
2568	22660.39	12320.77
2569	21369.66	7846.48
2570	20021.54	21609.1
2571	8417.84	14335.95
2572	9710.64	12916.7
2573	3689.27	15422.33
2574	12902.66	15935.36
2575	20954.42	23376.29
2576	20260.07	17926.09
2577	12252.7	7501.22
2578	7066.93	8776.1
2579	10271.08	22355.98
2580	25788.05	10145.3
2581	14572.38	14408.19
2582	4159.22	2851.78
2583	235.62	13254.82
2584	53.71	17119.9
2585	17952.26	646.68
2586	22808.69	1145.58
2587	2073.69	19145.3
2588	16842.15	9480.56
2589	1893.23	21572.68
2590	23731.3	3100.01
2591	10641.07	3224.22
2592	23382.54	20183.34
2593	16521.29	10992.67
2594	20164.97	6980.2
2595	20711.4	8107.62
2596	22100.32	14873.5
2597	22579.33	13902.46
2598	11820.16	7553.01
2599	7973.96	15268.57
2600	20089.49	23766.86
