1	8395.65	11300.72
2	3254.25	14744.65
3	15052.16	961.0
4	3914.41	325.91
5	9879.54	10239.22
6	7368.98	16507.25
7	12953.9	10787.47
8	16032.07	6428.48
9	11022.86	4657.79
10	4260.41	5221.29
11	199.83	3869.78
12	17395.44	3478.15
13	13189.79	1693.88
14	2436.56	4701.45
15	2607.03	441.76
16	6431.84	11302.17
17	15297.29	9548.03
18	2381.03	15813.04
19	14137.3	1473.38
20	17885.82	3868.8
21	9021.06	14120.23
22	9865.44	11406.65
23	16933.95	11593.76
24	7168.23	16172.24
25	14548.45	1176.8
26	691.73	6411.99
27	9297.69	5273.14
28	11686.61	12040.6
29	2545.13	15143.45
30	14235.27	7005.66
31	12543.94	6831.07
32	3777.55	15103.87
33	8123.32	10732.25
34	11482.34	11595.05
35	6405.55	406.17
36	15407.58	10576.19
37	7267.62	9046.54
38	3301.52	6425.54
39	17604.1	14144.29
40	12994.14	4470.05
41	13450.68	3930.37
42	3120.73	2658.4
43	17373.45	9181.25
44	7204.59	4251.49
45	10404.14	1108.75
46	6814.56	788.93
47	7051.46	16327.54
48	13725.59	4003.38
49	17437.71	15332.9
50	12989.33	5780.98
51	10963.78	2850.81
52	11798.96	7178.43
53	5758.09	8196.7
54	5050.5	17003.15
55	10632.96	9623.7
56	10049.63	5606.06
57	16807.88	8376.14
58	11958.93	11523.4
59	17348.79	3243.09
60	7508.09	10328.19
61	6439.3	9212.05
62	5890.34	16565.59
63	6311.98	13351.9
64	8638.66	8253.35
65	322.75	16923.66
66	927.85	7163.47
67	15168.87	13816.33
68	15321.99	17335.42
69	6379.38	3285.94
70	4617.59	12420.59
71	12001.12	914.55
72	1557.87	3447.16
73	6533.84	10402.42
74	16245.28	11831.12
75	8693.5	11083.19
76	3936.25	8068.15
77	16027.25	13096.72
78	7729.0	812.67
79	10831.07	4644.82
80	4780.41	5999.2
81	14959.09	14651.51
82	6989.73	4857.94
83	12188.17	7925.51
84	15490.86	11800.01
85	4919.74	7685.14
86	8239.94	5164.76
87	1641.7	3651.62
88	4289.72	12388.3
89	11838.68	4103.9
90	13854.19	2769.88
91	16009.93	742.83
92	11412.97	16216.02
93	9514.67	6545.08
94	353.73	11899.86
95	7967.33	12588.58
96	2647.09	10653.91
97	11397.37	3499.9
98	6600.96	7049.28
99	4244.0	2861.43
100	5958.61	55.57
101	12174.51	13593.96
102	13087.24	13501.87
103	15000.28	3282.54
104	17285.62	17767.47
105	14042.27	2439.02
106	1839.9	9429.27
107	3655.62	1646.63
108	11868.14	6607.59
109	2824.87	4542.1
110	4228.68	10459.27
111	2815.27	9514.88
112	1202.38	4256.47
113	8482.17	16696.83
114	2426.26	14482.04
115	11915.97	14116.44
116	9796.3	10680.35
117	7066.17	14113.89
118	16952.76	13775.98
119	12384.32	465.35
120	10745.14	15910.21
121	9644.81	3112.93
122	12836.34	13559.61
123	11123.05	729.21
124	825.42	1576.83
125	472.9	10460.22
126	9031.44	1688.16
127	10499.96	7611.35
128	9905.65	15142.04
129	2658.96	6572.2
130	6093.28	12189.62
131	8532.77	17704.78
132	6452.19	7934.18
133	4105.59	3209.15
134	2749.76	8749.12
135	11835.06	13371.78
136	13180.82	3507.99
137	15991.07	9266.0
138	9546.01	2784.41
139	843.55	3673.46
140	17930.51	12958.3
141	16443.59	14914.55
142	6157.0	10051.55
143	10558.95	12363.77
144	7027.89	13367.62
145	6557.03	3566.4
146	10176.29	1307.62
147	9393.39	13272.36
148	1370.55	8831.04
149	13945.74	15127.03
150	17137.71	10600.46
151	3948.85	11964.55
152	7707.65	10592.29
153	4743.72	1684.6
154	4962.75	2243.59
155	7428.76	7257.32
156	9192.9	6519.91
157	15476.75	9691.88
158	9493.34	8642.16
159	16899.07	8837.19
160	1251.54	5769.18
161	2063.72	2463.98
162	9620.78	15730.68
163	7574.89	7433.82
164	2977.21	15798.94
165	629.91	7192.59
166	16590.56	4739.01
167	15165.09	5324.45
168	2876.26	8743.78
169	6987.72	227.76
170	17077.32	6122.46
171	15474.12	8284.21
172	16887.87	16836.52
173	16728.27	17670.91
174	2498.29	9763.04
175	15075.86	5709.83
176	12321.5	4184.23
177	13820.16	8787.72
178	9039.17	16158.32
179	17873.4	972.49
180	3685.96	7269.35
181	1120.27	13784.28
182	9740.41	16567.88
183	7295.81	13075.78
184	10433.57	15814.42
185	1717.4	7889.05
186	17464.48	15756.07
187	12244.8	3950.7
188	8812.23	8675.63
189	7783.08	12444.37
190	1340.64	5275.17
191	7547.42	11801.39
192	11108.78	17727.72
193	9943.93	10065.57
194	6555.03	12408.48
195	17572.47	8838.19
196	17889.26	10720.06
197	17204.54	13146.3
198	2792.38	15466.94
199	3067.43	6450.64
200	1410.59	16814.21
201	16864.51	10518.71
202	4483.72	6986.29
203	10753.15	5535.43
204	1048.2	121.32
205	5574.94	9692.31
206	11332.78	15361.65
207	15821.78	15034.44
208	4488.08	14887.06
209	5796.77	9045.66
210	3573.53	14368.44
211	7789.64	1905.57
212	2819.45	6386.8
213	10190.48	17089.62
214	13517.59	17002.75
215	13903.65	5260.51
216	17032.09	12644.62
217	1455.13	1470.7
218	252.58	5290.23
219	2986.43	5674.99
220	6831.35	6454.15
221	16560.26	13259.31
222	17576.0	16483.73
223	10078.1	4280.83
224	1094.9	17947.32
225	4703.49	17417.79
226	15707.67	4720.73
227	1507.29	17922.9
228	2776.47	14281.62
229	13413.82	3388.05
230	17792.27	10791.94
231	16078.96	12258.97
232	15815.39	2610.79
233	14177.9	9985.07
234	17467.12	15864.18
235	4388.82	2962.01
236	884.34	9967.75
237	16731.52	1670.1
238	12483.03	3319.4
239	8649.93	14917.41
240	1826.68	15254.97
241	7604.4	9807.51
242	6947.03	16247.53
243	16687.73	16069.46
244	11929.29	13625.86
245	7233.01	10761.97
246	1541.36	17644.59
247	14892.62	15950.71
248	3402.54	13691.64
249	12054.49	13557.26
250	400.1	6551.26
251	4913.76	11468.69
252	2249.42	116.57
253	5701.16	8963.93
254	17217.25	5457.72
255	15876.26	15507.41
256	17486.76	12863.13
257	4482.34	9773.87
258	3780.79	15422.53
259	40.38	7797.73
260	2324.41	14282.2
261	16019.58	4890.67
262	8859.55	9692.6
263	16676.1	14080.55
264	16835.95	7960.51
265	9538.59	1205.24
266	13805.47	6534.76
267	14578.62	12467.34
268	3790.2	13700.24
269	9500.18	6023.02
270	17919.46	4090.06
271	9034.64	14616.43
272	16732.39	11131.63
273	17472.06	12017.03
274	13868.68	13464.42
275	3113.07	9332.63
276	13312.28	1225.63
277	17618.11	3967.79
278	16287.42	310.07
279	16609.78	5097.26
280	943.55	4295.83
281	725.58	15097.18
282	16279.09	5641.21
283	11822.72	7263.73
284	12585.59	6293.21
285	141.16	8123.84
286	8829.0	8892.9
287	12154.21	7850.3
288	8060.64	7594.94
289	11007.39	1324.19
290	3291.74	6215.33
291	9352.07	9645.53
292	12108.84	11800.7
293	8440.41	8442.8
294	1805.6	1992.95
295	13972.17	14854.89
296	17790.64	4506.13
297	1188.99	9520.43
298	11028.03	740.89
299	11908.77	13080.84
300	9948.81	5817.84
301	6612.93	6952.85
302	10645.26	3037.81
303	16717.35	5005.73
304	17701.39	1122.84
305	9271.88	11946.49
306	7368.0	4052.22
307	11970.75	818.65
308	1241.88	11400.32
309	2909.66	327.77
310	7134.9	15442.72
311	15095.48	6540.76
312	4451.08	405.25
313	15204.18	15450.66
314	1546.34	16980.88
315	8456.09	13340.62
316	322.94	17172.33
317	3972.86	16821.09
318	5066.02	5317.69
319	1001.99	2095.35
320	9164.84	9448.94
321	15233.46	1190.4
322	11461.17	350.04
323	15137.96	6899.98
324	11918.03	7899.45
325	15423.42	17757.62
326	11624.36	2512.89
327	15488.12	6623.74
328	812.78	7889.71
329	16956.94	3717.66
330	5550.12	435.17
331	17565.42	9788.37
332	11856.45	12574.1
333	13478.79	16725.82
334	4677.95	3631.08
335	4634.03	10222.18
336	170.13	2228.08
337	14608.39	10286.89
338	17802.89	9341.78
339	643.39	7100.53
340	3668.7	10784.11
341	8854.42	3038.68
342	1624.04	12902.56
343	12508.48	1581.98
344	5193.4	2777.02
345	9774.64	7092.09
346	1721.61	8358.77
347	8470.88	13449.49
348	15716.23	1409.23
349	17596.57	1142.4
350	7544.59	960.29
351	7355.07	12884.76
352	9356.05	12701.72
353	6067.17	12506.28
354	14691.53	14251.45
355	3227.71	2887.93
356	12684.96	6434.61
357	8611.46	15472.65
358	10780.37	15410.78
359	14956.17	8846.47
360	3139.6	13528.74
361	15232.48	600.21
362	6281.25	7427.66
363	9197.4	9455.99
364	10751.8	6822.7
365	8567.24	8236.62
366	940.39	3981.96
367	4918.77	4022.01
368	14556.25	9103.71
369	11028.3	15095.42
370	9439.2	13038.47
371	7667.69	16856.15
372	9194.45	8496.7
373	13787.43	5787.27
374	3006.28	7803.77
375	4035.91	132.26
376	12877.41	17274.93
377	15644.36	10393.23
378	17787.99	480.92
379	11478.33	14739.37
380	4174.29	4022.63
381	10605.87	3099.83
382	6324.72	9587.68
383	14485.02	17547.51
384	12672.42	14823.99
385	5031.03	3084.33
386	6348.49	3220.78
387	5506.5	382.8
388	4771.81	9302.89
389	15665.4	9242.45
390	17909.17	15358.7
391	13684.15	16567.54
392	11107.91	15088.38
393	16165.5	8953.37
394	17726.93	4025.94
395	9982.95	1031.42
396	1548.86	6383.03
397	12155.33	15703.81
398	17597.26	15689.42
399	7442.48	7063.54
400	9381.59	13513.95
401	14502.88	16481.78
402	7659.89	10250.16
403	17057.03	2841.32
404	7417.79	15054.73
405	1656.22	786.0
406	2857.52	1136.16
407	8197.73	9806.41
408	2895.05	8091.69
409	11023.77	3673.72
410	14943.27	1848.57
411	15199.89	5204.59
412	14241.68	3416.14
413	13311.37	4667.26
414	15012.03	15307.73
415	14071.76	1755.36
416	13818.45	9665.63
417	17570.47	10394.09
418	9001.51	14467.89
419	5103.36	6715.18
420	6697.59	3778.06
421	10071.52	8896.81
422	8920.6	9709.54
423	8949.9	10272.48
424	16224.24	10374.47
425	5892.0	9437.66
426	5242.18	8155.92
427	12354.56	767.11
428	13087.19	17011.03
429	8480.86	12621.94
430	17714.35	5735.25
431	15981.04	17653.64
432	11475.67	410.81
433	3817.12	10467.39
434	5257.74	4355.11
435	11650.66	16691.11
436	7959.74	13131.07
437	9489.37	1204.35
438	14239.94	2036.67
439	17896.6	10034.62
440	12757.44	2264.95
441	5150.18	15775.69
442	15405.27	13998.81
443	11457.82	10244.81
444	4771.46	12928.61
445	17729.14	3792.4
446	13508.3	778.24
447	17403.82	13220.39
448	11917.09	7223.51
449	13788.57	7131.44
450	8196.78	17770.89
451	716.53	5975.4
452	4517.1	16855.05
453	16296.69	17937.61
454	15432.18	7606.93
455	14978.2	3828.25
456	12874.44	505.55
457	17444.91	17937.26
458	2478.06	15861.82
459	2062.15	1067.95
460	6448.75	9937.09
461	4466.42	14401.61
462	7024.8	7373.45
463	17887.69	14879.74
464	4739.07	3727.18
465	11714.89	7479.32
466	17680.55	2414.11
467	7646.03	8077.01
468	4835.41	8459.53
469	2118.39	1193.44
470	15240.12	5363.08
471	1041.31	11327.82
472	6490.81	16367.23
473	7928.33	1534.61
474	10321.84	4617.2
475	294.82	3341.84
476	7483.74	15495.12
477	13605.68	5666.06
478	17555.78	3226.96
479	8012.45	1421.42
480	1500.49	14280.92
481	1730.75	4390.08
482	16067.58	13571.02
483	14043.18	4383.23
484	12067.3	4471.31
485	8292.76	12090.69
486	14396.7	7814.02
487	6781.21	6442.51
488	17928.23	17377.6
489	4271.21	1790.99
490	5678.34	16374.77
491	7382.76	10912.81
492	12945.65	7210.69
493	5550.28	13013.99
494	8622.48	3865.46
495	6975.7	13729.46
496	5152.99	14928.37
497	2887.44	6755.97
498	1471.28	10700.58
499	3216.33	413.99
500	3467.96	679.72
501	5276.5	4338.54
502	13164.59	13100.28
503	11682.49	15496.37
504	15948.02	17452.05
505	7782.33	16245.23
506	17957.2	21.41
507	11647.42	13306.63
508	3868.56	7005.52
509	14373.22	413.66
510	4302.22	13999.49
511	17181.86	16139.94
512	1626.82	11422.6
513	1105.14	13682.48
514	11985.24	5501.16
515	5783.47	2178.49
516	17521.47	6863.06
517	10269.39	17789.55
518	7568.73	13451.02
519	6130.84	9328.5
520	12625.26	16384.34
521	9917.88	17705.15
522	9419.52	10465.47
523	2263.89	9441.28
524	14836.15	8122.27
525	971.03	1380.52
526	2965.91	11353.89
527	2056.23	15616.31
528	17273.94	5539.62
529	10429.4	13698.48
530	1267.51	1613.58
531	3438.99	746.96
532	6239.83	12496.83
533	2807.37	1897.07
534	2001.73	8608.46
535	3103.23	14360.01
536	10527.56	6231.23
537	5037.67	17003.18
538	13711.76	2385.86
539	8070.76	5887.97
540	9712.01	10218.36
541	11422.23	13172.03
542	5970.81	10830.56
543	5894.12	6265.88
544	729.87	13195.76
545	13590.67	5588.52
546	9474.54	3426.0
547	8064.96	141.95
548	5319.33	7209.19
549	1499.19	10131.62
550	15693.93	17954.16
551	8424.33	823.78
552	8667.89	13363.7
553	11981.36	15946.73
554	12310.62	6639.72
555	14207.79	14955.92
556	17727.47	2819.4
557	8795.73	9638.1
558	5208.23	17692.65
559	12914.85	9055.8
560	10540.86	14081.16
561	7062.26	2799.67
562	3970.48	15546.64
563	13059.38	8916.98
564	17894.45	11923.29
565	4968.98	6625.12
566	10093.23	6473.84
567	5995.87	4809.47
568	14133.28	8616.45
569	6220.89	2415.31
570	1283.17	9415.97
571	5735.79	8363.49
572	5931.34	653.44
573	13427.77	7247.52
574	16765.99	12410.61
575	8248.19	13973.16
576	2083.09	6656.03
577	11179.56	17441.57
578	3259.02	8586.17
579	14851.89	10680.24
580	5461.8	7627.26
581	14373.13	13569.56
582	14559.93	10285.21
583	6134.72	7361.58
584	9311.09	2757.3
585	273.15	11133.63
586	14476.92	14397.83
587	6942.37	4576.55
588	10429.28	2406.47
589	3970.58	10960.41
590	12830.63	1277.82
591	12567.5	4357.51
592	12773.74	7622.79
593	14488.64	9340.65
594	3548.35	391.49
595	8183.33	7787.09
596	15125.48	13767.15
597	16496.1	4502.8
598	10074.7	1888.84
599	11664.22	3157.11
600	5202.52	10264.69
601	13377.45	6631.54
602	5551.67	6187.89
603	2633.48	14865.51
604	10527.96	9720.18
605	127.26	6211.57
606	612.26	13959.25
607	8940.63	16723.62
608	53.15	7236.06
609	2885.61	16338.3
610	16022.43	88.65
611	9217.58	12014.37
612	10069.41	10715.31
613	16055.14	922.72
614	8229.93	12578.39
615	1342.71	733.57
616	10657.13	14768.14
617	7000.55	15163.7
618	8655.86	4626.89
619	1846.59	15824.88
620	1481.78	7457.64
621	3319.62	12688.54
622	10060.01	3333.44
623	13287.03	40.44
624	9395.26	5755.13
625	15119.58	11396.92
626	9205.4	17912.32
627	17040.38	2059.95
628	10523.64	8033.91
629	10771.4	6101.17
630	8994.15	12200.08
631	8013.29	7327.84
632	6107.26	708.5
633	2571.26	1834.52
634	4855.51	7059.28
635	6433.7	7086.92
636	2596.34	10731.99
637	5389.22	17193.43
638	7638.68	5757.93
639	9185.3	11189.76
640	1268.81	1002.21
641	13219.2	8493.46
642	10314.44	17343.3
643	750.39	11515.13
644	7316.72	7334.73
645	838.12	4852.04
646	3007.06	68.34
647	17532.9	739.96
648	6197.9	17862.6
649	16538.24	5102.19
650	11017.9	9441.82
651	173.03	8426.89
652	182.29	16315.28
653	4459.54	11913.83
654	13291.98	13128.98
655	1917.9	15683.96
656	2593.08	8636.73
657	264.34	4692.04
658	15665.03	16893.78
659	7093.37	16042.62
660	13322.52	16106.46
661	2903.71	7425.76
662	10151.84	4127.53
663	3139.67	2311.4
664	8845.59	10483.81
665	11546.55	8649.08
666	14020.44	9425.68
667	17188.73	10621.15
668	9274.71	8026.84
669	10099.43	1686.5
670	6758.0	17549.58
671	5941.88	1069.92
672	8322.12	3398.17
673	16324.49	17622.81
674	4700.77	4606.46
675	8671.45	14374.1
676	14124.21	17806.37
677	3280.87	10514.31
678	17644.51	9709.61
679	2924.6	16655.64
680	11984.5	14030.52
681	6817.05	13587.7
682	11025.94	16938.6
683	3601.35	17096.91
684	8866.66	4397.75
685	8079.41	3240.77
686	10347.83	6291.43
687	7926.63	4707.35
688	4271.07	11067.21
689	6139.26	4848.95
690	1322.82	5869.02
691	9984.35	9222.6
692	11604.93	4141.31
693	5271.79	4616.92
694	5941.85	13377.24
695	4064.62	851.86
696	13350.63	14431.05
697	3305.78	17279.59
698	10357.92	11262.17
699	954.09	2093.49
700	16067.33	17122.32
701	12391.38	2574.07
702	1084.49	9571.62
703	8924.3	1420.99
704	15343.02	5642.86
705	6245.33	655.21
706	2136.09	17038.1
707	1302.06	9199.09
708	6860.58	3045.79
709	3368.72	16428.4
710	12677.11	6224.81
711	16000.43	1922.88
712	2002.69	5710.73
713	7634.3	327.88
714	4473.35	9312.27
715	12478.04	6426.39
716	1794.59	10239.67
717	2242.03	3848.5
718	7220.81	785.2
719	16357.86	115.82
720	3089.2	9357.91
721	3087.68	21.17
722	9037.32	17111.42
723	7797.87	1228.97
724	3210.63	963.27
725	6483.33	8593.76
726	405.4	16719.2
727	5419.6	5273.82
728	4513.82	5828.83
729	9443.71	4133.58
730	269.85	16936.35
731	1516.99	2369.67
732	3581.52	8210.83
733	12099.45	11146.17
734	930.77	13575.51
735	13774.06	13364.03
736	8430.0	17709.13
737	17087.16	3485.77
738	113.16	8074.91
739	12278.82	540.15
740	3371.85	16483.11
741	8543.82	11584.87
742	1925.34	15363.22
743	5255.74	11992.36
744	1941.42	692.35
745	16274.88	5072.17
746	7349.7	17325.49
747	7745.79	12629.2
748	9349.84	9622.03
749	4769.0	1090.55
750	6891.59	16332.98
751	13750.69	11196.39
752	9696.14	16699.77
753	5199.03	3480.6
754	6999.6	14366.62
755	12347.66	10803.64
756	268.37	14070.63
757	10234.69	4808.15
758	11230.61	10110.68
759	4932.82	1567.67
760	10323.97	7579.37
761	7458.94	7301.73
762	13378.12	8679.91
763	13442.5	14046.34
764	4549.61	6818.23
765	1328.56	9419.87
766	11481.32	15752.87
767	3185.05	11277.32
768	408.93	8398.3
769	84.31	15383.02
770	2057.82	1194.73
771	13640.27	8118.04
772	10826.31	1833.9
773	4197.15	5157.32
774	17197.09	7770.38
775	1062.26	9267.36
776	12205.28	4853.5
777	6685.91	11200.44
778	5320.14	10119.8
779	17842.68	5827.26
780	15041.01	17724.29
781	17341.26	7224.22
782	4435.19	12111.39
783	10277.53	6418.57
784	3349.89	10097.5
785	3679.47	16036.43
786	2412.6	5001.37
787	7868.23	5449.88
788	11891.91	17755.4
789	4224.56	10810.76
790	7409.1	15908.07
791	4514.38	1062.15
792	1178.66	6026.17
793	10689.54	12792.57
794	14473.66	2474.12
795	13878.54	9657.16
796	10639.24	7757.53
797	1303.86	8137.63
798	8550.45	16924.37
799	2865.75	11707.41
800	2954.19	12127.79
801	10523.0	1509.3
802	16554.27	12959.05
803	455.0	4425.51
804	13819.97	4351.62
805	1947.51	13179.23
806	2579.4	3983.31
807	12628.02	2541.51
808	12733.48	5659.67
809	6862.51	3185.33
810	5000.78	7358.13
811	10340.56	15340.7
812	5928.78	3108.65
813	2173.74	4123.66
814	17113.57	11257.96
815	2689.61	14775.06
816	5833.04	16694.13
817	12146.17	11897.1
818	10819.51	2559.05
819	554.87	4309.12
820	11749.3	6292.17
821	14388.94	9654.88
822	16400.93	1511.93
823	11373.44	15245.7
824	15937.26	6409.82
825	13998.76	9211.26
826	6039.3	7811.18
827	16597.61	17019.32
828	15761.82	9004.4
829	8179.8	2516.8
830	1414.57	17276.74
831	3560.35	6345.34
832	17355.56	13129.82
833	11639.36	5941.57
834	14424.86	1061.92
835	6385.8	126.35
836	8172.85	10080.32
837	10404.03	11925.94
838	5345.0	12221.28
839	16050.89	17837.83
840	16243.89	4933.56
841	8418.75	4902.7
842	97.71	14215.67
843	9205.1	9994.53
844	1860.05	14586.26
845	10689.44	9236.46
846	1883.27	14776.7
847	462.72	11743.28
848	14720.91	6598.22
849	2064.23	17324.49
850	6561.75	14307.75
851	7574.8	15435.57
852	8874.6	15062.86
853	16970.43	2563.04
854	2299.42	17896.23
855	15020.93	2898.08
856	7149.8	32.97
857	660.41	12801.05
858	12229.13	11004.52
859	16572.74	2526.11
860	7811.98	8825.62
861	5811.34	3318.4
862	7272.64	4744.86
863	16792.4	12408.4
864	1177.47	13015.59
865	15059.4	328.87
866	10420.34	5624.06
867	2593.61	4559.14
868	14056.39	10466.77
869	2852.19	13333.25
870	15893.43	8021.8
871	10984.94	8853.13
872	14650.22	1897.39
873	13505.24	5160.7
874	2976.23	15025.15
875	9998.13	17197.68
876	10081.27	16091.53
877	1509.4	2837.91
878	12034.1	12071.75
879	63.47	10487.05
880	16329.15	14245.69
881	5232.57	1954.69
882	1697.41	13757.19
883	4506.14	7074.36
884	10743.34	9112.99
885	8980.48	9749.11
886	9023.09	11438.07
887	13198.36	1377.91
888	1037.57	13280.42
889	1982.48	14211.27
890	8152.75	16331.64
891	8712.31	7528.93
892	17351.63	7547.18
893	12764.7	1365.78
894	17979.64	2159.78
895	5983.3	17230.48
896	16567.17	13462.84
897	7384.6	3471.85
898	3666.16	3118.61
899	8953.48	6062.78
900	15188.04	1534.1
901	17204.27	10975.9
902	5153.76	6068.65
903	1208.64	10415.74
904	16875.8	12046.59
905	8486.24	5308.88
906	14955.57	7129.67
907	17564.68	12961.76
908	6971.74	5522.44
909	10654.64	4840.14
910	13260.69	3441.86
911	13640.66	16152.89
912	2452.26	3380.02
913	5557.99	14862.93
914	2654.79	12995.11
915	11134.07	6211.14
916	8511.48	784.39
917	8549.38	17024.18
918	8436.45	8826.29
919	5723.06	14536.98
920	4242.18	453.94
921	15716.01	14381.85
922	10487.9	17822.33
923	4608.53	340.38
924	191.72	13752.47
925	13902.48	7593.23
926	7778.03	13929.27
927	3907.2	14943.34
928	5357.96	13253.51
929	9889.95	5012.5
930	17120.59	14828.95
931	13705.34	913.06
932	14661.91	9733.05
933	9554.73	11158.92
934	14094.26	12157.62
935	17898.47	10324.03
936	10973.32	9306.3
937	6641.7	9673.82
938	9260.32	14289.84
939	7664.44	16725.36
940	12428.21	15181.37
941	9244.54	9242.58
942	11940.03	15578.13
943	11778.31	4487.73
944	7291.12	11253.23
945	6365.25	17711.4
946	14085.07	4210.75
947	9053.48	2618.3
948	720.65	12919.63
949	16278.61	6840.86
950	5814.07	12679.61
951	5450.97	15174.48
952	12456.93	16822.32
953	5591.16	3872.68
954	8053.7	230.43
955	8547.23	15542.28
956	595.82	15936.71
957	5266.63	401.76
958	6122.86	15311.58
959	6760.0	15498.35
960	15647.62	3193.01
961	3942.19	6083.51
962	12063.75	11035.46
963	4908.22	14901.37
964	9394.92	8883.68
965	17464.89	10174.0
966	742.15	11160.62
967	12627.84	16608.59
968	15422.91	193.61
969	13013.15	5482.56
970	16546.96	13223.88
971	6384.16	7787.54
972	7187.96	8841.77
973	10156.1	3296.89
974	3440.75	373.19
975	12850.88	13817.6
976	7944.55	6495.48
977	1599.15	2984.86
978	4160.96	11103.26
979	14282.43	16192.67
980	9373.58	15314.17
981	3141.78	6158.18
982	10996.64	14928.89
983	8054.32	3687.21
984	11508.92	14071.47
985	14220.2	852.29
986	2984.38	2809.7
987	10378.47	17887.16
988	7033.68	6380.87
989	1817.27	11899.76
990	7241.44	15500.12
991	13489.84	5079.55
992	14126.38	4280.73
993	10586.54	13670.3
994	11155.19	4294.69
995	2761.63	10906.03
996	7369.98	14954.75
997	812.47	2239.54
998	503.25	15372.1
999	221.0	8841.8
1000	6316.1	6168.07
1001	6676.45	14067.5
1002	17625.26	1164.29
1003	11917.18	2408.18
1004	6263.88	15971.8
1005	2781.41	1127.81
1006	11618.25	13404.86
1007	5040.9	7882.1
1008	7525.07	8197.73
1009	10913.86	2547.51
1010	17177.45	15453.3
1011	14656.86	7927.77
1012	2005.81	4545.68
1013	1012.89	1075.56
1014	2471.87	9129.71
1015	1406.98	8371.3
1016	2276.24	14777.62
1017	13359.04	3963.81
1018	3729.01	6818.25
1019	333.28	6262.95
1020	14002.88	1085.8
1021	15256.98	13625.15
1022	3760.19	10616.1
1023	6471.75	17694.61
1024	8218.43	15285.35
1025	13560.86	2204.57
1026	12650.62	11890.55
1027	11328.72	11915.18
1028	994.56	16019.54
1029	1946.3	11877.86
1030	9268.57	3911.26
1031	677.07	13278.96
1032	10716.02	7680.88
1033	7472.03	1183.27
1034	15012.05	12461.15
1035	4267.47	1038.13
1036	4868.32	8659.88
1037	5955.91	6414.44
1038	3295.47	167.76
1039	12400.0	17172.32
1040	16110.31	16021.31
1041	11927.38	926.99
1042	16854.27	15194.97
1043	13814.77	9142.11
1044	14018.7	11299.44
1045	2432.11	8840.54
1046	10840.46	11489.62
1047	6800.22	16463.56
1048	13984.85	16044.55
1049	15067.8	2606.13
1050	4330.42	9350.57
1051	1285.48	14135.38
1052	3423.42	10452.01
1053	57.35	1483.15
1054	10546.44	5055.25
1055	6886.41	10147.69
1056	3953.33	948.15
1057	2972.89	1255.77
1058	1382.1	8346.96
1059	4811.95	11253.39
1060	13146.05	1531.32
1061	4402.34	1535.95
1062	4941.45	8150.11
1063	5916.15	11470.59
1064	856.26	5220.36
1065	6344.6	12446.03
1066	343.12	4214.16
1067	10510.88	7987.83
1068	7595.72	17948.97
1069	3596.26	2648.85
1070	10411.47	13005.17
1071	5975.25	1374.95
1072	8436.36	6504.68
1073	8154.23	13324.93
1074	9879.29	17738.19
1075	4337.52	17300.94
1076	5846.16	550.35
1077	10795.88	5181.51
1078	17079.71	9106.44
1079	9239.86	13284.39
1080	12188.23	5727.38
1081	12287.25	5479.75
1082	13152.85	8047.11
1083	12589.54	7427.1
1084	10061.16	11409.75
1085	15122.86	35.98
1086	9593.2	11380.21
1087	5267.44	8906.87
1088	11304.67	9334.64
1089	5888.96	2451.52
1090	16624.98	3026.76
1091	8781.73	9868.9
1092	10100.21	10591.63
1093	9847.46	17926.4
1094	935.65	4152.85
1095	5128.57	17247.97
1096	5465.92	7057.86
1097	4036.34	8205.98
1098	1606.92	2942.37
1099	17223.87	11117.13
1100	3558.45	5291.21
1101	11929.69	10187.17
1102	12363.52	13972.12
1103	16554.02	15841.1
1104	7321.33	3080.02
1105	1795.49	9718.06
1106	13367.56	16448.43
1107	2855.42	51.16
1108	12153.63	8651.0
1109	4167.42	17244.85
1110	11215.94	4451.04
1111	10408.38	7609.74
1112	15814.09	13572.49
1113	818.96	8413.18
1114	187.62	5969.33
1115	16609.76	15368.82
1116	11213.9	11395.03
1117	1937.4	8802.72
1118	4426.92	9758.49
1119	6012.98	3309.11
1120	16706.23	10588.06
1121	16579.82	15948.67
1122	6963.05	10022.2
1123	17953.81	2102.31
1124	7560.84	4898.99
1125	5399.15	389.74
1126	1469.11	13149.62
1127	270.5	578.96
1128	6234.84	14470.5
1129	8635.82	2747.0
1130	2120.07	6320.61
1131	15069.0	13994.9
1132	7093.25	1619.53
1133	1531.71	10876.27
1134	11515.4	9449.43
1135	6186.13	472.12
1136	12302.99	16668.96
1137	4656.22	13539.09
1138	4661.91	3052.33
1139	1155.65	7276.24
1140	13234.54	14276.51
1141	14294.49	14988.4
1142	5574.39	2683.49
1143	17060.99	6276.83
1144	3945.35	9122.23
1145	4455.55	11440.19
1146	17921.14	10600.45
1147	17257.66	16182.2
1148	10230.67	277.84
1149	8682.62	7808.51
1150	2007.04	13493.18
1151	12855.74	13729.65
1152	4103.59	3743.56
1153	10724.72	17861.59
1154	4192.56	5058.0
1155	17202.71	12189.19
1156	14463.2	15383.91
1157	10846.41	13357.69
1158	9092.16	12449.08
1159	10939.71	6572.14
1160	17671.3	4956.69
1161	5307.99	11208.21
1162	10123.93	7105.98
1163	2241.54	5111.49
1164	6005.0	6743.01
1165	3763.29	4801.87
1166	9210.67	4307.38
1167	11044.07	11891.14
1168	11640.13	17193.47
1169	7713.65	13933.31
1170	3544.83	13061.55
1171	1151.23	3515.53
1172	690.01	13480.06
1173	8934.52	5710.4
1174	10192.77	14711.6
1175	13311.32	4615.74
1176	12572.46	16785.99
1177	5320.05	6886.04
1178	733.17	7319.13
1179	1394.86	12795.45
1180	1678.56	16709.97
1181	7434.8	1105.96
1182	8006.99	1899.92
1183	15558.99	9833.66
1184	8121.02	14158.36
1185	5956.19	11842.72
1186	1687.18	17146.62
1187	10339.44	15084.02
1188	14057.74	6367.61
1189	10757.15	3563.2
1190	13234.72	10206.52
1191	14341.98	14052.16
1192	7235.4	11901.09
1193	7238.38	17805.74
1194	15465.73	15866.59
1195	748.7	8790.08
1196	15237.05	1995.29
1197	3255.28	6715.19
1198	10725.69	9928.68
1199	2761.17	12738.99
1200	2252.24	14359.95
1201	16897.74	16666.05
1202	5932.64	14342.22
1203	9409.03	17907.1
1204	11872.83	11140.46
1205	2165.92	8987.58
1206	14405.42	4030.04
1207	9202.91	7654.98
1208	14910.63	4586.04
1209	16762.4	2766.42
1210	1072.5	15283.6
1211	1777.49	7956.25
1212	11202.93	11476.04
1213	4161.72	1790.38
1214	5173.89	11262.9
1215	5620.63	7944.3
1216	60.38	6648.28
1217	11463.94	13108.73
1218	15730.75	2453.79
1219	13543.88	1279.87
1220	14966.26	4717.01
1221	6718.98	11793.05
1222	10011.18	14117.06
1223	17727.28	2525.27
1224	10398.45	10506.7
1225	16597.73	6592.35
1226	7949.1	5408.11
1227	3867.37	45.74
1228	4929.65	16988.36
1229	5758.6	5358.15
1230	6402.49	10554.07
1231	16867.13	1812.2
1232	3898.68	17827.22
1233	7083.41	5440.37
1234	1579.32	12721.59
1235	17756.73	7930.15
1236	10057.12	5466.91
1237	2428.42	14054.38
1238	1007.3	4799.2
1239	13270.14	2193.23
1240	9413.97	17290.57
1241	6684.01	12608.79
1242	6322.67	7452.14
1243	1501.4	2015.7
1244	15434.2	13998.44
1245	16790.94	5592.19
1246	3005.18	8971.35
1247	12543.71	4163.32
1248	14009.7	10511.36
1249	14075.87	16105.74
1250	4484.46	17728.76
1251	16950.02	7131.19
1252	16571.31	7352.4
1253	4608.51	2325.85
1254	2824.83	2868.79
1255	15426.18	12007.36
1256	17369.17	13467.64
1257	14655.1	594.65
1258	14568.08	16982.81
1259	13804.23	6975.71
1260	7321.69	16689.35
1261	6874.46	146.46
1262	7622.13	13021.51
1263	6504.65	730.36
1264	801.98	3286.7
1265	7002.5	3997.52
1266	1274.06	14554.69
1267	6498.24	9711.09
1268	15189.76	4103.59
1269	14114.54	9321.03
1270	17335.13	12724.59
1271	15244.25	1803.31
1272	12629.09	15292.61
1273	8845.45	11889.68
1274	17987.52	13113.77
1275	17662.28	9997.08
1276	13765.14	9576.89
1277	11763.35	2509.37
1278	3346.01	16047.14
1279	10811.43	3883.6
1280	7856.81	10106.03
1281	5672.6	15678.34
1282	5965.79	17280.7
1283	5658.55	9856.65
1284	8759.61	1536.55
1285	3167.85	4709.2
1286	9506.35	7243.94
1287	4605.91	12586.82
1288	14593.91	9503.35
1289	12967.12	15439.2
1290	8507.06	10615.25
1291	12081.35	13512.96
1292	13325.41	6170.94
1293	2942.23	2714.32
1294	8768.55	2171.59
1295	15598.44	12229.24
1296	17492.55	3402.23
1297	9166.1	1264.46
1298	4354.13	8926.21
1299	16186.95	8707.91
1300	2221.64	2604.86
1301	223.12	284.35
1302	106.17	9890.14
1303	10485.31	6972.99
1304	4557.07	7996.68
1305	10037.71	9833.28
1306	7604.33	11776.85
1307	16238.87	5433.69
1308	5774.18	11905.08
1309	4319.25	3944.95
1310	7878.69	2923.85
1311	612.58	15189.27
1312	15079.33	13300.6
1313	2093.02	14288.02
1314	12750.09	5796.59
1315	8202.1	4821.44
1316	15581.53	17669.57
1317	15817.95	11237.4
1318	13486.72	9543.67
1319	8907.42	8586.58
1320	13125.27	16564.51
1321	4858.02	11302.79
1322	14190.98	2199.64
1323	15011.99	395.43
1324	9663.0	17091.76
1325	16448.34	16067.6
1326	11913.26	8535.51
1327	15935.1	13783.3
1328	47.91	15984.41
1329	3624.79	10425.09
1330	4301.75	3794.01
1331	14086.87	667.37
1332	1257.18	1039.33
1333	10357.86	15581.55
1334	6776.69	7830.75
1335	14503.18	7889.0
1336	3879.24	12634.62
1337	1180.46	4972.31
1338	5964.61	15105.87
1339	7667.48	7962.33
1340	9236.72	5847.32
1341	9057.05	16393.01
1342	13425.95	1102.81
1343	11017.06	11441.12
1344	8427.03	6737.26
1345	4712.88	9571.41
1346	5503.28	17696.19
1347	4611.97	9195.89
1348	14823.6	8750.59
1349	3593.11	13517.14
1350	12613.47	12637.39
1351	4947.64	11966.18
1352	13398.37	10680.93
1353	11608.99	5914.54
1354	11930.16	8323.01
1355	7891.79	7814.69
1356	6538.22	5180.36
1357	16019.5	13.63
1358	15981.73	11520.13
1359	16661.42	8270.51
1360	17125.17	6402.07
1361	6848.85	7816.03
1362	17947.18	4059.41
1363	2374.66	2524.91
1364	16265.48	1158.5
1365	7659.82	3931.52
1366	6793.06	1298.1
1367	9613.57	17941.26
1368	8279.34	12533.01
1369	4058.89	7789.33
1370	13070.54	17188.31
1371	1585.04	15464.15
1372	596.34	2185.78
1373	3813.31	8775.23
1374	5783.45	13970.65
1375	13328.65	13368.76
1376	919.15	7497.96
1377	12216.98	11071.89
1378	17084.2	16633.84
1379	4296.68	3158.86
1380	17775.98	13681.91
1381	10263.4	14345.26
1382	9052.47	10257.14
1383	5293.72	6625.92
1384	16196.44	10334.92
1385	1163.37	7491.08
1386	15330.78	10566.25
1387	89.19	14099.55
1388	6453.03	12741.99
1389	6715.74	6942.81
1390	958.54	5558.03
1391	9693.53	5503.24
1392	4454.23	114.56
1393	16939.88	17097.62
1394	4416.55	3292.73
1395	676.66	5651.65
1396	16339.17	7916.56
1397	6163.19	12814.31
1398	7816.86	5424.21
1399	11699.53	8759.71
1400	4773.83	6256.03
1401	13648.8	374.68
1402	6769.76	3052.86
1403	2595.17	2337.01
1404	11667.95	16653.81
1405	17037.92	7756.57
1406	7800.66	920.2
1407	549.41	12577.73
1408	4200.09	15998.15
1409	2100.69	10510.68
1410	2764.97	16456.21
1411	8843.17	10437.91
1412	17645.01	13794.54
1413	8644.08	17368.09
1414	236.39	4233.47
1415	5799.23	10316.26
1416	14440.61	14084.51
1417	2067.2	5771.72
1418	13549.38	12384.35
1419	13111.32	9100.93
1420	12871.12	6403.98
1421	8702.31	4581.59
1422	7775.78	8377.36
1423	12751.6	12800.8
1424	7920.39	6608.61
1425	8236.22	7898.77
1426	16883.17	1067.1
1427	15939.56	16215.18
1428	8494.1	798.33
1429	12829.71	14690.24
1430	508.09	3202.08
1431	9413.26	5191.6
1432	15054.13	17557.09
1433	7118.52	11777.86
1434	12170.17	480.48
1435	799.14	14528.47
1436	9920.4	4941.29
1437	8929.11	5959.98
1438	8452.37	16641.3
1439	9648.63	5570.16
1440	5054.95	2187.73
1441	14888.89	13084.82
1442	9806.8	5224.28
1443	14366.8	6199.23
1444	13328.67	9052.89
1445	11997.92	14276.85
1446	2048.06	17772.02
1447	9472.27	2256.75
1448	6573.67	3689.91
1449	17599.72	14972.44
1450	6577.66	9834.23
1451	4450.84	5528.98
1452	4732.53	4819.79
1453	16453.62	8346.52
1454	12118.28	3574.1
1455	5514.4	5942.97
1456	13864.19	6739.19
1457	4415.46	14550.08
1458	490.75	10299.64
1459	2771.65	12627.07
1460	5806.51	8658.84
1461	7501.73	14494.44
1462	15931.9	16573.42
1463	14371.67	9498.24
1464	10311.67	788.0
1465	1798.79	16911.37
1466	14563.55	8244.69
1467	15094.44	10977.52
1468	2650.52	12127.46
1469	5040.26	5836.09
1470	4355.38	9913.86
1471	5680.37	7224.52
1472	1474.88	17629.28
1473	10494.37	4200.4
1474	4207.32	7214.01
1475	13470.54	9219.58
1476	9487.22	78.74
1477	11566.55	15890.72
1478	1293.69	7974.98
1479	14874.54	9442.74
1480	4732.03	15606.57
1481	17678.08	7507.78
1482	12961.57	4433.13
1483	13392.45	3425.42
1484	15324.23	7604.86
1485	7535.02	10613.51
1486	13808.39	8540.69
1487	14434.12	7525.71
1488	17615.97	15941.51
1489	5452.52	5367.92
1490	13253.58	7570.22
1491	4349.4	12617.19
1492	2173.9	7874.25
1493	8344.68	15770.63
1494	14894.47	550.89
1495	8480.62	15068.29
1496	9438.73	5029.6
1497	6924.77	9402.59
1498	8467.79	12435.48
1499	17675.66	8021.34
1500	14086.37	14039.76
1501	11723.21	2273.18
1502	13507.11	16159.58
1503	5580.31	14563.35
1504	17320.88	6305.32
1505	16380.15	4299.09
1506	6408.15	11206.58
1507	2278.37	10910.24
1508	16678.33	5848.45
1509	14411.35	13545.65
1510	17002.14	11443.94
1511	9435.41	14472.22
1512	10474.52	6844.5
1513	10135.91	12459.16
1514	3260.66	8344.11
1515	4740.01	5109.56
1516	13471.07	15683.05
1517	98.18	2016.44
1518	7193.32	7970.25
1519	15733.24	264.57
1520	2976.52	12047.02
1521	3962.13	12799.09
1522	10147.66	7953.33
1523	7674.91	10175.23
1524	9173.27	1088.95
1525	10916.94	6931.23
1526	16148.68	12913.88
1527	14853.23	9224.27
1528	5940.06	5543.4
1529	7790.87	7128.54
1530	13812.1	3308.07
1531	12966.31	4697.77
1532	5576.08	12101.05
1533	3307.38	15873.7
1534	12822.48	1810.8
1535	1350.7	14050.06
1536	511.64	11889.82
1537	12350.88	4991.25
1538	5249.27	15558.93
1539	4069.79	5980.4
1540	4375.59	5962.62
1541	1435.96	16191.71
1542	9088.28	4141.98
1543	9545.65	1107.77
1544	14937.29	5556.21
1545	7549.2	300.33
1546	6970.93	11864.3
1547	678.35	1088.09
1548	17902.28	15270.29
1549	7989.56	11863.78
1550	11631.91	17090.25
1551	14527.09	16339.66
1552	4951.27	15509.9
1553	1716.41	11654.07
1554	14174.32	6349.03
1555	7211.38	344.87
1556	11667.06	16218.48
1557	13760.33	7607.98
1558	7465.04	6521.51
1559	14917.72	2302.41
1560	2705.09	1192.97
1561	12490.38	10276.56
1562	4949.82	15323.67
1563	12043.41	7925.0
1564	10792.7	17324.3
1565	5492.01	9697.49
1566	10714.35	10281.56
1567	5168.35	11653.63
1568	10975.42	9366.85
1569	6221.25	6843.55
1570	10499.33	16646.09
1571	16977.25	14523.98
1572	15476.27	453.11
1573	13005.83	8808.33
1574	14996.2	12212.19
1575	790.02	1753.77
1576	14294.05	2957.08
1577	4841.03	12988.25
1578	14456.03	1978.43
1579	2012.51	618.52
1580	1054.67	3359.11
1581	17994.64	9802.04
1582	9335.48	13782.89
1583	8402.93	13536.76
1584	1350.73	4069.86
1585	11566.93	10710.71
1586	15331.28	2100.02
1587	17494.01	17.83
1588	10643.43	13884.11
1589	9926.42	11843.25
1590	15941.19	7546.35
1591	6315.73	5139.7
1592	7978.93	17249.34
1593	7255.41	14505.53
1594	17599.43	13077.31
1595	7104.19	4827.06
1596	2574.91	7500.82
1597	279.77	17271.14
1598	17050.16	6393.23
1599	17546.88	8157.95
1600	10902.13	6285.7
1601	12847.95	5894.77
1602	10298.46	13959.61
1603	8926.54	9643.64
1604	14123.94	16981.97
1605	13982.6	8557.92
1606	12089.25	5632.26
1607	635.3	15022.62
1608	14909.53	10838.8
1609	12227.86	15676.49
1610	8323.26	6306.61
1611	6078.18	17331.43
1612	3281.01	15726.65
1613	1419.53	3199.65
1614	3429.39	2100.84
1615	7405.56	7036.49
1616	6730.37	17741.93
1617	3747.7	15450.24
1618	1368.11	16693.71
1619	17940.15	15720.71
1620	15985.45	3675.71
1621	12516.71	4373.25
1622	8852.18	1656.35
1623	5169.83	10568.17
1624	12964.85	5042.55
1625	8738.71	11673.91
1626	6184.11	16711.98
1627	3313.28	4904.19
1628	3238.23	8055.95
1629	997.99	857.65
1630	8637.02	5350.89
1631	12363.05	7636.73
1632	1560.91	8654.73
1633	16007.71	12400.46
1634	3168.51	12820.66
1635	9631.66	1576.69
1636	12132.17	13823.46
1637	2832.4	15349.16
1638	5234.55	16663.39
1639	13016.08	9955.36
1640	8669.02	886.93
1641	930.15	12776.39
1642	8141.86	13319.63
1643	14483.62	7910.03
1644	3576.28	12825.67
1645	4087.94	16245.49
1646	9804.48	16042.02
1647	16697.82	9898.26
1648	6410.19	6002.15
1649	13609.28	1675.19
1650	1405.33	1193.59
1651	5925.65	3635.97
1652	15568.16	11885.35
1653	15411.26	2317.18
1654	8679.88	6806.46
1655	104.05	16537.15
1656	5219.95	5649.07
1657	4751.07	15272.42
1658	1014.82	13286.55
1659	17005.21	8417.35
1660	2062.47	14447.96
1661	2020.67	14693.44
1662	17863.67	16283.51
1663	15869.46	9270.23
1664	2317.33	6029.02
1665	16016.99	10279.49
1666	9672.7	4699.77
1667	965.36	4049.26
1668	11484.25	10555.39
1669	9524.67	3642.5
1670	13646.23	4366.12
1671	3816.6	519.23
1672	14720.3	15232.1
1673	193.49	2137.25
1674	7713.92	12482.7
1675	2832.29	1499.35
1676	4837.91	3713.08
1677	3068.71	15158.02
1678	7575.61	203.67
1679	4990.93	15136.56
1680	16883.08	533.04
1681	8915.36	7016.83
1682	14449.15	5908.86
1683	15194.02	7064.22
1684	9382.53	5326.4
1685	8072.6	4722.92
1686	7217.1	257.23
1687	4923.51	17867.53
1688	8174.41	275.01
1689	4589.52	3830.02
1690	1085.94	4276.6
1691	13928.73	4715.53
1692	1795.99	17758.64
1693	5496.79	5600.52
1694	6111.75	6386.68
1695	7197.27	9415.64
1696	1375.33	4444.83
1697	16752.68	9305.21
1698	8969.0	3418.45
1699	3466.23	1435.26
1700	14242.04	11379.41
1701	1978.22	15629.43
1702	1662.06	3267.94
1703	5532.05	5623.32
1704	12051.36	8152.8
1705	8819.14	17808.74
1706	2564.83	16034.66
1707	15998.19	17302.95
1708	11956.59	15861.97
1709	11648.23	9389.36
1710	11706.3	17406.6
1711	1945.65	16975.42
1712	1778.07	17614.52
1713	12525.99	13812.78
1714	8227.3	5225.08
1715	3797.5	603.09
1716	7475.1	3639.38
1717	16930.46	17387.11
1718	8090.49	15379.12
1719	12093.13	9398.85
1720	7379.65	11614.42
1721	9809.68	16541.48
1722	387.16	9904.81
1723	8756.2	15052.12
1724	11754.96	11841.27
1725	3542.99	14989.53
1726	340.1	9288.91
1727	13663.11	9856.39
1728	4979.02	17086.43
1729	14047.9	2098.63
1730	9819.39	14236.6
1731	649.17	15394.21
1732	2002.11	3557.63
1733	11048.2	2609.47
1734	12411.85	10180.37
1735	15191.41	3889.29
1736	186.52	12592.83
1737	2966.95	3241.43
1738	60.86	11286.11
1739	1430.01	11145.39
1740	5541.89	2060.52
1741	4127.65	3989.92
1742	14502.55	15951.22
1743	15988.25	13212.89
1744	14142.78	17463.09
1745	11855.27	591.42
1746	16769.52	12331.39
1747	9007.73	8200.7
1748	1170.65	16651.13
1749	12884.35	6555.08
1750	152.76	14495.74
1751	6778.48	8143.8
1752	112.31	13898.84
1753	12934.13	15453.4
1754	13214.01	4757.58
1755	9644.75	397.36
1756	13318.23	52.5
1757	3357.43	12242.49
1758	493.49	15826.39
1759	11159.41	4256.06
1760	15840.51	16928.77
1761	6905.69	10163.8
1762	14623.43	17257.65
1763	15342.84	2296.68
1764	14662.12	4008.66
1765	5876.04	6436.98
1766	5605.55	877.87
1767	15145.27	12178.47
1768	10624.19	12279.4
1769	151.15	929.46
1770	2628.83	955.55
1771	9447.53	12841.09
1772	10449.76	7366.71
1773	16046.47	5463.55
1774	5771.79	1583.1
1775	1853.89	6160.37
1776	10519.94	5376.25
1777	8096.34	1999.09
1778	15570.64	13912.81
1779	16385.47	6348.79
1780	2583.41	4224.64
1781	15081.17	14072.83
1782	13185.52	12829.96
1783	11327.17	17042.8
1784	12779.09	1470.68
1785	7652.42	5870.28
1786	7173.19	15847.19
1787	11812.64	4381.86
1788	7378.48	3363.02
1789	5415.38	4361.52
1790	6066.69	2132.37
1791	6870.15	7090.88
1792	16171.76	12784.32
1793	9132.74	14657.21
1794	12997.18	10076.85
1795	15239.1	3919.36
1796	17997.12	16354.01
1797	12676.59	12339.13
1798	13764.48	13760.58
1799	289.94	5456.95
1800	3835.49	1123.62
