1	17821.51	25472.11
2	17408.88	19902.04
3	18573.98	8367.35
4	9111.13	5491.18
5	12327.1	19260.01
6	23636.18	1537.09
7	2437.54	19220.25
8	19299.89	6680.04
9	17687.71	24315.02
10	12561.75	28478.68
11	3484.64	16521.62
12	687.3	18863.42
13	1377.78	17878.21
14	18993.62	3857.62
15	12422.34	15018.97
16	27662.03	26218.97
17	24499.74	18220.92
18	24866.53	18493.75
19	18770.17	2776.71
20	1572.22	20670.03
21	20356.9	14961.29
22	11908.69	8942.67
23	19071.03	21170.83
24	18414.46	24807.34
25	17733.68	12963.12
26	22651.43	29951.47
27	29850.69	11230.91
28	19046.34	17089.17
29	27422.98	1020.39
30	27796.78	14693.15
31	11783.84	20798.9
32	3483.93	4366.54
33	14167.33	17331.42
34	23299.84	2165.18
35	1150.7	17135.12
36	147.92	20528.21
37	17865.54	26810.8
38	4042.24	2745.61
39	29681.76	8568.91
40	11211.52	28272.41
41	19694.84	1959.34
42	23303.9	25689.9
43	5148.58	432.26
44	373.74	26182.12
45	12089.57	12949.12
46	20604.2	7492.03
47	4250.5	16956.91
48	10512.35	23437.39
49	11422.82	8458.61
50	11435.38	18754.7
51	16205.35	28225.43
52	1779.01	7059.97
53	20595.27	27057.34
54	13120.49	5696.21
55	25028.77	16348.87
56	3018.87	21828.25
57	5319.32	20379.09
58	12714.42	28935.35
59	12345.15	4355.1
60	6619.29	20057.25
61	10043.7	2916.21
62	23491.56	24331.49
63	28520.8	12508.87
64	26679.2	11609.14
65	18987.48	2836.11
66	27119.09	12841.08
67	2471.54	17771.0
68	18342.36	5323.68
69	4130.69	21480.91
70	26983.33	8252.05
71	5803.55	2860.66
72	22009.38	4600.5
73	25711.56	13948.46
74	11296.47	22654.35
75	21291.97	2161.13
76	3260.36	6696.2
77	11275.31	13122.17
78	4545.64	17033.99
79	6739.3	25310.41
80	16331.54	24019.72
81	7593.3	23877.78
82	23338.44	18114.65
83	22781.73	25221.84
84	6281.96	25669.31
85	8245.5	13105.87
86	15863.18	23250.71
87	26294.51	28791.43
88	14194.58	13644.2
89	15647.14	1119.04
90	11205.93	4644.83
91	26928.68	8581.38
92	24773.27	86.32
93	779.22	11496.48
94	27523.34	15307.79
95	6229.09	19897.41
96	23879.63	4291.91
97	23933.58	11101.11
98	4249.42	27714.15
99	8044.54	10363.53
100	17157.79	6441.99
101	28104.75	12530.7
102	24715.75	24710.18
103	7252.39	11353.47
104	17782.85	657.57
105	11198.21	20517.26
106	14653.78	15638.1
107	8130.89	6697.41
108	24746.75	834.67
109	2096.12	19800.64
110	2308.89	19959.04
111	9738.97	19643.55
112	17041.24	3501.58
113	25174.08	21571.84
114	3614.6	12014.08
115	3706.86	14371.28
116	17245.79	6530.15
117	25032.3	1842.69
118	213.5	14220.37
119	27291.37	27537.3
120	18679.48	3122.12
121	20364.08	25082.06
122	29139.55	8476.02
123	4007.59	154.91
124	26574.33	15032.16
125	8048.37	2106.0
126	18803.5	4876.69
127	3653.73	5007.53
128	26716.21	24760.44
129	2410.42	10.54
130	20666.47	6093.04
131	9608.27	12730.54
132	25668.77	28580.42
133	17879.67	20707.59
134	18265.97	10558.03
135	3932.65	14606.98
136	11936.84	19147.98
137	19010.53	19829.18
138	6599.06	12999.14
139	17220.09	6191.55
140	24804.45	18080.56
141	10972.7	15411.69
142	21838.51	23019.97
143	2991.79	29019.29
144	22003.43	29505.86
145	26726.68	14564.45
146	14574.36	18555.14
147	4046.63	28261.21
148	29374.79	1073.95
149	15147.46	3386.93
150	24521.58	1325.63
151	24040.25	12884.1
152	862.92	9012.77
153	17362.41	11127.47
154	8489.02	25890.99
155	12029.31	7012.75
156	5945.64	19341.41
157	23554.09	26050.99
158	9444.74	27226.72
159	1653.62	11054.07
160	14707.76	19974.36
161	13385.2	16500.67
162	15738.81	13385.39
163	9128.24	29837.59
164	7653.94	23748.4
165	16607.78	12518.87
166	22650.36	20886.81
167	19973.54	25019.68
168	4753.39	9188.79
169	11494.36	7998.92
170	27324.05	26338.01
171	14887.87	22452.44
172	6703.18	28369.86
173	20199.59	27585.79
174	3870.74	25570.34
175	9301.86	23494.48
176	3965.02	8744.25
177	1444.24	9628.34
178	23585.58	3244.01
179	26546.87	13828.15
180	20561.83	17291.86
181	21070.52	10228.54
182	1294.48	11028.93
183	14828.44	3935.83
184	7278.71	9605.19
185	28320.71	15605.96
186	20455.22	25650.82
187	26858.15	6044.43
188	20940.31	14796.94
189	12419.4	5319.11
190	16226.22	27606.07
191	24775.72	21675.04
192	1918.24	14638.81
193	10768.62	11173.26
194	23029.9	5130.4
195	22839.0	14619.36
196	24447.93	6011.82
197	24607.71	9304.86
198	2997.9	12993.84
199	1976.75	12197.16
200	15391.01	16632.8
201	10809.91	24972.69
202	24394.52	13536.64
203	4945.38	28578.88
204	24927.14	25887.19
205	11391.77	7933.17
206	15881.97	26651.89
207	4379.18	10505.95
208	19544.99	14477.5
209	29365.4	19413.16
210	23217.82	11929.6
211	6735.97	19295.55
212	10234.99	1904.83
213	14576.56	4660.62
214	21008.8	8590.43
215	3880.83	18296.76
216	8956.7	5264.96
217	2502.81	18082.65
218	13510.36	7517.29
219	19086.86	20276.81
220	26646.18	2103.71
221	22827.39	3933.6
222	7247.44	7825.69
223	14751.9	22809.32
224	15255.92	7310.32
225	29809.65	26991.81
226	14265.16	3188.21
227	29764.34	29187.97
228	9941.24	3945.06
229	3875.29	8613.3
230	17105.62	24771.65
231	19384.07	14071.51
232	2864.08	7450.08
233	10973.13	17467.98
234	21664.01	20983.82
235	18544.15	12785.02
236	13064.47	8794.19
237	11612.42	15161.66
238	1611.21	1531.58
239	20022.33	19934.13
240	18003.91	11198.07
241	6036.0	28044.25
242	25872.04	14178.6
243	10758.95	13151.62
244	16017.61	25060.12
245	22581.77	24176.21
246	11673.12	11307.08
247	2097.19	11720.55
248	10208.75	23685.1
249	2521.65	10702.8
250	29183.65	4854.19
251	26404.71	18788.54
252	8934.28	26530.36
253	18148.03	10910.9
254	24979.24	15593.95
255	16290.35	20408.52
256	1987.24	12910.55
257	14637.46	27889.04
258	22302.8	10103.74
259	24345.21	10941.52
260	22221.66	6384.1
261	12258.42	520.46
262	2655.98	18194.11
263	3844.69	13612.39
264	26146.08	16142.63
265	19551.19	19440.46
266	3354.86	699.09
267	17473.78	26097.91
268	7641.25	17088.73
269	28358.67	8109.71
270	22474.41	4854.73
271	22230.82	25370.09
272	9535.88	29293.13
273	518.1	10603.56
274	4539.01	14360.69
275	21170.75	183.89
276	9881.26	4924.65
277	5742.46	27158.25
278	8333.58	14436.9
279	16027.24	853.67
280	15475.12	19809.69
281	19447.06	8943.59
282	27644.21	22154.22
283	28133.3	9474.11
284	19511.96	11004.54
285	27604.4	9934.95
286	23150.99	14154.4
287	24280.85	26335.59
288	7667.67	15710.72
289	20890.28	23548.94
290	17651.46	18940.73
291	8949.2	3161.23
292	12621.33	15456.67
293	14051.04	27262.25
294	5238.55	21547.83
295	3034.5	7337.3
296	19995.68	13589.81
297	2174.51	20694.8
298	5347.57	11793.38
299	4167.49	17441.01
300	29081.31	5863.87
301	13229.03	26766.62
302	15151.1	26952.03
303	4005.16	21800.46
304	27005.66	19167.42
305	23267.08	28797.16
306	14471.21	28861.5
307	16388.13	10592.93
308	29361.86	18562.73
309	16595.14	12554.67
310	14805.46	14540.18
311	8994.27	20673.04
312	23068.99	18930.38
313	21874.78	11563.08
314	8355.49	26927.81
315	29241.84	11677.67
316	14834.92	25979.78
317	16678.11	22003.84
318	16428.76	19412.5
319	13412.3	15016.82
320	16031.58	29660.28
321	17503.02	5634.81
322	19059.29	14361.04
323	27112.37	9231.12
324	11810.63	2975.14
325	24397.78	18860.88
326	16363.94	7446.02
327	21713.96	15813.2
328	16088.82	361.28
329	4794.05	23125.49
330	26504.14	11025.75
331	576.78	2673.19
332	16873.02	15428.0
333	29483.62	15104.14
334	26690.38	20280.82
335	28521.11	25610.79
336	18517.43	14445.9
337	23853.55	11583.53
338	24644.75	8865.34
339	10801.76	28762.28
340	2285.02	26764.14
341	6409.42	12500.67
342	12554.36	21628.83
343	9842.23	17400.42
344	5976.29	10227.86
345	26973.42	1877.19
346	7092.27	22775.1
347	12891.05	12271.7
348	40.73	19737.72
349	14243.88	8923.0
350	23352.99	2312.74
351	10681.99	680.23
352	25780.26	16708.54
353	18886.43	13906.04
354	18369.02	12924.04
355	27874.61	17895.05
356	23437.23	535.35
357	10893.9	10063.96
358	7325.85	12824.32
359	4002.3	7189.24
360	28357.2	8370.24
361	28164.16	9470.53
362	24371.92	27312.48
363	18527.98	23194.65
364	26085.03	27024.56
365	7045.1	28448.56
366	8012.7	1362.83
367	12519.59	5019.09
368	12167.63	4278.16
369	19132.25	20175.26
370	28944.09	1870.7
371	28997.31	6604.96
372	3669.12	25798.2
373	20672.33	9182.28
374	15050.33	16231.56
375	13581.31	2300.58
376	27928.58	22725.2
377	7538.06	1710.15
378	26067.89	7856.69
379	4315.77	15660.48
380	4407.16	14349.95
381	2828.82	6535.6
382	12988.06	8422.85
383	13512.82	16621.11
384	6584.24	5591.15
385	26126.14	6653.55
386	7621.99	6826.08
387	2880.52	10067.99
388	15201.08	24906.48
389	1078.17	5751.95
390	19467.91	11140.02
391	27149.87	25327.11
392	17177.59	3873.73
393	23413.59	24886.58
394	7646.85	14602.82
395	22429.35	16944.79
396	10454.66	12567.48
397	165.02	15751.13
398	8821.21	2241.73
399	4156.4	3039.39
400	19107.45	24064.69
401	1703.46	5087.49
402	26196.61	3736.87
403	27086.72	19354.51
404	15125.17	26381.84
405	5302.83	9285.92
406	15862.35	1669.89
407	13305.28	29474.34
408	13411.05	6048.0
409	16215.68	28499.16
410	12358.38	17874.26
411	7614.69	5442.94
412	10837.93	518.55
413	16727.46	16017.57
414	28873.01	4490.29
415	18788.67	15999.7
416	17799.79	3669.96
417	9003.05	15971.29
418	26087.92	1925.12
419	13452.24	11218.63
420	2199.02	5518.86
421	15141.7	20916.86
422	3728.86	12472.33
423	10930.7	18761.48
424	6270.79	23187.98
425	1821.14	26309.26
426	13986.33	15347.06
427	29348.44	22602.17
428	27887.05	19532.7
429	16543.37	19577.34
430	18074.14	29075.74
431	2087.12	111.96
432	21736.67	12892.04
433	19399.02	23008.03
434	2509.02	2160.36
435	29049.69	28931.99
436	26074.04	24166.67
437	21979.29	26846.77
438	9401.69	16807.83
439	20136.84	2016.93
440	17522.74	29187.92
441	9754.29	996.5
442	25346.44	18483.47
443	18004.6	11076.6
444	14308.93	16934.18
445	18943.87	22278.83
446	17450.58	17063.09
447	841.11	6970.95
448	15467.95	27309.25
449	20592.15	20523.18
450	11646.5	19084.08
451	2831.6	26432.87
452	19692.85	26200.59
453	27227.75	24978.26
454	934.91	24911.73
455	13641.55	24871.26
456	29752.05	28226.13
457	4967.79	7695.44
458	14098.03	25733.09
459	6727.5	17137.13
460	10335.47	19010.01
461	13924.91	138.35
462	6624.31	29153.57
463	4236.09	2125.63
464	26589.66	27877.24
465	5748.37	5521.17
466	2882.72	28952.61
467	16783.27	576.64
468	9194.53	18757.24
469	19305.99	24722.68
470	2675.01	22778.42
471	28841.12	946.6
472	7835.42	12106.57
473	17290.24	4322.89
474	17217.51	22503.83
475	23237.78	21861.07
476	13255.78	24406.1
477	834.66	7258.33
478	16035.58	26227.01
479	21903.44	4409.96
480	4346.89	21316.5
481	7052.58	7090.87
482	21991.98	22804.11
483	5874.9	16867.76
484	29085.51	17468.38
485	4714.8	14446.98
486	2171.4	19957.18
487	5686.47	12062.67
488	26104.15	19974.61
489	28078.21	7651.77
490	14783.45	29978.14
491	12283.17	14111.75
492	29975.44	17028.32
493	8943.84	14293.28
494	11311.69	13460.96
495	14058.74	5118.87
496	10752.47	16916.59
497	23243.16	9761.67
498	5912.69	3245.26
499	20563.51	24641.05
500	25319.53	16398.07
501	10893.95	20577.2
502	19023.16	27139.9
503	14120.13	6001.69
504	19538.05	17878.12
505	487.26	8512.81
506	15444.8	7554.73
507	19398.22	6559.92
508	27086.82	27794.95
509	4190.33	18998.27
510	25887.76	9838.29
511	26098.03	2445.55
512	26572.63	20467.57
513	9252.29	343.48
514	20276.06	2335.75
515	14408.56	3304.59
516	24920.88	7027.03
517	12239.02	3536.32
518	5150.83	13777.91
519	4995.27	27021.38
520	12815.05	28707.27
521	7674.44	9224.49
522	2184.71	25017.74
523	28926.54	20620.29
524	26054.91	16583.06
525	14002.56	3863.47
526	19354.32	20137.75
527	2072.76	15582.8
528	7975.92	20938.51
529	21820.83	18591.46
530	21716.91	1907.57
531	985.5	22220.44
532	6929.75	8442.12
533	12956.95	12974.67
534	17884.24	22248.52
535	29257.92	4669.35
536	21323.87	22065.24
537	17550.02	8150.37
538	9555.23	28161.31
539	27505.51	7708.99
540	24699.5	28829.01
541	13101.77	8948.14
542	20801.27	14279.74
543	2679.31	229.93
544	24970.5	4374.47
545	24167.62	16993.94
546	1298.31	9655.54
547	21465.92	18903.31
548	8578.17	29163.25
549	29752.52	19776.2
550	6639.87	7831.44
551	10070.42	18862.04
552	16165.34	14512.8
553	21575.15	1777.84
554	26257.98	10062.93
555	25945.91	28306.75
556	9982.07	21003.15
557	28039.87	25031.69
558	26531.94	20389.52
559	7691.84	14038.06
560	5098.47	14437.12
561	3667.36	1243.76
562	17882.54	6579.05
563	22624.07	2882.61
564	9435.41	25811.49
565	8928.09	1067.5
566	27970.33	24974.51
567	20021.16	9962.61
568	13971.07	18715.42
569	29598.69	23642.41
570	28964.14	6697.53
571	28923.09	13398.9
572	4170.32	16625.79
573	27255.79	11821.2
574	8580.56	10116.49
575	13683.42	11927.73
576	334.6	21203.41
577	19941.73	24753.36
578	18988.72	21268.25
579	19238.81	11658.82
580	9300.74	28793.63
581	24280.07	21911.65
582	8122.36	8017.63
583	29711.02	20202.51
584	29978.97	27270.97
585	10953.06	9639.31
586	3618.74	25768.16
587	28049.17	10336.01
588	26978.4	15770.41
589	20890.42	28381.17
590	18934.66	3045.18
591	2632.11	5088.03
592	20677.52	10975.01
593	16881.34	6559.05
594	28956.13	27106.91
595	29931.81	22437.26
596	27399.82	15069.07
597	29976.37	4629.84
598	13661.81	22035.06
599	1160.39	25321.06
600	20930.71	10242.69
601	11918.05	14715.41
602	8786.36	29145.84
603	8922.83	20660.99
604	11127.1	14876.17
605	1323.14	10157.07
606	11387.06	138.8
607	3480.22	27974.49
608	17594.58	12779.82
609	28003.12	21017.26
610	29528.85	15853.83
611	22233.3	27638.25
612	18438.92	15509.38
613	24095.03	16620.91
614	19006.97	19486.8
615	5698.12	24222.8
616	16249.75	2986.09
617	15902.85	1955.7
618	2866.38	24493.16
619	15416.34	2791.14
620	12468.06	2039.14
621	6957.6	28221.42
622	8316.63	22251.19
623	11664.15	25666.42
624	3963.9	12737.1
625	8037.66	17866.49
626	23630.38	22994.72
627	24173.62	16154.59
628	1839.5	19319.02
629	4313.05	7035.39
630	20007.89	22998.14
631	7625.58	8217.18
632	24346.92	3093.89
633	5690.03	26792.99
634	1711.81	20444.4
635	28928.99	11553.29
636	29209.42	5793.43
637	6554.76	15216.18
638	4101.81	10250.81
639	12013.29	21156.42
640	20116.47	1125.74
641	12489.78	13064.03
642	6734.29	14376.88
643	11867.18	830.05
644	1960.54	12046.23
645	7448.19	10950.49
646	5332.86	5790.8
647	19265.78	8781.42
648	196.18	13219.36
649	13416.7	12175.72
650	1026.63	3809.31
651	7220.61	3664.41
652	6463.32	26686.47
653	11560.72	14906.88
654	10269.73	25478.03
655	8839.37	6493.0
656	665.11	9832.93
657	8193.99	27122.87
658	17949.11	17118.19
659	21385.45	27109.06
660	5931.28	23264.48
661	2563.02	23951.63
662	4354.42	17265.34
663	3882.76	6219.09
664	29146.96	16033.3
665	8438.4	28538.23
666	24877.76	21208.79
667	448.6	16292.61
668	23828.54	6990.28
669	21809.28	940.66
670	4228.38	3640.1
671	17128.98	22427.5
672	27899.2	23987.38
673	24469.82	24778.23
674	12088.02	2597.91
675	15715.53	23530.61
676	14782.69	24918.03
677	12133.4	22637.9
678	1701.99	2716.24
679	432.91	1649.19
680	709.32	9376.67
681	21129.96	4650.38
682	26842.16	23553.61
683	29100.67	23216.67
684	1414.62	8909.06
685	22406.05	10719.68
686	1327.01	8541.45
687	18864.26	7610.2
688	26267.05	23707.95
689	5715.45	21596.04
690	8985.74	7589.7
691	26299.52	11127.57
692	29802.73	26700.66
693	2263.59	12994.61
694	29367.5	8243.7
695	21215.47	16225.08
696	767.71	11082.35
697	6035.09	25327.06
698	9421.51	29671.67
699	27823.13	7611.25
700	9834.51	1081.68
701	7264.12	14524.37
702	11735.98	13253.22
703	14155.17	8846.12
704	11847.02	1534.37
705	3262.73	10548.42
706	6072.09	8813.39
707	27424.44	14808.05
708	12012.49	18362.1
709	21222.95	27151.38
710	7534.18	7146.78
711	29550.27	19193.55
712	22349.21	14368.93
713	17723.43	11346.25
714	8385.32	5598.31
715	25573.43	22254.23
716	227.65	12901.93
717	21263.34	19958.66
718	13994.18	16347.54
719	5136.68	13521.36
720	27359.78	23975.59
721	12292.19	7905.08
722	25870.75	13836.09
723	26990.93	15951.56
724	19929.41	21537.26
725	24641.96	3703.98
726	11705.37	27572.34
727	8683.85	17342.88
728	9742.5	12590.78
729	27214.86	9393.94
730	17597.84	28857.16
731	22292.2	29128.73
732	24637.12	15159.32
733	5750.67	9624.18
734	8641.7	4330.59
735	16890.81	24155.13
736	27496.83	13051.37
737	11051.93	3806.92
738	22410.27	22371.95
739	11605.44	19019.14
740	4548.36	6070.27
741	5743.37	12041.83
742	6115.62	10394.24
743	9463.99	26519.59
744	2360.21	18562.68
745	25481.45	21894.4
746	28542.23	9533.2
747	14344.04	25256.94
748	3773.37	12911.34
749	16589.11	16735.49
750	8479.11	16825.2
751	3212.02	232.59
752	9859.4	23986.52
753	16915.34	29266.5
754	24290.54	6610.96
755	5374.28	18263.56
756	23688.87	28095.16
757	16869.33	12369.96
758	10724.86	12930.74
759	8658.87	27248.2
760	23185.38	28631.36
761	4478.89	27530.36
762	16056.89	1829.12
763	11063.06	15438.62
764	18196.7	22995.61
765	21315.15	21482.98
766	1901.6	9372.37
767	7724.08	18779.37
768	17524.52	23455.57
769	7332.63	28784.15
770	12945.1	20673.2
771	4698.54	768.99
772	2665.46	9854.93
773	20504.66	3531.04
774	28759.13	5124.85
775	1689.09	18497.68
776	7293.67	28810.62
777	22326.61	1698.51
778	10779.23	17221.87
779	21360.84	294.02
780	249.67	13212.94
781	29997.54	17533.83
782	9249.44	12070.82
783	9246.67	3927.29
784	6421.85	29824.36
785	17387.92	9613.97
786	1444.19	23853.84
787	22093.46	28427.37
788	17136.65	8435.86
789	24497.55	15123.75
790	22614.12	28673.67
791	14748.2	27603.13
792	18301.21	19713.27
793	10146.73	8019.11
794	26862.54	21928.7
795	17087.61	22370.01
796	12267.54	10902.24
797	22741.4	1514.32
798	23303.71	20751.05
799	20758.39	2247.3
800	12586.66	2319.59
801	11102.93	24097.33
802	26410.74	123.67
803	24706.41	15092.72
804	5537.33	26344.35
805	28777.44	27042.91
806	16602.47	5735.77
807	5946.01	4162.28
808	4055.02	17019.43
809	28243.02	19907.01
810	16925.79	27454.63
811	29015.96	6287.57
812	13842.26	28667.3
813	14217.02	14358.33
814	9353.46	9079.82
815	8703.72	3613.84
816	1023.28	2149.55
817	16774.55	15610.93
818	9253.37	6186.06
819	26244.83	29765.62
820	24369.76	15479.71
821	29993.28	4887.65
822	9853.33	12615.8
823	29646.67	16961.51
824	9744.31	23566.23
825	7320.06	12814.69
826	15555.4	21854.74
827	18349.7	6113.36
828	29561.27	21857.6
829	11494.12	2397.6
830	29576.82	14847.83
831	3289.24	8123.5
832	25025.24	3817.31
833	14187.63	26612.94
834	6341.65	25780.34
835	2560.02	21269.95
836	29872.3	25406.96
837	12976.16	21028.12
838	2708.26	27221.99
839	2579.62	24348.5
840	21144.17	25364.8
841	26637.02	10322.45
842	6806.32	4268.98
843	14578.0	6011.55
844	20041.78	1429.48
845	28248.34	28042.19
846	1801.65	1659.24
847	26780.12	17161.25
848	1325.38	26479.71
849	5443.21	5359.31
850	13883.97	6008.13
851	27481.19	23283.49
852	614.07	6938.63
853	17563.26	14822.67
854	1400.54	24501.08
855	22857.82	3186.51
856	6949.41	26632.23
857	27074.29	13486.99
858	20184.24	13481.58
859	6808.47	28033.19
860	22071.31	21408.17
861	8393.21	22567.35
862	3804.89	23245.15
863	20134.25	2657.3
864	6715.34	16082.18
865	19366.65	655.18
866	15238.4	6386.22
867	15885.93	5088.06
868	5874.7	19415.3
869	8056.23	3805.46
870	29405.76	17894.49
871	14363.02	22019.66
872	25166.38	18958.57
873	6015.56	8033.66
874	23605.33	16225.71
875	15391.09	25114.55
876	11089.94	422.78
877	708.2	1469.6
878	29740.22	17301.06
879	6555.72	3155.95
880	1236.92	12201.2
881	4396.75	13724.68
882	9554.28	224.91
883	7714.16	14312.37
884	9581.26	24013.51
885	27658.75	13844.06
886	24741.44	8169.95
887	27640.8	1143.33
888	6495.29	5214.39
889	8892.6	7692.53
890	3260.46	358.06
891	19669.75	12973.82
892	5351.28	9362.84
893	1656.09	23847.69
894	5341.83	29201.78
895	22431.34	23645.85
896	27482.92	3796.52
897	3969.38	253.27
898	8619.07	24311.87
899	3086.94	27828.69
900	18350.1	28970.66
901	3443.37	1316.22
902	8482.34	28671.04
903	16590.38	9137.59
904	13125.91	19365.95
905	25752.36	28358.26
906	19287.72	24974.74
907	816.94	2412.03
908	16224.91	19237.97
909	20795.67	14160.42
910	25054.55	887.22
911	16659.11	16373.15
912	28233.72	19939.28
913	5438.11	21347.78
914	27362.48	4722.32
915	15975.8	24508.2
916	18456.95	4624.5
917	23866.86	3632.9
918	5008.59	14142.33
919	29538.96	5449.57
920	5509.43	10019.68
921	21243.06	26770.83
922	12278.4	19477.44
923	27573.16	12455.14
924	16673.27	26257.65
925	21270.87	26562.23
926	20365.43	15686.42
927	2166.74	10035.0
928	7467.39	20422.06
929	1394.9	29570.81
930	18462.59	2148.18
931	27898.21	13294.38
932	16816.5	14413.94
933	28657.57	22798.72
934	7135.37	16400.28
935	19222.07	24257.4
936	20196.42	28062.26
937	1456.34	15778.57
938	11936.92	8321.52
939	470.35	14905.45
940	13829.27	23928.09
941	22562.72	2073.7
942	10625.8	11856.59
943	13991.45	27703.31
944	27005.44	8311.84
945	510.14	9709.58
946	29400.72	6125.69
947	28262.58	17950.17
948	2339.32	2888.12
949	17397.4	14430.06
950	23185.89	4504.88
951	22059.91	19186.26
952	18980.39	849.43
953	5049.12	28402.73
954	9019.41	6038.64
955	5053.54	6935.17
956	25172.71	20704.77
957	9759.01	7517.31
958	23930.99	9929.48
959	16611.8	15722.5
960	14392.39	17017.68
961	3899.92	18853.62
962	3581.96	15208.07
963	543.19	14919.72
964	1859.31	7049.6
965	29322.18	11267.18
966	29799.76	15777.94
967	14864.49	29057.73
968	18932.19	8748.2
969	24437.37	21890.23
970	15311.05	3875.94
971	15932.74	744.01
972	3769.42	27674.91
973	9094.21	8422.45
974	21923.09	24929.58
975	19313.77	16788.48
976	24686.66	18539.26
977	20809.92	19960.6
978	29470.98	1757.5
979	5557.94	3826.08
980	16001.89	3237.94
981	16222.94	21463.92
982	1853.27	15335.26
983	1484.39	20039.53
984	7032.33	18733.47
985	947.08	13608.28
986	5615.29	12090.31
987	13069.03	10588.34
988	26171.96	4479.25
989	5615.58	23177.55
990	6037.03	10252.48
991	12089.13	5833.38
992	3567.47	8726.12
993	26189.76	28119.32
994	12165.4	15090.41
995	11475.13	12632.99
996	26896.88	18099.87
997	21528.94	21834.83
998	28191.85	11072.11
999	17276.48	28888.65
1000	17626.21	28127.92
1001	8795.89	17684.12
1002	24806.97	11455.33
1003	15005.85	25453.35
1004	25234.64	7524.24
1005	7274.01	20662.23
1006	28124.59	15979.3
1007	10928.27	15813.45
1008	9165.46	15916.0
1009	5083.79	2481.89
1010	21168.36	26070.49
1011	27303.62	20630.25
1012	9011.71	19615.64
1013	9775.14	10704.6
1014	25310.52	19671.48
1015	26008.83	29013.88
1016	2950.71	21727.52
1017	27410.88	24419.56
1018	1990.24	24312.34
1019	10995.12	24090.7
1020	10602.82	27265.2
1021	14857.69	12700.1
1022	9998.26	20064.99
1023	11956.55	1129.58
1024	17536.82	3546.63
1025	15075.92	20566.35
1026	1563.28	7586.45
1027	17688.81	788.62
1028	24386.96	23555.99
1029	29051.7	8510.56
1030	10333.66	9205.13
1031	3800.97	25390.9
1032	5348.82	15557.5
1033	28178.19	10571.52
1034	28109.89	11464.03
1035	15145.14	26255.36
1036	17957.67	8906.96
1037	24581.13	4713.84
1038	13884.32	1187.17
1039	9146.21	15530.68
1040	21692.34	24978.31
1041	907.42	16326.27
1042	1288.4	26622.46
1043	19454.59	28039.37
1044	7538.43	28414.22
1045	18257.84	6778.92
1046	24658.71	10426.88
1047	20704.03	23325.08
1048	3677.35	29596.35
1049	12425.91	11900.43
1050	28641.46	25300.09
1051	5460.11	28867.55
1052	16514.34	25015.43
1053	13814.95	10028.06
1054	16400.81	14474.3
1055	19944.54	5412.06
1056	16054.65	8433.44
1057	911.59	21591.77
1058	7826.52	19009.69
1059	25865.94	27712.62
1060	5642.8	25076.49
1061	16251.73	14043.84
1062	7496.78	3503.94
1063	15657.43	11935.3
1064	20600.39	9966.02
1065	23626.37	16381.39
1066	11689.68	28082.82
1067	20957.47	22803.13
1068	24905.14	23727.47
1069	23617.31	1449.93
1070	5404.97	10436.07
1071	15029.07	802.51
1072	3777.01	26530.27
1073	17079.31	19487.51
1074	15573.35	20767.16
1075	18933.06	11738.82
1076	14499.22	8385.83
1077	9326.53	14237.68
1078	11215.45	25593.07
1079	12392.76	9752.95
1080	12348.6	3429.06
1081	8598.14	9135.21
1082	13190.73	14209.17
1083	22526.86	22469.13
1084	9429.24	20948.85
1085	18248.93	20724.23
1086	23144.38	25287.54
1087	1232.46	17040.83
1088	1566.03	3608.34
1089	4036.66	19354.1
1090	27870.29	7066.47
1091	10723.67	5469.58
1092	28023.1	24330.07
1093	17330.36	16855.83
1094	29379.99	10892.89
1095	12713.64	29499.56
1096	2171.17	6488.91
1097	6034.93	26487.29
1098	19710.99	18734.13
1099	18087.44	22734.45
1100	27393.97	2450.23
1101	20620.56	6529.07
1102	8665.2	5976.1
1103	4786.84	25279.6
1104	2475.51	27905.63
1105	16922.47	4450.92
1106	12760.14	5418.84
1107	11654.92	20085.27
1108	17849.67	27528.61
1109	17909.44	8504.87
1110	26470.65	10970.06
1111	7375.14	18670.07
1112	25572.52	20732.54
1113	7432.36	15440.58
1114	7495.4	10374.58
1115	16216.72	19041.82
1116	4181.38	12812.74
1117	14006.68	5253.59
1118	10713.77	13584.43
1119	5034.61	2567.12
1120	24668.81	4200.04
1121	5513.39	22670.14
1122	19559.73	26054.49
1123	20126.4	17188.63
1124	19677.12	22605.85
1125	19864.19	29123.41
1126	9402.31	24710.0
1127	17311.12	3797.46
1128	9892.04	15974.59
1129	14815.46	21106.38
1130	1996.06	26255.76
1131	16388.16	23665.17
1132	18822.57	28582.36
1133	17936.77	29988.39
1134	9065.06	12915.67
1135	7980.02	5801.26
1136	19357.91	4710.91
1137	15091.71	3576.8
1138	10868.08	28935.65
1139	24536.38	29561.49
1140	5832.24	2675.18
1141	27618.41	29226.38
1142	21009.52	16186.82
1143	29040.91	13769.45
1144	8572.62	2135.11
1145	11957.82	27330.88
1146	21803.27	26916.41
1147	10648.93	7904.44
1148	19638.83	13769.71
1149	14660.73	26666.9
1150	6050.42	3511.47
1151	13283.34	15772.22
1152	2503.77	10777.76
1153	27528.69	22957.47
1154	12263.51	9366.46
1155	3161.12	13544.7
1156	22690.38	1007.56
1157	10640.5	7077.01
1158	9909.38	22351.04
1159	26111.72	21424.78
1160	29621.89	11572.05
1161	5561.51	21737.13
1162	1913.87	6715.51
1163	3484.21	990.79
1164	28802.78	21656.41
1165	24262.2	4337.84
1166	24927.4	11264.15
1167	137.89	18385.08
1168	4982.07	2242.35
1169	4039.38	3879.31
1170	15001.16	27163.45
1171	7559.75	106.37
1172	26642.5	21915.17
1173	26874.39	13745.77
1174	18507.67	517.93
1175	6581.46	15091.81
1176	26054.16	6072.21
1177	24109.89	21665.97
1178	25024.83	11045.55
1179	29072.21	3694.89
1180	6733.51	27522.22
1181	6372.13	17506.02
1182	10229.5	26452.45
1183	25506.66	485.22
1184	17659.32	11924.49
1185	17522.3	13960.65
1186	18552.59	21026.0
1187	13115.6	7514.29
1188	25021.32	11806.62
1189	22216.0	7452.25
1190	25238.23	6713.78
1191	15343.15	3183.13
1192	7499.66	28465.77
1193	15886.14	5500.91
1194	132.42	19723.42
1195	16041.13	4756.74
1196	11042.29	23101.4
1197	20052.48	18351.61
1198	14186.46	5499.28
1199	18942.08	20489.82
1200	20641.25	16626.63
1201	13315.07	14014.25
1202	18283.85	3849.83
1203	1835.93	8160.29
1204	7196.92	3960.69
1205	9042.24	11664.96
1206	12452.9	15155.27
1207	23771.0	28311.59
1208	944.11	26088.04
1209	5165.5	23896.4
1210	26084.05	25945.15
1211	2243.07	2737.07
1212	18579.36	11610.53
1213	13854.63	8105.46
1214	16758.62	15078.52
1215	18479.49	21181.05
1216	2510.93	10110.7
1217	10838.8	28508.42
1218	28926.3	2603.72
1219	2094.54	16989.96
1220	28769.68	27651.17
1221	19123.13	7066.59
1222	13171.52	27349.86
1223	11124.52	25270.11
1224	23137.19	16765.16
1225	21207.48	16875.69
1226	3969.22	4810.06
1227	6950.56	2802.95
1228	24332.54	6353.69
1229	18965.52	7325.43
1230	26819.91	24355.02
1231	27441.6	21744.61
1232	9696.18	29630.16
1233	9865.11	14101.91
1234	6548.16	24052.0
1235	7659.61	15518.7
1236	2162.8	8775.29
1237	26495.34	18474.9
1238	82.57	9538.67
1239	9025.36	15104.44
1240	10752.65	9711.03
1241	24452.89	1514.02
1242	1529.68	7130.82
1243	23964.68	15175.4
1244	8049.94	28002.08
1245	18181.79	27641.0
1246	15081.15	15830.7
1247	21358.65	3752.41
1248	15647.15	13552.53
1249	15381.12	6846.96
1250	19453.28	3353.34
1251	21104.28	2328.94
1252	15662.96	28928.92
1253	16024.88	20675.3
1254	7402.9	19379.62
1255	9447.06	4139.99
1256	20351.0	10659.88
1257	13139.39	8943.7
1258	1015.75	11454.7
1259	23124.62	25320.96
1260	19218.44	4330.65
1261	17616.29	13354.48
1262	5510.09	27047.85
1263	4580.48	27728.98
1264	25837.19	28590.63
1265	15054.53	12013.99
1266	2336.01	23432.01
1267	8560.17	4559.69
1268	7826.2	25526.85
1269	13791.86	17536.41
1270	6106.95	14293.88
1271	51.5	18430.35
1272	2504.51	7975.12
1273	11998.19	1677.58
1274	14732.74	17765.55
1275	20835.79	13816.5
1276	25863.38	29141.6
1277	26116.33	10394.79
1278	19979.89	3990.25
1279	6061.79	15208.88
1280	14710.69	16209.29
1281	7420.02	26499.82
1282	782.7	29571.91
1283	19574.9	15472.81
1284	9867.13	24497.5
1285	16353.18	18112.96
1286	13673.74	9393.87
1287	5998.92	9709.55
1288	4301.74	11142.8
1289	916.88	26601.51
1290	12460.47	5601.88
1291	3432.48	23171.03
1292	9549.95	7006.31
1293	8356.65	18532.08
1294	22617.58	25848.32
1295	1923.07	6427.51
1296	4620.52	10085.73
1297	9057.45	17331.96
1298	18252.57	11047.77
1299	11310.8	29105.82
1300	15437.03	5559.67
1301	22372.23	22598.01
1302	28241.54	593.17
1303	23718.32	4520.0
1304	27748.28	2349.57
1305	24338.16	8195.11
1306	15348.64	9738.62
1307	17860.41	13067.3
1308	18925.39	25763.0
1309	12330.01	21245.57
1310	27944.22	9264.78
1311	10141.82	10940.62
1312	29633.09	12364.22
1313	5675.3	14392.12
1314	14602.62	2146.55
1315	9530.79	7480.86
1316	3444.78	13856.83
1317	21935.93	1163.57
1318	8299.28	14082.72
1319	7579.42	10074.76
1320	12292.29	2223.3
1321	7574.27	17427.54
1322	3124.33	21041.77
1323	8144.08	2174.33
1324	15434.88	20615.69
1325	5327.42	11702.77
1326	2287.6	8942.01
1327	28356.76	22010.59
1328	17117.9	27868.55
1329	10307.98	242.05
1330	20627.27	9727.43
1331	903.24	20093.78
1332	15550.36	20502.06
1333	8670.4	2996.5
1334	3126.36	5916.65
1335	13165.53	28422.69
1336	26567.84	2251.07
1337	7472.69	27157.08
1338	9842.24	22481.64
1339	17918.04	17179.18
1340	18175.84	8153.7
1341	9848.14	17134.52
1342	17313.94	14257.84
1343	7109.14	3797.08
1344	4999.78	26492.85
1345	17813.62	17630.86
1346	18355.0	27010.3
1347	1790.91	26871.15
1348	1196.27	3737.05
1349	22380.89	27212.66
1350	26595.05	4214.98
1351	27509.61	22157.29
1352	5509.06	25315.13
1353	16274.69	1665.4
1354	27876.97	24440.72
1355	10718.74	5834.11
1356	8519.31	4820.09
1357	13438.91	1395.84
1358	29402.31	6316.43
1359	1662.41	15199.36
1360	21555.25	10252.73
1361	15524.36	196.68
1362	9535.97	4348.66
1363	23478.04	21935.31
1364	220.65	26716.02
1365	20333.05	26746.43
1366	25993.81	14575.49
1367	4352.94	6694.2
1368	25854.01	24263.34
1369	19485.91	18994.76
1370	7796.2	13029.45
1371	9288.78	9759.99
1372	723.33	17849.89
1373	20970.03	19998.62
1374	27483.37	26046.96
1375	8524.9	4138.62
1376	12254.12	7846.15
1377	15282.17	25671.51
1378	196.78	17537.51
1379	24813.5	27374.66
1380	11684.81	20198.95
1381	23741.62	22498.89
1382	19774.96	1635.48
1383	26880.09	11315.91
1384	8972.49	8186.72
1385	24996.86	10609.32
1386	22502.93	1543.45
1387	3775.92	18905.58
1388	12270.43	10605.2
1389	25022.63	22710.69
1390	8081.55	27346.3
1391	22264.52	1114.96
1392	12463.84	12458.06
1393	11121.72	3924.94
1394	2296.38	28214.85
1395	8347.0	24295.23
1396	8597.14	18376.19
1397	751.33	29384.48
1398	19857.7	19290.15
1399	53.38	10584.28
1400	24759.71	9162.9
1401	28762.24	4218.3
1402	17525.82	19109.09
1403	8874.24	27230.54
1404	20703.15	5185.72
1405	4573.98	22065.5
1406	5254.39	21739.34
1407	19342.56	19331.37
1408	8407.73	23906.64
1409	6311.52	28492.49
1410	17445.77	27742.26
1411	11134.26	1553.18
1412	9138.62	14633.98
1413	7502.29	7766.61
1414	7314.34	28965.25
1415	15081.84	20534.59
1416	10961.73	27346.76
1417	18361.02	13195.96
1418	1451.74	6978.84
1419	24367.54	26303.84
1420	11343.66	23554.34
1421	19964.59	7362.07
1422	3024.25	17069.11
1423	3457.37	4417.42
1424	6972.12	15048.5
1425	2351.17	24575.05
1426	19161.21	3806.06
1427	20544.23	26423.86
1428	20028.87	12536.02
1429	10057.15	16205.37
1430	7368.82	10537.76
1431	23053.12	18341.13
1432	14278.44	8604.43
1433	29939.91	29634.4
1434	5326.81	2549.66
1435	25128.37	15784.85
1436	12545.41	25378.09
1437	24772.32	27299.82
1438	1130.5	6349.71
1439	18810.97	26638.6
1440	1326.77	437.61
1441	16206.87	11681.22
1442	20532.44	17492.6
1443	5470.04	9483.36
1444	20553.11	8244.6
1445	17964.9	6093.85
1446	4492.45	5345.38
1447	28679.37	20058.92
1448	24688.5	27386.84
1449	20548.83	17118.31
1450	15518.48	25453.79
1451	21458.87	19269.31
1452	18150.03	21854.65
1453	24080.23	9780.98
1454	11991.04	26073.86
1455	15523.85	21980.83
1456	6005.39	7383.85
1457	11087.79	20316.11
1458	12005.19	224.72
1459	13115.13	17729.88
1460	15771.44	3082.34
1461	14202.76	12724.97
1462	15591.07	28492.43
1463	16630.32	10502.45
1464	974.7	19842.13
1465	7816.85	22890.38
1466	21266.77	23399.85
1467	8356.52	25229.96
1468	4266.22	11625.15
1469	26789.76	17742.47
1470	24223.2	23443.84
1471	26259.98	12409.38
1472	13197.58	772.67
1473	25735.93	13464.57
1474	24668.01	2136.6
1475	3045.83	20275.2
1476	19162.86	8567.12
1477	13470.99	11583.71
1478	8709.91	3857.49
1479	11280.7	6828.77
1480	27945.65	3569.81
1481	4054.05	10196.36
1482	27306.67	26922.16
1483	4419.52	21564.24
1484	15577.44	13506.27
1485	15572.82	21742.99
1486	7079.35	27300.72
1487	11569.03	2925.62
1488	11787.27	7875.59
1489	18962.07	4095.42
1490	18025.62	16996.06
1491	4023.32	22211.3
1492	3592.12	26149.83
1493	3844.98	2999.86
1494	14966.69	26833.11
1495	12676.47	20595.79
1496	20851.34	682.26
1497	16487.26	28437.5
1498	9126.6	18101.11
1499	29861.95	9220.3
1500	24660.32	7675.37
1501	28295.69	23685.72
1502	12642.04	23837.52
1503	29099.97	17398.11
1504	23625.23	16035.04
1505	15201.95	8713.89
1506	20802.07	25920.96
1507	22355.91	7983.87
1508	8024.51	17241.65
1509	1864.99	26931.34
1510	13028.55	8080.16
1511	18776.9	25607.42
1512	20045.03	235.02
1513	17517.29	536.99
1514	20163.98	29753.38
1515	19977.3	15953.82
1516	865.36	3075.13
1517	3329.45	8361.96
1518	24649.14	19226.72
1519	18883.61	25370.37
1520	18666.11	29150.2
1521	21664.31	11154.58
1522	20540.72	22432.08
1523	20908.51	28609.49
1524	26763.8	4881.46
1525	22673.04	26736.45
1526	12321.67	22160.77
1527	24984.24	2968.9
1528	21607.76	18806.27
1529	18366.28	15293.2
1530	4718.9	26425.29
1531	6984.23	19381.95
1532	10389.34	13365.25
1533	5512.95	23934.44
1534	8108.29	836.92
1535	19427.15	19334.79
1536	12871.71	7653.55
1537	20435.93	8394.36
1538	17138.92	15654.09
1539	22936.59	12275.24
1540	4703.19	29139.62
1541	25416.32	3240.95
1542	15316.41	28309.99
1543	19301.31	5369.74
1544	6298.95	11842.86
1545	15549.93	20987.88
1546	16125.01	15287.24
1547	26907.26	24605.44
1548	23709.94	6468.28
1549	20650.12	14493.54
1550	15424.79	189.32
1551	13481.19	22087.94
1552	25736.91	3405.7
1553	15021.33	1704.51
1554	8175.25	28999.79
1555	23319.53	24175.18
1556	8743.46	1274.16
1557	4672.21	15131.42
1558	25480.76	20139.5
1559	27434.55	12012.71
1560	28362.7	6920.11
1561	23261.07	21757.88
1562	20636.82	671.34
1563	4173.37	29831.71
1564	6356.62	23104.32
1565	26655.65	19476.91
1566	20737.19	5738.47
1567	10719.42	5823.15
1568	28080.82	29908.07
1569	13304.45	2066.74
1570	9947.62	24464.93
1571	9510.04	17297.35
1572	20291.23	21071.04
1573	19163.15	20764.19
1574	25631.37	3709.98
1575	4892.99	27434.99
1576	1801.25	7301.79
1577	7725.0	22119.29
1578	17827.72	29892.05
1579	3439.89	28542.91
1580	4045.56	4986.8
1581	16893.95	1176.99
1582	13599.81	25026.57
1583	14548.59	1108.35
1584	27445.27	18121.93
1585	25944.35	9135.15
1586	4502.97	28655.49
1587	24347.13	17801.54
1588	18086.63	7787.19
1589	4362.66	23590.26
1590	2689.26	22420.95
1591	1540.77	25541.76
1592	9408.6	6744.23
1593	14993.3	25911.63
1594	569.3	8102.6
1595	12876.52	10344.07
1596	23391.38	2815.39
1597	23716.38	16406.6
1598	25058.86	19111.88
1599	27484.29	25657.53
1600	14342.05	1219.56
1601	23352.4	16102.29
1602	11303.51	20806.4
1603	1118.78	4552.31
1604	12145.13	775.84
1605	18332.77	17408.66
1606	26733.35	7660.07
1607	754.52	5181.28
1608	26695.6	21005.54
1609	6713.15	15777.47
1610	26740.08	23481.47
1611	7834.82	21160.48
1612	24879.05	1923.7
1613	29212.01	9145.34
1614	11116.0	17531.27
1615	12819.07	14214.34
1616	1466.9	3221.89
1617	24071.9	11960.76
1618	9668.67	2487.35
1619	3855.12	284.06
1620	17776.97	23171.56
1621	5570.83	2753.81
1622	6075.71	17398.39
1623	6125.98	29941.77
1624	18797.73	7203.48
1625	15469.77	8590.64
1626	24521.9	629.2
1627	2631.73	20251.7
1628	6617.35	20839.22
1629	1798.79	29928.61
1630	22028.51	19974.71
1631	28730.25	29174.99
1632	10472.15	25176.77
1633	12130.46	21102.45
1634	4192.49	13774.0
1635	13057.62	22284.9
1636	22696.59	2169.02
1637	24978.9	16635.9
1638	28546.79	14592.68
1639	29753.26	16560.89
1640	6420.3	1701.06
1641	5459.94	13920.43
1642	23763.82	8556.37
1643	20263.56	16558.61
1644	12597.01	16810.55
1645	22522.54	13529.4
1646	12630.17	11774.89
1647	7511.7	4728.18
1648	14198.97	16463.75
1649	27484.36	4964.33
1650	26416.93	4829.4
1651	7559.85	3799.02
1652	26384.04	29596.85
1653	17866.01	14864.35
1654	21188.8	5330.43
1655	11242.09	14108.75
1656	263.86	24518.52
1657	17852.63	24634.13
1658	13210.19	22452.51
1659	3195.01	18600.04
1660	26194.37	5458.45
1661	2389.72	27255.87
1662	29993.91	28260.26
1663	3164.55	19257.96
1664	13115.84	28743.02
1665	5516.31	12833.02
1666	25606.17	9141.69
1667	27030.26	27747.06
1668	9396.87	27871.08
1669	25076.91	26931.79
1670	4350.38	25389.41
1671	1376.91	16112.3
1672	10672.16	14234.38
1673	27404.63	20635.01
1674	19365.25	22660.32
1675	22367.04	29570.28
1676	18148.49	14483.25
1677	26136.56	10841.12
1678	7326.78	17674.81
1679	12605.11	16610.99
1680	7695.16	28288.69
1681	9366.67	26261.8
1682	20528.48	7773.71
1683	26552.81	15025.07
1684	13711.75	5324.67
1685	14346.98	26000.11
1686	11010.16	13486.12
1687	6110.24	25234.92
1688	28232.65	29196.54
1689	9222.19	23241.86
1690	25192.74	4794.4
1691	19368.93	23086.38
1692	3919.15	21409.03
1693	21297.2	11554.8
1694	3236.39	13061.96
1695	13978.89	21950.45
1696	20020.72	25772.64
1697	13878.66	3588.79
1698	6610.8	15126.36
1699	11792.39	27955.43
1700	29476.9	18878.98
1701	24961.12	10488.19
1702	10710.32	10202.31
1703	11076.87	1158.7
1704	8344.79	14419.86
1705	27807.98	15979.64
1706	8259.53	2222.88
1707	9288.23	25457.47
1708	21486.37	28216.12
1709	9627.7	6623.28
1710	6527.0	9273.69
1711	23947.51	22999.2
1712	14743.02	17913.75
1713	10358.19	24777.34
1714	254.5	477.15
1715	15996.52	22926.9
1716	4071.06	19525.68
1717	14009.7	19770.53
1718	10838.38	10264.18
1719	24018.66	28236.09
1720	4686.81	29679.23
1721	8051.29	3773.66
1722	21736.18	11534.81
1723	26857.39	18203.78
1724	26403.94	3047.29
1725	4258.59	11566.02
1726	23760.32	17625.57
1727	228.52	21540.36
1728	11056.93	8144.63
1729	2128.56	28525.08
1730	10815.72	25380.12
1731	8487.27	4035.48
1732	11729.82	23174.12
1733	20112.97	26678.72
1734	10009.12	25550.38
1735	19245.8	22435.4
1736	8448.41	7281.55
1737	19298.5	28400.91
1738	18675.13	14949.2
1739	1852.91	386.5
1740	21752.04	13664.45
1741	18195.09	14240.39
1742	18489.77	21011.25
1743	12218.24	1683.4
1744	1898.74	23483.22
1745	28407.71	15692.29
1746	10437.99	12693.05
1747	27871.22	11846.53
1748	27489.47	4539.96
1749	9207.07	5351.86
1750	3967.12	23795.09
1751	10321.3	2583.0
1752	15966.47	12584.68
1753	24261.95	937.97
1754	23297.75	28899.83
1755	22899.43	7704.02
1756	4376.12	10532.73
1757	23182.76	19108.71
1758	15195.01	17651.77
1759	14516.54	21200.6
1760	6207.32	18811.22
1761	19930.0	3472.63
1762	22252.2	28263.09
1763	19534.5	24404.39
1764	23555.13	530.08
1765	26817.51	21843.54
1766	17076.57	3729.97
1767	4076.38	23738.37
1768	8840.2	23139.7
1769	27531.38	18813.11
1770	10609.8	27866.41
1771	20100.18	26773.66
1772	9780.39	27172.99
1773	25179.86	3316.68
1774	23576.49	20885.04
1775	23258.11	23145.34
1776	880.87	14966.3
1777	26630.4	25561.06
1778	19782.98	25601.61
1779	16233.57	13059.35
1780	13122.44	24706.79
1781	24177.12	7371.52
1782	28601.25	9089.35
1783	24092.41	18709.77
1784	27674.63	972.17
1785	6906.33	18787.62
1786	855.64	24867.04
1787	1601.79	8060.7
1788	18.21	8693.68
1789	5910.64	25255.42
1790	22054.95	2364.83
1791	14346.29	8272.49
1792	18775.02	19567.1
1793	18272.15	27197.17
1794	17743.29	27139.76
1795	3408.52	29667.75
1796	9506.81	12850.83
1797	54.14	21022.28
1798	16975.51	18272.67
1799	19590.39	21367.4
1800	8126.46	27228.12
1801	17932.21	16476.76
1802	4995.75	2728.76
1803	21742.54	6868.43
1804	23853.7	7679.04
1805	19470.78	27865.9
1806	2382.79	2782.01
1807	10859.76	10874.75
1808	15454.12	19762.47
1809	19200.59	21744.37
1810	284.63	19298.74
1811	15850.18	13217.97
1812	28490.63	15435.19
1813	8026.61	12227.6
1814	12263.73	3693.08
1815	23423.82	21916.12
1816	29443.79	12597.28
1817	24568.42	11956.73
1818	22388.11	20573.84
1819	14605.59	13771.83
1820	25126.27	27457.19
1821	18908.82	23370.58
1822	3275.23	10098.03
1823	6508.16	11794.47
1824	14967.59	6858.11
1825	23084.88	12600.69
1826	16601.52	15587.17
1827	20902.0	7781.33
1828	24765.08	27904.93
1829	28107.83	13254.53
1830	3161.62	19745.19
1831	17643.12	19537.02
1832	18809.45	22049.85
1833	8433.01	1111.22
1834	7787.15	29734.59
1835	17421.9	15936.55
1836	9089.4	3280.45
1837	22045.7	8781.53
1838	14462.76	25298.94
1839	13455.88	3205.01
1840	26806.59	23641.03
1841	7779.17	18080.61
1842	12097.1	13511.84
1843	18346.08	24599.01
1844	26865.72	23086.52
1845	29307.63	11805.37
1846	24678.58	26070.59
1847	17783.6	2021.21
1848	2291.6	15089.01
1849	16957.05	11642.75
1850	3487.87	25849.44
1851	13833.03	24731.78
1852	13104.32	24273.56
1853	10069.74	4153.99
1854	1789.32	9536.01
1855	12292.83	26436.2
1856	20741.76	17920.42
1857	12260.55	24605.45
1858	8285.37	19941.38
1859	16603.1	13246.87
1860	17969.8	13076.26
1861	13316.88	10734.62
1862	27024.36	7313.59
1863	8586.66	16505.34
1864	24525.07	9610.57
1865	18725.59	29488.53
1866	19980.46	19370.56
1867	28657.01	8628.98
1868	12616.57	11162.22
1869	27989.75	21940.68
1870	200.66	14918.07
1871	23500.32	21458.33
1872	9972.53	6068.38
1873	10369.7	24624.83
1874	28842.16	17328.91
1875	26518.59	14213.84
1876	8580.88	28431.3
1877	15257.32	8396.86
1878	29636.2	22814.82
1879	2513.87	27783.25
1880	7098.7	11986.81
1881	3339.87	6258.48
1882	12735.74	25629.22
1883	11795.89	8860.71
1884	4764.89	501.68
1885	22046.42	9924.04
1886	7964.56	15249.09
1887	26007.18	2060.87
1888	24428.37	16942.36
1889	19262.9	27490.65
1890	26106.17	25774.53
1891	24945.87	7792.58
1892	10341.84	11937.63
1893	14319.44	8494.85
1894	29637.54	2895.28
1895	21063.67	29115.53
1896	15781.88	14419.98
1897	14702.46	10339.35
1898	9277.86	22854.4
1899	2007.5	28906.23
1900	5710.89	15108.64
1901	11463.4	7549.85
1902	6481.1	13098.07
1903	7560.75	27209.67
1904	20242.96	12819.21
1905	2730.48	22022.68
1906	23776.09	9285.58
1907	26727.41	5674.82
1908	13113.59	22331.56
1909	25790.68	6137.86
1910	29097.08	25779.38
1911	21952.05	18007.09
1912	22057.66	5506.42
1913	25995.08	4786.43
1914	735.6	5747.48
1915	16528.4	12574.75
1916	14657.82	10471.87
1917	27036.27	27534.72
1918	5594.09	14282.19
1919	4832.29	16002.65
1920	14572.22	19895.17
1921	18254.62	29707.44
1922	2914.34	9960.24
1923	16537.31	25101.94
1924	28731.54	25446.98
1925	1532.55	21981.67
1926	10080.3	17077.8
1927	3953.66	13935.87
1928	916.97	23950.02
1929	17.08	1906.35
1930	2601.16	14303.77
1931	266.12	25510.81
1932	497.3	13458.97
1933	12357.38	10609.37
1934	7303.09	26860.44
1935	14091.44	17811.42
1936	22642.67	8589.82
1937	13304.09	16854.36
1938	4597.17	15072.42
1939	26058.82	2198.46
1940	15639.4	5169.63
1941	12745.73	16690.47
1942	14467.18	12437.71
1943	12378.64	6884.24
1944	15233.62	23705.22
1945	19787.24	20107.39
1946	9783.88	24704.26
1947	5194.85	26887.05
1948	26638.13	2320.68
1949	9482.58	3986.99
1950	12731.2	27434.18
1951	28168.73	25783.5
1952	15558.72	7053.2
1953	27836.68	29591.85
1954	18668.34	13731.41
1955	16018.71	5641.19
1956	15647.73	11972.47
1957	16780.79	24846.65
1958	24052.91	18597.26
1959	28155.07	3900.62
1960	3764.73	16912.02
1961	25996.16	28690.05
1962	26311.37	321.68
1963	29131.78	3770.91
1964	4794.62	23663.85
1965	25550.64	11754.58
1966	2541.87	22245.36
1967	23067.21	19799.14
1968	11166.11	4783.86
1969	17717.39	3525.7
1970	12598.17	14721.03
1971	11338.1	9523.36
1972	12231.77	5381.12
1973	27762.54	21366.1
1974	29819.79	15109.16
1975	14034.42	6108.23
1976	28976.83	1253.54
1977	22002.29	22817.02
1978	4117.78	4469.71
1979	5620.89	22256.35
1980	25093.83	10170.64
1981	19869.24	6759.11
1982	28412.63	11446.42
1983	7262.7	6087.22
1984	10376.21	28734.02
1985	17978.42	5029.82
1986	21189.52	1976.0
1987	18620.42	22133.59
1988	12287.07	11196.58
1989	5014.6	10647.92
1990	670.78	14731.59
1991	26639.87	5072.29
1992	16035.87	17799.8
1993	10237.26	8208.96
1994	23181.51	2683.06
1995	14994.76	11752.88
1996	5849.3	14260.61
1997	13969.42	3347.53
1998	9521.75	10055.98
1999	24430.99	7658.07
2000	6716.81	18393.55
2001	13148.69	8730.15
2002	3058.77	11949.35
2003	15015.94	19765.01
2004	5341.27	21555.39
2005	7568.69	26307.12
2006	13549.61	9954.99
2007	2499.5	28413.95
2008	3464.98	13655.29
2009	23561.57	19890.32
2010	18343.2	5856.37
2011	24163.96	11218.05
2012	23940.41	22315.99
2013	29711.28	15480.13
2014	29336.99	15147.4
2015	19890.76	7407.74
2016	13785.63	20306.17
2017	3727.07	26165.3
2018	12703.81	3199.68
2019	28096.13	29919.44
2020	14491.4	5760.66
2021	8320.89	13041.54
2022	698.02	24575.55
2023	4698.29	12373.73
2024	8010.18	12662.36
2025	8637.27	28821.97
2026	3439.04	3486.07
2027	8175.33	967.79
2028	14281.21	14742.67
2029	7323.17	18318.62
2030	4246.97	24499.17
2031	1261.59	21752.48
2032	3125.5	19038.45
2033	20345.18	20459.83
2034	14644.84	8951.84
2035	16116.5	16166.28
2036	11215.44	1356.28
2037	16559.7	22299.24
2038	22278.35	27024.73
2039	2148.28	17667.3
2040	25373.83	23904.63
2041	29200.04	27453.06
2042	3439.74	18048.98
2043	25966.53	3321.13
2044	26189.32	23305.72
2045	1082.22	18481.73
2046	3707.67	14870.86
2047	14622.39	3553.15
2048	21578.37	12000.47
2049	25064.51	15626.88
2050	138.21	9750.78
2051	17682.45	19985.11
2052	25265.05	15686.89
2053	4746.33	8019.46
2054	27538.77	20630.46
2055	3916.66	7583.04
2056	2085.85	11993.43
2057	26548.47	24201.18
2058	6915.55	6953.6
2059	15129.3	13669.61
2060	17650.77	28954.82
2061	3309.7	1273.6
2062	14131.23	729.14
2063	870.75	14364.02
2064	29204.78	27002.67
2065	18947.51	5370.83
2066	15264.7	28242.57
2067	5352.49	477.54
2068	21220.29	15953.92
2069	28784.9	29097.08
2070	489.12	9769.61
2071	3238.23	26463.31
2072	4114.33	27997.19
2073	7758.12	28423.33
2074	16927.65	12278.36
2075	11154.48	11015.95
2076	11607.63	12275.35
2077	996.41	27203.57
2078	5970.62	27468.37
2079	16022.1	1222.52
2080	767.99	14266.86
2081	11189.92	5970.01
2082	21816.94	20804.56
2083	21467.04	12816.25
2084	19650.01	6607.24
2085	8653.99	21878.43
2086	10475.37	14797.18
2087	14337.0	12991.79
2088	14743.37	22581.22
2089	6529.54	11613.37
2090	1825.66	25571.82
2091	9906.78	8968.11
2092	26117.52	23580.57
2093	16149.59	8456.29
2094	22394.82	19624.42
2095	15567.42	13387.8
2096	16854.8	5927.71
2097	7520.34	29437.65
2098	12235.23	19713.95
2099	15433.49	28202.28
2100	29610.6	5470.67
2101	13703.26	866.19
2102	14880.4	23434.19
2103	18119.05	27145.75
2104	11555.15	17922.54
2105	2596.07	6486.45
2106	9385.1	17493.8
2107	28507.47	6679.95
2108	16524.62	3352.64
2109	19536.24	16071.59
2110	24518.8	29346.23
2111	14141.85	16024.54
2112	13552.23	23908.7
2113	29698.35	28839.0
2114	1814.93	2991.04
2115	25308.79	21149.39
2116	19.39	2318.05
2117	4818.95	18641.39
2118	26661.33	7587.37
2119	17969.82	15491.76
2120	4779.51	13857.57
2121	12830.42	28688.49
2122	5226.23	16890.95
2123	17230.29	18870.55
2124	5085.15	6314.48
2125	16297.93	24849.79
2126	18851.55	16956.45
2127	13025.56	28749.49
2128	13184.86	9625.92
2129	8381.36	10560.06
2130	11072.89	3167.57
2131	3570.1	16505.16
2132	20190.66	6941.5
2133	12778.67	18327.49
2134	475.29	4203.45
2135	11544.63	26465.48
2136	27229.52	25622.23
2137	26997.88	17565.0
2138	5153.56	20761.66
2139	7751.66	25103.42
2140	556.75	12031.62
2141	4360.02	11967.63
2142	26677.46	26397.75
2143	23434.93	5138.49
2144	25182.57	7682.79
2145	20988.7	16464.7
2146	4022.59	11155.98
2147	5825.06	18243.71
2148	10172.02	22339.74
2149	29848.82	19343.67
2150	21675.43	19647.1
2151	26285.49	28846.75
2152	13555.46	26992.61
2153	25471.51	29753.75
2154	21625.58	11420.59
2155	21741.64	26765.81
2156	21984.38	16179.74
2157	17675.44	1715.79
2158	17898.84	16961.25
2159	6798.91	12692.56
2160	2202.52	14497.45
2161	28412.3	23265.33
2162	5531.35	11507.59
2163	12468.39	9145.65
2164	24274.14	2148.03
2165	18596.99	13620.03
2166	16938.9	29757.99
2167	9596.29	2814.66
2168	23804.52	2086.69
2169	13257.14	2923.48
2170	26370.69	10049.81
2171	14815.07	23401.51
2172	25550.16	2418.56
2173	363.32	26907.3
2174	23456.24	16750.67
2175	1303.0	5664.89
2176	21180.84	22842.91
2177	8208.94	9267.83
2178	3230.29	14735.37
2179	11309.2	8355.36
2180	29774.15	15076.06
2181	3275.69	21744.1
2182	13481.02	17580.17
2183	29386.53	29477.84
2184	28310.24	13430.79
2185	24163.07	21704.14
2186	12229.49	17048.77
2187	15917.79	19007.75
2188	19196.47	14644.38
2189	3475.07	15145.63
2190	15321.21	11259.98
2191	28558.13	20431.89
2192	8898.91	15826.49
2193	9939.21	20337.74
2194	14417.56	12379.11
2195	19303.82	15272.2
2196	18724.13	25278.68
2197	5301.77	19256.41
2198	10789.12	27216.19
2199	506.93	2706.44
2200	736.6	8125.37
2201	5202.49	8856.13
2202	7269.55	941.9
2203	21012.03	27993.31
2204	2547.37	14796.82
2205	1788.01	5092.83
2206	16532.97	4574.86
2207	12579.06	13469.58
2208	9722.08	28836.43
2209	2103.32	4095.71
2210	264.32	14349.78
2211	20386.89	17820.15
2212	6017.25	26716.49
2213	9087.47	17811.56
2214	20007.56	13566.31
2215	19818.53	16173.35
2216	1125.69	7713.55
2217	13128.02	5658.83
2218	797.3	14810.48
2219	2441.9	2340.23
2220	26549.16	13936.76
2221	27408.59	25043.96
2222	11873.24	26099.38
2223	5855.29	10499.9
2224	15311.23	24313.31
2225	5264.49	2437.22
2226	2087.92	5172.81
2227	28123.55	24472.12
2228	16257.14	4881.64
2229	26658.53	12827.35
2230	20500.38	16301.38
2231	12268.7	790.44
2232	8249.03	4469.3
2233	19153.86	22690.08
2234	1467.67	6718.0
2235	8871.49	22459.72
2236	24654.93	17090.45
2237	18960.82	28369.81
2238	16647.16	1106.01
2239	27066.6	10650.89
2240	13497.86	10350.53
2241	12090.1	12187.37
2242	26919.78	22746.92
2243	17294.76	72.58
2244	29268.69	748.15
2245	2337.74	5887.29
2246	3244.41	12285.13
2247	2411.83	28228.91
2248	23111.78	20291.45
2249	4800.07	26209.12
2250	20298.57	8218.71
2251	14938.98	14778.96
2252	4901.5	5600.08
2253	2424.85	8493.43
2254	16742.52	7566.63
2255	19192.13	8036.55
2256	20154.99	2600.77
2257	10890.67	10327.04
2258	6233.01	28851.23
2259	9803.7	2689.45
2260	10721.45	28636.61
2261	21409.17	3291.97
2262	13344.28	5394.65
2263	14156.48	22649.94
2264	234.83	6369.32
2265	17128.12	13584.07
2266	24817.99	6555.85
2267	22658.34	456.29
2268	1418.13	21122.76
2269	17931.25	26328.22
2270	440.59	24426.52
2271	3276.17	19263.65
2272	10135.5	7842.8
2273	19433.29	16654.8
2274	13259.58	18056.13
2275	16088.68	5302.79
2276	1981.79	15327.28
2277	29836.3	11267.06
2278	1063.41	17652.72
2279	12869.92	18899.46
2280	24948.39	28480.68
2281	3327.35	24753.94
2282	735.1	7370.09
2283	17905.77	104.17
2284	25689.97	26261.81
2285	19335.41	3193.32
2286	25419.25	12371.13
2287	13790.83	5300.25
2288	8374.09	962.96
2289	6772.67	18059.25
2290	24831.14	9930.44
2291	10761.33	9657.69
2292	27.38	16961.7
2293	25650.04	11901.63
2294	25578.58	8767.56
2295	27062.88	11551.29
2296	14964.63	10195.57
2297	4089.73	20751.61
2298	1032.77	27228.77
2299	10031.16	26683.06
2300	7984.8	3069.24
2301	3595.07	8579.89
2302	20790.0	19509.24
2303	29442.71	19093.19
2304	593.37	19846.6
2305	7239.09	25167.13
2306	15803.42	10237.27
2307	4210.3	28560.52
2308	11837.25	24364.6
2309	12212.42	108.21
2310	11110.14	18948.27
2311	20052.53	10182.44
2312	10256.31	22161.88
2313	8533.29	25403.04
2314	4749.1	27014.59
2315	29785.55	11221.69
2316	28228.41	6626.75
2317	15508.75	20965.72
2318	4018.29	16032.16
2319	9544.99	5680.94
2320	4632.88	16384.14
2321	22900.5	26804.52
2322	21267.71	19936.51
2323	1176.1	16948.42
2324	25658.21	21012.74
2325	18288.02	18686.69
2326	4685.12	3050.11
2327	26723.47	23603.38
2328	9764.75	22337.65
2329	22032.76	23547.01
2330	29106.68	8551.32
2331	27966.98	17005.19
2332	29498.16	1844.53
2333	12371.33	1448.94
2334	22142.55	14260.44
2335	5569.61	17992.54
2336	6121.98	20688.04
2337	24844.37	24551.51
2338	27865.84	9572.62
2339	21855.5	16664.4
2340	18390.12	29397.02
2341	27179.45	24589.13
2342	25132.52	22599.58
2343	3248.14	3785.54
2344	12.47	16885.1
2345	5816.48	27089.73
2346	29415.45	26777.02
2347	2212.24	12909.38
2348	15103.3	20415.93
2349	12313.91	17418.85
2350	5816.63	16855.01
2351	8521.61	19351.61
2352	7204.95	960.15
2353	23565.26	27840.29
2354	15490.85	18377.41
2355	7842.44	5010.08
2356	9339.89	14015.58
2357	10098.99	9952.54
2358	26819.27	10639.97
2359	3107.56	19307.65
2360	4566.05	6760.28
2361	21732.07	6485.23
2362	23341.59	12073.85
2363	16949.58	6658.02
2364	17121.79	39.61
2365	11835.41	9886.88
2366	27765.05	15805.62
2367	15905.46	15033.78
2368	13714.7	6198.09
2369	27765.84	19668.29
2370	19605.3	2411.6
2371	19499.23	16712.97
2372	9840.49	20652.89
2373	1044.79	2365.55
2374	29992.27	17752.08
2375	22890.21	25552.39
2376	14098.58	6287.98
2377	1885.47	8711.06
2378	5261.13	1424.2
2379	10374.2	6887.51
2380	28323.75	18821.71
2381	6862.57	7725.92
2382	9647.68	11412.44
2383	14527.36	8719.02
2384	26349.23	16516.35
2385	20249.47	19876.25
2386	22749.06	21919.29
2387	24349.23	19826.48
2388	3514.16	8137.44
2389	29696.14	20298.42
2390	18828.51	378.65
2391	23149.0	7780.61
2392	26186.14	10254.22
2393	9019.51	12447.28
2394	9565.91	5887.58
2395	983.2	27715.63
2396	10347.59	8483.68
2397	2413.3	20897.04
2398	9973.81	5612.92
2399	23976.98	15953.38
2400	12228.46	1156.76
2401	10345.99	14014.13
2402	18324.29	27073.16
2403	15867.53	10391.57
2404	22720.79	2697.86
2405	29574.99	14363.37
2406	4896.04	14461.74
2407	12682.24	2085.81
2408	14408.05	13306.83
2409	25909.44	349.01
2410	6805.89	4522.23
2411	954.63	13011.4
2412	2992.03	24702.14
2413	16993.65	5010.69
2414	27902.37	6426.62
2415	12473.53	2547.51
2416	12585.89	3241.82
2417	19111.31	516.74
2418	24909.6	27617.37
2419	20458.49	2925.76
2420	8156.27	29424.81
2421	190.1	2217.17
2422	16051.33	29381.97
2423	8032.65	18792.93
2424	3591.88	29183.11
2425	22419.47	16075.78
2426	16064.88	16779.3
2427	28208.52	27106.13
2428	12588.13	14958.46
2429	23216.55	11067.55
2430	21389.78	22029.33
2431	18118.69	29840.93
2432	5690.0	25131.0
2433	16770.83	13358.52
2434	11096.19	6758.78
2435	19189.19	4475.08
2436	25580.7	21479.63
2437	26487.06	18415.0
2438	24681.58	28296.97
2439	10600.35	21077.09
2440	26119.52	23374.14
2441	1725.54	13257.75
2442	10348.18	14265.3
2443	25230.14	23570.46
2444	12584.11	17850.28
2445	24246.43	6699.84
2446	17265.99	1075.29
2447	16624.36	14302.46
2448	4292.97	3512.91
2449	6103.14	11928.76
2450	25137.05	4931.39
2451	26668.47	1967.63
2452	17709.91	1396.92
2453	6037.82	5738.27
2454	19073.07	10345.81
2455	14089.58	4356.89
2456	5253.76	7284.15
2457	10027.81	27537.35
2458	7313.87	2875.12
2459	18945.56	24507.07
2460	27593.99	25519.59
2461	13383.94	16472.15
2462	10094.01	29942.46
2463	600.03	17910.85
2464	29897.27	188.29
2465	25444.78	20812.77
2466	8746.65	29057.83
2467	4432.57	11837.78
2468	15305.04	20068.96
2469	9912.89	9421.23
2470	12053.34	23660.28
2471	959.74	16852.04
2472	12058.7	9438.32
2473	17946.85	3025.34
2474	10787.93	8840.32
2475	26009.83	815.51
2476	13850.9	22502.34
2477	25732.0	1786.45
2478	2791.13	8899.86
2479	6604.18	2276.55
2480	21044.82	2726.45
2481	7643.38	4098.78
2482	20915.97	7069.82
2483	6129.98	4721.03
2484	13236.0	18927.73
2485	2590.14	2025.57
2486	2999.27	21073.29
2487	7514.33	14531.94
2488	1050.93	15595.97
2489	25296.82	24571.31
2490	27885.17	3167.22
2491	3480.41	29017.62
2492	2253.78	29249.73
2493	21021.28	20951.33
2494	11065.3	21548.21
2495	12895.86	12494.63
2496	20366.15	4211.32
2497	28921.75	878.67
2498	12536.77	12523.54
2499	22795.54	14441.66
2500	3446.95	15585.97
2501	7470.24	15092.16
2502	12729.17	22787.0
2503	27095.4	28041.5
2504	13929.76	18770.4
2505	7417.84	19768.61
2506	15027.66	5840.65
2507	21505.42	26260.67
2508	25057.85	16684.44
2509	18227.78	4880.17
2510	28523.47	1282.24
2511	21095.16	4173.06
2512	20009.83	6559.79
2513	9018.03	24988.01
2514	14587.79	18670.77
2515	7260.72	4818.47
2516	18703.34	1752.91
2517	87.54	14925.43
2518	15648.59	11769.36
2519	29247.31	4531.95
2520	16523.58	22628.13
2521	3853.23	17045.99
2522	16025.4	3476.49
2523	12148.78	9212.02
2524	29601.78	16072.44
2525	3027.63	18997.52
2526	15779.38	177.52
2527	13313.99	606.07
2528	21076.61	6442.96
2529	5481.25	22815.97
2530	12056.2	20803.71
2531	14092.29	22437.13
2532	4744.73	14429.27
2533	26646.14	29786.35
2534	24704.79	29842.23
2535	2408.03	15146.24
2536	2625.46	12590.55
2537	16450.23	15256.07
2538	11799.46	3802.23
2539	11196.18	17755.26
2540	17056.2	26275.24
2541	24985.76	3147.07
2542	23448.25	19171.33
2543	27596.92	17120.33
2544	5288.29	29813.32
2545	10075.2	12854.55
2546	3762.81	12782.64
2547	12331.54	4834.86
2548	5032.2	3769.74
2549	13732.32	26060.03
2550	8763.88	626.16
2551	27947.2	28122.33
2552	11697.04	19101.19
2553	22579.61	3008.7
2554	19495.32	5875.05
2555	14583.35	25311.61
2556	278.4	25340.12
2557	14080.33	1055.55
2558	29699.06	6251.54
2559	11811.41	5857.29
2560	22763.9	22527.84
2561	20709.62	4549.18
2562	16818.17	6542.36
2563	6725.7	5686.15
2564	15942.27	26126.58
2565	14341.97	22030.89
2566	14765.2	24570.26
2567	25331.77	25216.88
2568	8405.08	11908.42
2569	9177.36	25355.86
2570	9757.12	20644.59
2571	721.01	26071.01
2572	13502.59	9826.25
2573	11102.76	1901.93
2574	14665.29	1507.97
2575	2841.46	27953.41
2576	16366.41	29599.98
2577	8431.34	21533.7
2578	27456.4	21996.45
2579	24328.63	1749.14
2580	9104.76	6866.81
2581	15395.38	12709.05
2582	17215.17	23300.37
2583	17083.68	18010.32
2584	28557.53	20183.95
2585	10505.01	218.95
2586	10491.42	25348.23
2587	25550.94	26606.44
2588	7830.66	29922.23
2589	29900.9	2655.23
2590	14581.87	18170.69
2591	15025.61	2582.06
2592	9566.67	15782.17
2593	6009.48	14882.09
2594	24038.65	6493.3
2595	28684.3	9479.63
2596	25223.33	23262.03
2597	22210.52	1864.18
2598	10391.0	9034.09
2599	29815.84	22128.66
2600	8263.74	11715.36
2601	570.75	15168.24
2602	25072.19	128.1
2603	16318.09	16284.34
2604	21740.01	9808.01
2605	19113.77	22786.99
2606	20644.05	23073.06
2607	18469.62	15461.38
2608	23012.14	8419.36
2609	10079.89	24825.62
2610	27845.69	1187.59
2611	10090.42	29333.8
2612	21857.19	10721.91
2613	29280.55	25506.7
2614	26480.66	3582.0
2615	5306.65	1181.03
2616	2896.91	1148.56
2617	1914.31	19562.58
2618	26530.59	18846.98
2619	22363.72	8955.49
2620	6347.16	14760.48
2621	14414.95	10234.81
2622	17668.81	23111.62
2623	7245.57	17869.65
2624	5132.91	6496.95
2625	26253.45	16714.21
2626	25927.94	24968.2
2627	2878.25	834.77
2628	27840.06	8227.75
2629	1496.64	7859.98
2630	19965.85	17560.13
2631	16137.22	16392.54
2632	29101.91	6801.1
2633	21821.6	29152.34
2634	17983.67	18385.91
2635	7861.53	14706.32
2636	193.4	9159.48
2637	3031.36	14061.64
2638	25036.53	11189.26
2639	28400.96	3137.06
2640	8646.69	26064.55
2641	16881.0	25563.14
2642	12443.95	6209.29
2643	7895.14	18111.0
2644	29412.69	1080.38
2645	4846.15	4091.54
2646	29316.67	23207.76
2647	3682.97	1280.96
2648	11142.48	4052.11
2649	10314.03	16652.09
2650	27070.19	488.78
2651	14368.41	17714.94
2652	6913.38	24433.03
2653	19282.18	19283.52
2654	25956.22	8898.37
2655	12383.48	8453.85
2656	24320.78	15827.61
2657	29047.27	11687.19
2658	24920.34	17659.61
2659	27824.48	20805.85
2660	13670.71	26859.22
2661	9308.8	4174.69
2662	11236.19	5400.5
2663	21256.73	15855.6
2664	5913.73	9475.19
2665	8413.87	29773.39
2666	21341.44	26896.65
2667	25815.33	6742.42
2668	23977.48	19259.03
2669	5372.35	21933.69
2670	17702.69	27402.5
2671	10283.21	6689.24
2672	28082.56	23708.01
2673	18652.2	14562.72
2674	19229.46	18285.64
2675	8286.07	22497.95
2676	27417.7	4681.62
2677	20844.17	25515.25
2678	25076.43	965.63
2679	29014.33	8734.45
2680	24625.33	20163.47
2681	28054.13	27520.39
2682	25352.54	15293.47
2683	29204.95	17796.21
2684	11494.45	20167.75
2685	17666.98	25101.2
2686	17719.88	25574.81
2687	4673.99	29573.88
2688	6254.27	10660.72
2689	27514.93	21897.55
2690	5569.73	29149.18
2691	29196.91	21877.23
2692	18313.62	12135.78
2693	23692.16	11037.41
2694	11887.24	11959.27
2695	6859.71	9165.05
2696	11515.79	11967.42
2697	23017.84	7126.52
2698	74.54	5530.46
2699	22733.77	3777.25
2700	2657.0	29649.21
2701	19939.07	17619.03
2702	29327.38	22361.1
2703	16393.38	10513.53
2704	4304.38	3099.89
2705	1387.25	9732.84
2706	17505.27	26146.65
2707	13278.95	23206.42
2708	27149.22	26853.45
2709	8561.82	8434.03
2710	13361.22	6597.52
2711	14428.62	3567.68
2712	4006.08	3738.57
2713	20917.67	6347.98
2714	21033.78	8109.25
2715	24734.72	8087.52
2716	13472.09	1624.37
2717	7603.11	5887.01
2718	25590.19	27080.27
2719	3319.46	1635.53
2720	27310.62	14451.85
2721	28419.04	21881.07
2722	16134.98	8464.65
2723	16517.82	5901.27
2724	2324.71	29703.13
2725	10707.68	20867.21
2726	21468.46	16080.68
2727	27812.97	16234.46
2728	15588.63	24698.26
2729	27334.65	27521.45
2730	29931.12	24592.45
2731	5242.95	18615.94
2732	28432.83	1634.25
2733	1104.89	20056.12
2734	12397.49	7315.83
2735	26105.81	15569.92
2736	6651.29	21051.32
2737	2292.84	14963.53
2738	3662.67	27927.17
2739	1113.68	25131.46
2740	18048.44	3958.1
2741	28744.05	11107.18
2742	411.71	2329.09
2743	24647.96	27649.91
2744	21021.35	16276.8
2745	13863.46	27406.68
2746	15238.82	19457.39
2747	16795.03	24698.24
2748	5759.48	963.69
2749	11157.36	1427.51
2750	10244.6	5862.74
2751	3870.91	29485.25
2752	11775.05	1241.17
2753	11446.58	22995.79
2754	15387.96	17525.46
2755	19551.21	13317.88
2756	422.03	3986.9
2757	18639.27	3572.65
2758	29445.28	25544.97
2759	24640.5	23305.96
2760	24188.04	5052.1
2761	22918.78	6404.15
2762	17945.74	22951.15
2763	96.54	21222.05
2764	9766.45	7132.39
2765	2163.65	27262.47
2766	7463.07	23377.13
2767	1202.84	7555.18
2768	25664.3	15698.01
2769	28421.23	24327.97
2770	5604.59	20928.33
2771	25005.73	4953.24
2772	8756.63	686.0
2773	7743.49	2795.86
2774	20174.91	23860.74
2775	8511.33	10068.76
2776	22123.04	15533.98
2777	19464.48	26258.26
2778	23221.48	23945.12
2779	12771.07	29674.89
2780	24612.28	21402.89
2781	16248.85	8081.2
2782	29316.55	4539.67
2783	28971.26	10736.28
2784	8208.78	7144.84
2785	28875.41	29317.36
2786	9251.03	7290.97
2787	22523.49	24476.65
2788	9977.54	25867.23
2789	17633.44	19996.16
2790	18262.91	19169.83
2791	14013.45	14548.11
2792	712.89	420.59
2793	1537.71	29826.77
2794	23378.46	16310.94
2795	16549.01	962.82
2796	13725.87	2052.65
2797	2332.54	29082.66
2798	17822.21	27616.62
2799	2216.95	20613.08
2800	14843.79	24881.6
2801	17652.89	3503.21
2802	16500.54	2533.06
2803	28284.13	1138.72
2804	2570.79	7472.74
2805	5189.72	15332.71
2806	7895.5	14407.76
2807	20655.37	10726.45
2808	22038.04	23345.63
2809	18901.94	18082.69
2810	12741.68	45.78
2811	26872.37	8912.99
2812	7770.57	17027.89
2813	7099.01	4211.51
2814	1234.13	7224.0
2815	22217.02	29227.38
2816	28228.54	9566.16
2817	14966.09	16091.37
2818	12939.5	10706.29
2819	3180.22	22055.66
2820	4740.69	3598.06
2821	20609.49	28011.25
2822	14113.32	6761.98
2823	15592.14	21539.65
2824	17696.07	7001.65
2825	26420.85	28649.19
2826	9043.22	12395.07
2827	23682.09	24095.02
2828	23135.11	11564.41
2829	1274.72	15081.82
2830	2951.98	1429.55
2831	8026.03	24244.04
2832	3461.7	29815.67
2833	6111.88	24062.58
2834	3326.33	4738.46
2835	17962.57	8679.59
2836	17605.12	5286.92
2837	16539.15	8792.79
2838	6989.08	10453.47
2839	5425.77	25577.22
2840	315.79	20145.43
2841	4803.08	18292.97
2842	27044.08	7797.9
2843	3545.3	23778.88
2844	19797.85	11174.1
2845	18987.74	18811.56
2846	21627.12	17132.37
2847	24600.9	20862.46
2848	12939.91	16003.15
2849	29116.67	18021.42
2850	3556.35	21990.58
2851	4105.62	13187.78
2852	13504.51	26020.83
2853	10841.71	25352.33
2854	4891.56	2184.63
2855	2523.34	16826.18
2856	965.12	25333.79
2857	28234.71	8983.8
2858	25586.6	11756.17
2859	25466.72	14140.48
2860	4946.8	3188.72
2861	29335.61	929.19
2862	22710.11	24018.74
2863	419.85	2438.87
2864	9260.57	21480.73
2865	26092.79	180.41
2866	18395.26	23665.71
2867	13034.33	8181.27
2868	25014.19	17317.35
2869	27061.58	3517.14
2870	21301.17	16009.63
2871	25810.15	5431.94
2872	17934.45	25284.33
2873	19116.43	21644.0
2874	4759.58	8496.65
2875	2871.44	28906.33
2876	25095.11	20054.63
2877	26967.97	5070.21
2878	5571.09	20635.98
2879	14800.83	19246.49
2880	5501.82	11449.89
2881	6581.44	24496.68
2882	11417.48	25476.17
2883	24413.29	9144.82
2884	13150.19	601.58
2885	15660.66	12152.77
2886	5120.94	14143.34
2887	2863.06	2304.05
2888	12892.33	9625.99
2889	1598.17	2662.9
2890	4030.61	1734.38
2891	10562.22	18972.67
2892	20939.58	16623.92
2893	18671.93	25801.09
2894	21230.15	11644.82
2895	4015.88	26537.8
2896	16108.59	25276.01
2897	29728.06	14334.52
2898	363.9	17565.77
2899	19754.55	10191.25
2900	27227.72	17436.79
2901	17753.91	8020.13
2902	4589.85	19344.91
2903	7293.27	18583.05
2904	13089.28	10625.57
2905	3446.1	24927.11
2906	26927.14	2776.68
2907	2110.77	24152.8
2908	9411.96	14978.24
2909	27369.55	3658.72
2910	3119.03	21208.62
2911	16236.81	9846.28
2912	3847.8	7394.4
2913	10457.15	8995.18
2914	27384.25	6234.32
2915	15461.61	27744.09
2916	6772.3	5637.7
2917	28378.67	7213.51
2918	26753.05	9280.12
2919	10493.44	18639.34
2920	27217.63	5985.32
2921	14422.2	9572.6
2922	18341.94	27459.3
2923	5914.25	10559.88
2924	7124.45	16198.05
2925	12731.85	25369.27
2926	15844.43	24528.4
2927	11531.27	26816.9
2928	28689.4	18460.62
2929	23753.76	1826.53
2930	27652.95	13178.8
2931	2363.48	21713.59
2932	27301.43	23395.79
2933	4854.9	28025.84
2934	6434.29	9238.33
2935	4015.25	18417.21
2936	7235.36	14912.16
2937	8696.84	25995.37
2938	8155.48	1256.57
2939	7321.24	6327.29
2940	28434.42	15188.54
2941	13116.68	22340.2
2942	12748.38	8945.45
2943	20299.05	7900.62
2944	74.21	8447.97
2945	19082.51	22385.74
2946	16496.29	9228.2
2947	24942.92	19797.96
2948	18019.81	16253.4
2949	12614.35	22531.57
2950	29628.01	16847.85
2951	25810.09	16641.7
2952	29291.58	16574.51
2953	27638.32	12086.95
2954	22514.56	18848.52
2955	11100.24	9405.89
2956	20804.41	10257.04
2957	25196.52	25963.73
2958	23750.04	12167.91
2959	10217.5	22751.89
2960	4056.98	6099.64
2961	5718.47	28414.41
2962	18470.91	9260.19
2963	24412.18	23875.62
2964	28983.22	29490.7
2965	27242.47	22561.31
2966	6862.19	20194.33
2967	28435.23	21903.89
2968	19130.27	11883.08
2969	3181.95	4506.28
2970	11725.01	3968.81
2971	4035.54	27236.46
2972	28854.64	15821.87
2973	19163.64	25369.66
2974	8022.66	3704.35
2975	14865.08	9488.86
2976	20721.72	832.83
2977	22900.01	20154.93
2978	13531.47	19666.88
2979	11367.46	4950.32
2980	14215.14	22576.8
2981	24608.96	21543.43
2982	4598.9	12301.58
2983	22869.95	24461.55
2984	26864.9	26550.96
2985	22103.68	4238.7
2986	7471.06	9593.99
2987	21709.98	7275.86
2988	19806.05	8061.26
2989	25091.02	7493.45
2990	16029.33	18778.67
2991	20176.96	24039.85
2992	8710.8	12382.07
2993	10466.14	25438.58
2994	20568.74	12615.0
2995	15716.47	280.62
2996	14321.29	12260.42
2997	27695.73	27403.96
2998	28251.2	10533.45
2999	26385.25	21155.56
3000	24067.82	19131.64
