1	11220.86	17802.69
2	14088.63	24795.38
3	25470.59	6233.81
4	23481.5	20637.97
5	8250.06	26680.09
6	10279.27	21974.07
7	17894.17	5200.15
8	11133.73	6828.14
9	25859.01	24361.33
10	10721.49	21691.97
11	15969.98	1615.13
12	2654.21	3268.76
13	14471.28	17827.38
14	9016.51	8419.21
15	20272.18	25128.62
16	1444.56	13708.81
17	10845.17	13135.84
18	11307.39	11874.56
19	19798.77	24883.58
20	19398.59	12195.36
21	17522.46	4340.9
22	20903.76	19811.03
23	6103.28	8195.07
24	18417.54	15087.46
25	14522.94	19075.84
26	26652.47	4453.16
27	17636.57	8351.98
28	21193.33	17674.72
29	23457.08	22391.72
30	20214.82	22161.5
31	3448.51	5068.11
32	21025.94	16625.46
33	25593.79	23244.64
34	13092.88	21283.33
35	15154.54	24398.18
36	17008.7	9435.87
37	14049.61	25534.22
38	26776.01	25384.64
39	23535.49	23614.13
40	16762.0	3990.98
41	10392.42	4208.73
42	6202.25	19120.34
43	6029.16	26337.27
44	13199.06	24331.13
45	8309.79	7079.92
46	22594.07	10194.0
47	22843.64	26540.48
48	5215.33	1155.23
49	9660.5	6033.6
50	24100.85	3340.14
51	9375.28	12221.37
52	14013.59	23557.49
53	6075.61	12653.55
54	7646.99	8868.8
55	23170.5	18684.9
56	4686.17	17911.75
57	6256.97	16584.16
58	13302.5	16099.47
59	12879.99	20277.0
60	2680.33	13168.08
61	26093.72	22811.76
62	20009.61	15889.16
63	5582.3	22531.76
64	15297.2	17231.26
65	2588.24	917.76
66	26402.91	5647.4
67	5371.92	24573.66
68	22590.01	20538.73
69	7263.74	5711.01
70	4410.71	8228.95
71	25071.65	8890.15
72	6919.82	22505.08
73	4349.56	10615.25
74	3203.2	14908.75
75	21927.09	10626.44
76	17453.23	25605.41
77	17275.31	7551.86
78	23257.46	10308.12
79	13278.75	3044.02
80	1758.78	427.9
81	8301.64	14862.41
82	9820.5	4883.87
83	2569.69	3535.71
84	15233.44	10779.17
85	15853.32	18003.94
86	24430.42	17000.84
87	5255.56	26514.4
88	19039.24	12467.82
89	7753.49	23135.51
90	8594.03	17222.24
91	9954.58	5758.79
92	17248.17	17442.73
93	22045.34	6351.8
94	610.4	13188.42
95	23988.93	3690.19
96	2164.01	10885.76
97	18706.71	19794.03
98	4570.77	1682.91
99	12267.96	24979.12
100	22092.99	9775.29
101	24229.22	1144.3
102	15349.4	6780.02
103	145.34	18479.55
104	23635.03	26582.5
105	9721.31	24994.57
106	22414.57	25421.86
107	20734.71	23702.71
108	10951.95	5859.77
109	24941.08	15101.45
110	21416.19	3005.86
111	23000.1	3795.36
112	13595.68	22536.97
113	25079.07	7019.12
114	3362.49	9416.22
115	1294.11	8295.9
116	11210.78	24267.43
117	12536.32	10944.79
118	22510.54	883.6
119	193.38	18308.88
120	1503.34	17771.66
121	21883.07	20640.53
122	2903.84	20111.43
123	17473.36	6253.94
124	23123.24	189.22
125	3815.75	1646.48
126	3241.29	11046.4
127	1651.29	3061.91
128	20032.15	6479.01
129	17950.43	7621.88
130	26633.2	18935.49
131	22443.34	12563.48
132	8386.84	13284.78
133	7217.18	22840.91
134	6110.11	15229.8
135	21627.04	26888.13
136	15432.39	16445.71
137	9093.64	11616.87
138	24027.37	25403.79
139	19280.56	21740.77
140	20939.54	21094.47
141	18567.67	9804.32
142	12946.24	22251.48
143	4116.95	17136.29
144	5650.7	14861.44
145	18912.97	5211.82
146	9710.02	3512.11
147	12726.56	5515.54
148	14594.58	4814.14
149	8174.65	6701.44
150	17775.22	25111.17
151	6166.15	12346.52
152	21130.14	19872.98
153	18880.55	592.11
154	5713.79	22380.67
155	5241.63	2784.73
156	12533.43	19068.85
157	294.4	10784.24
158	3553.25	25111.9
159	3443.4	22193.13
160	20367.62	25161.64
161	21258.24	26043.44
162	2349.46	25993.41
163	23068.59	11007.91
164	24860.36	7003.46
165	18490.09	7252.88
166	15586.68	4316.3
167	1939.59	18175.47
168	19372.3	20739.52
169	9851.46	8784.57
170	18487.21	16332.68
171	7295.15	16108.33
172	6241.0	10611.04
173	19226.19	9185.09
174	16458.18	17672.19
175	2248.89	14346.22
176	24394.92	9716.61
177	2505.1	26925.41
178	10729.61	1048.29
179	20023.43	10515.49
180	9483.62	4078.81
181	15187.28	3997.79
182	23092.62	23203.24
183	21705.09	18895.28
184	16893.48	5831.57
185	13652.03	21479.49
186	2834.73	10793.76
187	2621.9	23132.03
188	21178.93	14900.9
189	20890.07	9782.37
190	769.73	24862.29
191	12502.39	3724.52
192	14366.0	4059.06
193	2905.07	1644.35
194	2784.77	7719.47
195	4182.56	19312.09
196	18654.37	19531.53
197	10644.31	6956.33
198	26849.81	19738.96
199	5760.26	22305.07
200	23163.49	25900.19
201	21729.44	26182.91
202	6870.02	15391.68
203	17440.15	4978.72
204	26991.07	16208.71
205	11064.59	13164.65
206	21781.38	18916.59
207	11569.62	1346.94
208	8116.08	4982.74
209	18174.53	26906.65
210	24335.91	5908.25
211	24860.91	24860.31
212	19630.94	19602.94
213	2163.36	26735.97
214	11047.67	4059.46
215	1501.45	5532.39
216	1706.57	24991.89
217	6686.61	20618.13
218	18680.81	17150.88
219	2360.97	13749.88
220	26932.18	18215.88
221	22761.6	10165.61
222	16071.35	22935.57
223	11313.48	18681.73
224	8894.77	5864.5
225	19109.27	25376.58
226	24676.97	7260.2
227	22258.15	5335.81
228	25723.96	8721.43
229	9920.07	20366.43
230	17279.66	5502.57
231	3079.38	2440.94
232	26391.62	4263.87
233	22104.85	6949.79
234	15645.16	22463.34
235	22826.81	17573.07
236	24278.82	12335.11
237	2042.9	10251.32
238	16723.62	5234.73
239	9764.55	10461.18
240	8511.33	6529.51
241	17136.16	9444.03
242	6787.15	5694.62
243	3643.15	25971.71
244	2040.64	22858.14
245	20235.81	4992.99
246	26129.4	1883.8
247	7.19	17399.51
248	18773.78	13649.59
249	12922.4	3396.42
250	22052.79	26054.35
251	13912.47	21196.57
252	1882.21	11833.77
253	9429.64	15044.12
254	5065.57	24519.27
255	15614.83	20896.86
256	6078.2	22549.84
257	1205.86	25854.65
258	24797.17	3486.99
259	13518.55	22830.43
260	15173.51	8992.05
261	786.79	786.87
262	11035.98	26139.86
263	7866.79	8761.83
264	5830.23	4283.68
265	9419.72	12987.86
266	13896.43	2118.99
267	24542.48	24743.95
268	967.45	5684.64
269	12877.61	23680.35
270	9063.58	1940.03
271	6047.32	7605.34
272	2300.6	14542.24
273	8525.67	6211.17
274	4694.11	19315.72
275	5864.89	8750.81
276	5212.45	18524.32
277	9118.46	9383.31
278	15058.24	19140.25
279	4017.99	9735.46
280	1155.42	19353.91
281	24038.71	17909.03
282	9370.11	9237.94
283	7526.68	1730.19
284	23643.76	25213.19
285	23523.37	5829.86
286	11631.65	3631.14
287	5392.16	23310.84
288	7885.52	16892.08
289	25920.46	23506.87
290	16063.87	20871.8
291	18841.35	26938.73
292	2555.17	25389.86
293	4857.26	25133.64
294	5305.92	23545.68
295	10377.72	25297.19
296	12574.92	4683.55
297	20217.1	5509.11
298	23662.39	17415.78
299	10164.26	8696.46
300	5439.72	13208.33
301	377.86	15473.57
302	8246.35	21548.25
303	19231.51	2563.31
304	17775.54	12860.55
305	23315.45	20908.48
306	6395.72	10197.92
307	1200.75	15093.23
308	8011.5	4203.18
309	4681.14	17361.6
310	1321.87	18036.31
311	16838.72	18397.57
312	5625.48	11113.59
313	13149.33	8458.78
314	20185.74	2677.91
315	16648.48	3652.64
316	10500.8	25575.64
317	1758.95	13582.3
318	13029.52	5856.3
319	17852.15	17654.65
320	2872.05	2802.73
321	17203.83	16946.2
322	18426.97	12743.77
323	7674.35	17965.12
324	1119.14	15032.79
325	20767.72	10011.05
326	5046.89	20899.13
327	10175.26	14931.43
328	1760.85	11116.76
329	5049.56	21069.85
330	2007.78	12260.52
331	15778.44	7882.67
332	12947.59	5204.94
333	9641.09	7060.18
334	23131.98	20065.93
335	8055.16	14053.88
336	16530.38	9269.67
337	207.63	25859.44
338	11034.47	6903.59
339	18521.81	3769.52
340	5948.85	20481.46
341	6650.77	23786.11
342	16556.18	24812.37
343	5394.62	755.95
344	13905.59	21725.54
345	24262.77	6539.05
346	10712.63	24606.97
347	7908.78	21947.78
348	22048.29	21721.43
349	1489.03	15375.44
350	8821.67	3454.5
351	16526.48	1285.3
352	20248.52	13423.61
353	2015.59	14219.25
354	1717.67	11603.89
355	1062.71	19187.54
356	4609.54	10781.23
357	16445.94	12933.5
358	1482.08	26049.38
359	21502.38	297.57
360	1198.4	17351.71
361	19864.8	14176.12
362	17493.45	25910.44
363	8934.01	15303.67
364	25192.54	25769.11
365	20046.68	14850.64
366	4628.74	12417.66
367	12483.53	10800.71
368	3966.42	20322.83
369	22736.95	13065.49
370	387.95	2001.44
371	15456.75	837.67
372	17871.8	7686.25
373	25203.4	22474.29
374	18751.66	6571.06
375	7589.16	15681.24
376	7838.29	20064.37
377	8709.79	22653.12
378	22826.98	15321.66
379	13912.19	15477.9
380	24067.73	13780.97
381	12568.61	15712.86
382	1675.19	22653.09
383	19181.35	13047.16
384	11754.75	25640.88
385	24300.89	16035.96
386	21027.28	19999.13
387	2588.03	10755.86
388	19362.38	8645.49
389	18976.24	11527.44
390	22459.13	26497.89
391	16671.96	9430.34
392	11288.64	24706.7
393	2.55	26732.59
394	2403.04	21774.02
395	14251.19	9979.38
396	21146.09	5840.8
397	17433.22	8098.67
398	6591.48	1045.95
399	5970.57	1152.98
400	20442.4	6769.89
401	16346.46	4519.7
402	9447.31	11639.77
403	16489.3	3971.98
404	20317.48	1093.08
405	20370.29	20337.53
406	25553.54	7266.76
407	747.84	4760.69
408	7568.27	10389.73
409	5360.68	7425.09
410	24286.29	12031.99
411	20831.47	13142.7
412	25896.36	21514.63
413	14460.96	24926.63
414	24910.47	16052.78
415	22048.99	8589.09
416	11670.12	11260.26
417	24625.25	5.62
418	5183.5	19359.14
419	21433.92	13452.29
420	17458.44	3240.14
421	5866.27	10600.08
422	14302.31	12311.92
423	22976.24	3143.25
424	25681.98	13126.67
425	367.86	15343.71
426	21000.87	19385.69
427	26790.09	10710.65
428	12435.99	10695.91
429	26769.02	16385.81
430	19383.34	6933.42
431	7862.09	22817.93
432	9532.49	16787.95
433	9684.53	1810.54
434	1830.95	6837.15
435	21957.09	24111.63
436	8885.46	23662.39
437	25785.99	16326.72
438	2004.05	9552.89
439	19160.27	13661.77
440	15394.39	11482.81
441	15687.72	601.22
442	4623.25	6543.17
443	18270.71	11056.83
444	16995.88	11847.91
445	2328.52	11514.26
446	26229.85	25354.25
447	13072.82	4073.15
448	12958.98	3146.22
449	2559.23	503.07
450	24820.16	26080.2
451	19108.38	25699.35
452	24783.94	7736.56
453	2203.92	2631.36
454	20654.35	13215.29
455	791.03	6522.46
456	8616.36	7383.29
457	22033.11	20688.51
458	20415.63	8988.91
459	5477.52	3269.74
460	3804.46	4019.3
461	26612.82	7262.39
462	23710.09	15156.03
463	79.17	1880.71
464	18507.85	2816.56
465	13641.27	2803.79
466	2802.21	25342.63
467	26386.08	1065.38
468	10641.62	22721.73
469	3276.54	2662.17
470	2464.87	22404.69
471	1395.29	183.19
472	2415.85	17740.28
473	14571.58	19492.1
474	14027.52	11380.62
475	1940.55	4751.13
476	23950.79	9567.01
477	8946.09	472.8
478	9268.86	8766.3
479	23043.69	23213.81
480	7251.55	16420.34
481	24937.74	10826.78
482	22776.78	22985.1
483	18975.44	5689.64
484	11546.47	16187.86
485	18718.16	3168.24
486	26719.3	16447.5
487	8809.24	6568.04
488	22592.79	21095.31
489	7064.36	24751.85
490	4325.8	7004.59
491	1496.61	9539.43
492	17966.75	8623.62
493	6202.85	1862.56
494	1452.01	22748.21
495	12524.23	5804.0
496	13127.42	12442.68
497	8748.37	10202.9
498	3675.29	16799.61
499	5132.45	16351.02
500	25174.65	5050.03
501	2435.15	540.97
502	2156.21	5275.05
503	26012.01	8441.12
504	23464.22	14179.01
505	22257.68	6443.01
506	18533.34	1228.86
507	25671.3	6463.27
508	23147.44	8782.59
509	6951.05	10546.63
510	18953.74	2363.69
511	25929.81	14898.7
512	21405.86	6187.62
513	2658.81	11473.92
514	12972.13	12883.1
515	21539.38	26824.31
516	8491.31	9874.0
517	22478.42	24438.9
518	24622.91	8891.88
519	3142.8	16111.21
520	25866.37	3219.71
521	24032.16	16924.51
522	4499.69	20170.33
523	7348.58	17656.97
524	5652.61	3355.14
525	16754.09	17783.97
526	22916.22	1766.54
527	18361.05	25704.82
528	9112.36	16840.52
529	10336.82	115.79
530	12185.03	8905.32
531	12495.12	5051.64
532	14366.42	2949.36
533	9497.09	19938.01
534	18205.55	20012.61
535	13393.46	24663.06
536	15342.95	12931.44
537	9716.29	4689.72
538	9644.95	6891.0
539	23519.48	1900.8
540	21874.82	23903.25
541	22332.21	26894.38
542	2680.35	2651.1
543	21348.68	17726.02
544	1566.78	22044.12
545	7710.04	9517.7
546	24497.02	6718.54
547	14393.36	12754.17
548	6478.01	14733.13
549	5912.17	26990.37
550	815.64	9061.0
551	14230.7	8878.89
552	13821.77	485.75
553	4736.99	15797.8
554	1741.04	581.19
555	18787.08	17121.88
556	26700.13	16486.81
557	10169.41	10338.64
558	26238.54	11455.52
559	25347.39	24971.14
560	1070.3	14177.84
561	7130.81	22119.97
562	7307.32	11940.25
563	13050.76	5735.47
564	510.85	8596.03
565	21027.42	6677.48
566	1070.75	17578.86
567	11542.6	22860.91
568	18514.85	17784.14
569	6700.36	11260.47
570	9262.59	10540.07
571	17588.64	18474.78
572	626.32	19349.19
573	5847.89	18067.83
574	12774.73	3042.4
575	18141.47	21298.12
576	3895.71	13805.46
577	22855.7	19071.09
578	2374.25	23135.25
579	26471.12	2130.61
580	8340.13	26640.15
581	21349.18	17872.64
582	3166.96	25287.42
583	14509.22	7297.24
584	11610.84	5391.31
585	4548.6	3525.26
586	24876.65	7413.06
587	8795.89	21432.63
588	21507.28	10777.2
589	19447.46	15245.93
590	16799.97	19704.82
591	11803.37	14836.66
592	5895.83	20109.32
593	6792.55	22666.41
594	13796.67	17751.08
595	2104.36	5427.65
596	22546.71	6739.61
597	20184.37	2368.31
598	18506.8	12002.76
599	11683.4	19544.2
600	12385.54	8628.65
601	24369.86	17159.93
602	6667.94	8809.75
603	14171.88	14456.36
604	3098.44	3417.76
605	21482.82	15642.71
606	8215.52	24462.24
607	3327.84	3908.0
608	11259.8	8521.01
609	25865.37	6654.54
610	26267.36	12360.17
611	14755.3	20423.55
612	2241.5	1532.15
613	17146.61	16086.47
614	14644.79	3017.89
615	17829.31	23996.98
616	5713.49	17730.74
617	4505.95	768.48
618	10808.21	26781.55
619	25265.72	5633.41
620	18247.73	25469.78
621	26580.48	2755.07
622	13272.29	14309.93
623	26169.56	17343.26
624	20737.39	16421.73
625	11311.67	12551.19
626	17536.21	23972.46
627	7062.88	26654.34
628	1540.16	25739.71
629	18823.24	24363.63
630	18988.94	20792.04
631	2790.85	24636.53
632	18379.33	24166.3
633	17898.22	5095.38
634	7445.52	10703.03
635	3598.74	23840.39
636	15885.03	17678.78
637	14546.41	13333.91
638	21380.71	23543.18
639	20097.92	174.19
640	5557.15	23559.0
641	14519.3	13729.89
642	2507.47	7573.91
643	22745.93	3258.24
644	26819.2	13957.06
645	20010.76	17717.7
646	13960.96	10831.04
647	11310.0	22924.66
648	22401.64	5230.16
649	15619.74	26652.12
650	206.73	26721.74
651	24634.39	6013.23
652	10974.26	8202.17
653	19489.17	9480.72
654	12720.88	20938.13
655	2100.41	6052.8
656	25323.07	13960.17
657	11858.22	12130.58
658	14110.95	6879.99
659	16180.24	5779.37
660	4008.37	7815.23
661	5587.55	21255.52
662	16627.08	16582.01
663	26890.74	13395.59
664	10619.88	13246.29
665	12436.54	11537.9
666	11591.13	16193.32
667	20723.48	16074.51
668	9866.54	26334.71
669	12755.09	10827.2
670	17829.53	22935.66
671	17809.12	16135.79
672	2084.28	13760.7
673	23821.08	26812.35
674	20856.07	15014.12
675	25372.09	17665.95
676	4682.02	14759.05
677	24805.58	8812.67
678	26577.46	10882.55
679	15483.65	20983.37
680	14580.7	13258.7
681	23498.57	12442.43
682	24008.36	21176.05
683	25861.14	3038.79
684	6076.42	7522.49
685	22032.72	22008.2
686	18079.59	4304.86
687	5300.62	18299.16
688	24610.96	1663.29
689	23563.78	13565.05
690	1180.27	13709.34
691	9679.04	3520.08
692	13362.05	17986.2
693	26098.26	12272.05
694	11025.17	18501.61
695	11345.2	4365.39
696	21008.03	11596.99
697	9954.39	23928.57
698	18804.35	15554.06
699	19428.09	1647.2
700	26895.85	13497.53
701	25558.37	14220.57
702	13684.4	19514.06
703	1790.95	2540.96
704	25410.53	4141.5
705	14783.48	10129.66
706	26927.12	9282.86
707	22913.81	2301.25
708	15037.06	10602.89
709	10995.45	2375.24
710	949.17	18074.69
711	434.6	8682.87
712	16873.48	19840.35
713	23978.07	22868.94
714	16338.12	12671.0
715	13614.76	5423.47
716	16154.75	3869.83
717	3218.47	26313.86
718	17079.72	23566.89
719	17432.45	16959.27
720	3304.49	23904.28
721	22336.76	23452.59
722	18905.48	8886.32
723	1437.75	3427.26
724	8827.15	16953.18
725	2564.52	11124.47
726	20257.49	10726.64
727	8065.22	12282.22
728	13792.49	4596.45
729	24495.51	1439.1
730	1063.7	18189.39
731	11897.65	24271.27
732	6108.36	3386.48
733	2356.14	26968.38
734	16695.01	14626.01
735	97.83	5936.88
736	16782.75	1148.53
737	2039.55	10668.34
738	2334.75	17884.57
739	23163.87	17056.59
740	17610.27	5007.0
741	3832.36	8161.7
742	22113.89	23944.64
743	15984.52	16518.61
744	25859.63	25013.68
745	6323.39	24761.77
746	10686.96	21805.66
747	1077.48	16897.82
748	2539.62	26482.18
749	24203.62	6143.64
750	9755.52	17687.17
751	26711.5	16391.07
752	764.17	5517.73
753	14453.98	11176.91
754	3978.92	20570.33
755	13281.95	5270.51
756	1692.78	7226.57
757	100.1	13483.46
758	22128.8	26252.35
759	6319.72	10662.72
760	14360.36	13408.39
761	20297.12	17484.45
762	22805.16	12213.18
763	7544.92	23780.38
764	14837.67	4956.26
765	176.37	16343.08
766	14503.52	11354.29
767	173.41	4726.67
768	7653.12	20186.24
769	8065.56	3774.81
770	18492.35	19534.19
771	1091.39	22668.1
772	9051.71	4088.23
773	16083.98	17606.26
774	23727.13	20796.11
775	5523.22	17879.92
776	18551.06	9639.74
777	23954.43	3900.77
778	16686.43	81.73
779	25983.32	16117.48
780	5446.25	25877.47
781	7003.34	22553.88
782	22734.69	25357.3
783	19076.68	12186.48
784	23843.53	6812.61
785	18763.52	22141.01
786	21884.13	15997.76
787	18509.91	12736.62
788	24931.27	10655.61
789	12936.8	2368.6
790	10644.43	2139.57
791	1609.05	6418.32
792	13205.97	15581.22
793	1958.9	20059.05
794	19310.14	23416.34
795	3198.19	3371.35
796	17196.52	12109.34
797	22752.23	4101.94
798	4890.34	13745.06
799	18841.57	22806.92
800	22571.38	6336.25
801	22727.81	14203.63
802	12466.54	18768.56
803	18739.25	2765.02
804	17270.26	2479.94
805	17737.9	1648.8
806	25477.02	26593.68
807	5207.7	24698.26
808	17302.43	14897.63
809	20354.81	1202.64
810	2373.45	19826.12
811	20692.06	26401.24
812	18756.15	3206.24
813	25244.38	19117.66
814	22989.5	24224.93
815	19758.86	22747.78
816	23523.55	15433.47
817	24361.13	14742.22
818	12996.57	19213.53
819	26563.77	23067.39
820	10803.49	10937.21
821	13069.19	14294.06
822	18764.12	4366.67
823	2113.24	26931.2
824	12191.83	9785.85
825	25142.52	6733.59
826	25188.08	13649.25
827	2418.3	12048.12
828	18239.64	26278.13
829	17690.08	25914.14
830	11838.42	8729.33
831	6732.88	6803.28
832	10629.76	4196.56
833	15098.48	12595.09
834	14040.33	16104.23
835	2280.67	22397.03
836	3154.45	5729.39
837	22031.5	20254.9
838	1389.91	16395.6
839	19987.71	20539.03
840	18030.7	665.38
841	9719.76	7057.44
842	13315.34	16599.36
843	23460.12	14747.82
844	21424.18	20378.27
845	26211.95	25737.13
846	4362.1	21749.57
847	10672.95	5420.83
848	7431.88	13525.86
849	26210.07	21521.47
850	14345.13	26842.97
851	6908.74	3869.88
852	18347.91	25189.63
853	19815.11	16250.48
854	10197.99	2068.62
855	5752.91	163.26
856	25487.44	2919.05
857	16227.37	9767.58
858	20048.81	21443.3
859	5365.57	19964.7
860	25535.37	25513.96
861	21755.74	18837.15
862	10892.11	13463.49
863	8000.77	8892.84
864	20892.44	12242.81
865	21766.22	5131.58
866	6676.09	10567.85
867	13481.09	23125.48
868	11890.4	4875.92
869	9695.28	4659.37
870	4821.47	19636.74
871	19004.11	15363.93
872	6155.93	9172.09
873	11818.7	18328.24
874	13393.91	26688.4
875	17407.75	20305.84
876	15671.96	9938.48
877	10530.41	21559.78
878	3431.56	26344.16
879	15874.76	21723.62
880	2087.12	22875.33
881	20571.77	21041.29
882	16178.56	4124.84
883	24314.89	20296.98
884	1953.98	22852.47
885	4660.75	24026.75
886	5087.82	25868.78
887	20062.65	711.67
888	14885.86	5793.68
889	4101.4	7348.5
890	2486.09	10436.45
891	25121.53	13353.54
892	6575.31	18204.82
893	23503.66	6582.94
894	3573.07	14142.83
895	17019.73	3170.14
896	22386.35	38.96
897	914.91	16998.33
898	9721.9	25043.49
899	24429.74	11336.27
900	10004.97	5214.87
901	26603.75	4593.31
902	2741.14	16255.11
903	18639.21	4243.13
904	7783.85	5939.18
905	20874.0	4257.37
906	25466.61	22872.35
907	4356.19	22946.21
908	1894.98	1873.84
909	21246.99	17503.24
910	14300.36	14580.98
911	16500.0	5463.77
912	25694.1	21132.8
913	10224.52	12422.97
914	12543.04	14265.27
915	17601.73	15921.89
916	8626.48	11788.95
917	15561.1	7760.49
918	19474.86	3245.65
919	3626.04	21605.06
920	7390.98	10249.84
921	6769.75	1611.97
922	26372.49	6476.49
923	3703.7	14622.66
924	19506.37	24266.45
925	1154.37	4481.48
926	24391.47	17451.64
927	18002.63	7028.14
928	23322.5	25005.01
929	1566.8	14070.8
930	18962.44	9431.07
931	21030.96	2124.22
932	841.7	12448.38
933	103.58	21461.37
934	2218.19	8707.63
935	5079.25	20989.07
936	1835.71	7118.37
937	23912.74	11851.38
938	3614.22	10930.18
939	9029.07	2556.98
940	24413.34	7705.53
941	9684.97	4822.79
942	2038.04	3726.68
943	10287.67	18080.72
944	23867.88	5142.5
945	9379.1	20952.91
946	26269.26	17697.56
947	965.02	16939.53
948	11831.56	14187.73
949	12475.45	5152.31
950	350.05	23732.61
951	7447.76	18350.13
952	22478.99	7517.7
953	3901.04	11691.31
954	6069.81	11443.57
955	4524.32	18583.79
956	5958.08	8651.23
957	17207.59	22850.71
958	4045.5	4256.71
959	1484.66	5288.11
960	18112.02	17891.33
961	12690.02	16686.39
962	22340.47	19668.94
963	1720.54	24135.74
964	19274.53	20676.67
965	951.33	26855.41
966	8231.04	22474.1
967	7446.57	18552.96
968	1880.9	17192.08
969	7124.98	9820.34
970	16883.0	124.97
971	13077.73	4602.27
972	21312.92	18382.77
973	19946.04	19153.01
974	24989.98	148.25
975	13712.85	26745.37
976	11307.6	16323.58
977	9424.87	1468.82
978	1106.45	11870.3
979	11943.99	2787.07
980	6780.44	6948.69
981	24131.64	7434.63
982	22604.28	21042.74
983	761.7	18948.13
984	17350.99	4570.89
985	24329.8	19415.61
986	4578.69	18223.75
987	10025.86	13505.11
988	5879.71	11361.61
989	8743.56	4772.94
990	22788.75	6704.4
991	3707.74	15052.44
992	11864.09	15206.82
993	7305.42	10745.33
994	21474.74	1102.12
995	26237.94	24137.46
996	26500.57	17453.08
997	10889.12	5438.47
998	4720.43	8261.62
999	6523.41	14439.62
1000	8590.73	23603.67
1001	6021.12	25085.56
1002	10209.77	18763.86
1003	3266.63	24015.91
1004	25888.91	13606.91
1005	18748.61	12405.78
1006	13430.05	17857.85
1007	18048.45	14196.17
1008	14315.98	20578.58
1009	18040.89	15059.25
1010	23815.49	4015.85
1011	6774.65	20156.35
1012	2841.55	24147.46
1013	9704.87	18905.89
1014	20794.21	11061.12
1015	9513.38	5094.93
1016	3044.06	20837.87
1017	22765.99	1977.98
1018	7325.63	18727.54
1019	11487.55	1974.58
1020	26849.49	2755.21
1021	25751.2	571.16
1022	19024.27	10011.28
1023	19649.28	21348.77
1024	9707.95	14986.93
1025	20184.47	6611.83
1026	928.39	10410.84
1027	25555.88	5454.28
1028	16970.9	5109.9
1029	10508.48	6002.57
1030	11629.41	2098.63
1031	682.27	25560.85
1032	15738.73	26724.66
1033	13016.25	23244.91
1034	22352.17	19155.76
1035	26303.04	3322.61
1036	4903.42	11664.1
1037	7527.75	9166.52
1038	16093.44	590.62
1039	8004.56	9010.6
1040	11159.28	16385.94
1041	3367.89	7750.92
1042	14850.17	5227.59
1043	21777.49	22163.56
1044	15010.01	11445.16
1045	13446.2	16679.67
1046	2396.07	11779.82
1047	26131.53	9453.24
1048	24614.01	8287.72
1049	15480.0	2991.48
1050	23265.82	8023.56
1051	4224.54	15802.55
1052	9351.54	14501.49
1053	21396.77	13635.88
1054	19418.01	14942.02
1055	2292.02	16412.17
1056	7116.55	24329.39
1057	17702.58	21959.25
1058	18932.97	18987.59
1059	19189.92	14791.29
1060	5353.15	20650.68
1061	7494.42	23492.89
1062	23501.69	12835.59
1063	12767.12	11737.83
1064	22001.35	24793.5
1065	3288.0	22756.8
1066	5040.69	2459.92
1067	21739.06	14965.98
1068	20618.16	18369.79
1069	11187.69	2214.35
1070	17749.91	12904.6
1071	4282.12	9386.46
1072	9511.4	2448.77
1073	18657.13	22950.79
1074	1858.19	23381.24
1075	26446.43	14757.21
1076	25478.06	4190.21
1077	572.41	23500.44
1078	14402.79	19621.43
1079	6974.03	16874.0
1080	20257.44	24629.44
1081	13640.21	10241.86
1082	25174.73	11540.11
1083	1188.19	5449.38
1084	15134.84	9801.34
1085	15501.24	6217.59
1086	1376.34	3852.3
1087	14767.88	14519.32
1088	7807.19	16735.82
1089	624.14	10121.13
1090	20606.41	8062.02
1091	17236.64	7631.41
1092	6869.47	9637.67
1093	14193.35	26204.39
1094	15755.0	20502.41
1095	24856.52	4688.02
1096	25597.62	18634.52
1097	6296.05	4761.13
1098	3954.35	23769.99
1099	19424.42	9770.21
1100	9900.94	26123.6
1101	21076.55	2705.59
1102	21290.0	21105.53
1103	25842.87	8160.08
1104	17526.93	12692.26
1105	20210.24	2777.41
1106	15384.84	8454.65
1107	1806.38	11483.41
1108	4594.17	14104.91
1109	7812.48	24342.15
1110	8127.72	7169.75
1111	21978.84	17530.17
1112	18751.16	12824.58
1113	6227.12	22857.49
1114	2247.27	8765.94
1115	26538.31	18442.71
1116	16326.85	14257.63
1117	20618.91	19891.21
1118	3815.19	9047.34
1119	2757.52	21477.47
1120	14947.52	5811.68
1121	14451.14	12604.67
1122	5476.05	25634.18
1123	26185.75	13927.29
1124	2320.65	8892.99
1125	13061.04	26970.82
1126	26657.89	17794.12
1127	17767.11	4400.27
1128	19258.62	5597.39
1129	7916.57	14789.7
1130	2067.62	12534.59
1131	3519.73	10922.51
1132	5079.04	3870.11
1133	265.71	20885.96
1134	13845.93	9849.93
1135	21094.04	24920.23
1136	4342.65	18157.71
1137	12950.51	22650.8
1138	26471.28	1447.63
1139	3101.69	15276.92
1140	21549.53	20758.25
1141	20359.96	9313.4
1142	17542.58	11918.46
1143	25855.02	15141.8
1144	22770.2	26406.55
1145	11967.8	10236.9
1146	14007.45	21838.93
1147	10684.73	9315.32
1148	19505.96	6188.65
1149	9243.31	7578.84
1150	587.68	10846.96
1151	18388.21	21797.75
1152	18438.54	17547.78
1153	25184.49	1017.62
1154	13547.83	23045.87
1155	23778.57	23775.52
1156	22711.08	14005.51
1157	5595.88	24077.16
1158	6500.6	25556.81
1159	24070.78	22307.72
1160	19841.65	7020.74
1161	12041.39	664.85
1162	25567.14	22438.92
1163	25799.22	2308.91
1164	11944.66	24432.24
1165	8154.85	18166.23
1166	10117.23	11542.88
1167	10540.7	24828.5
1168	24432.96	26963.02
1169	26807.0	160.31
1170	25118.46	21196.99
1171	16351.43	16749.76
1172	14087.53	20320.75
1173	6538.29	12494.19
1174	775.83	3028.17
1175	13295.01	3729.12
1176	10300.37	24349.18
1177	6160.81	4904.04
1178	11024.45	8517.19
1179	9505.12	5638.41
1180	26574.71	8748.99
1181	11339.88	26395.07
1182	10434.85	10522.46
1183	339.01	655.5
1184	21884.92	15483.8
1185	2417.93	1967.64
1186	6969.39	26744.15
1187	12199.55	40.06
1188	25589.26	4873.79
1189	7127.14	25172.87
1190	1597.36	9692.67
1191	9904.15	9439.5
1192	19812.93	4768.55
1193	4411.61	10234.04
1194	23604.34	7884.31
1195	494.77	4840.16
1196	5367.9	22338.73
1197	23092.08	6836.85
1198	19306.49	5772.03
1199	25180.8	15204.86
1200	7269.63	19757.1
1201	3286.07	17904.96
1202	2276.41	21135.41
1203	1289.2	4808.08
1204	21980.08	20351.17
1205	3960.33	1082.85
1206	5327.6	9609.15
1207	24680.91	5929.6
1208	24518.97	21643.47
1209	7088.68	12782.54
1210	25679.58	4236.42
1211	3286.15	14863.76
1212	14296.24	3603.83
1213	10243.4	11212.3
1214	10707.43	20510.1
1215	519.58	1284.88
1216	21847.55	7568.0
1217	16619.24	19779.12
1218	5971.0	7576.43
1219	26992.02	14945.66
1220	20689.86	7316.63
1221	21086.19	5683.71
1222	17227.98	157.44
1223	7707.6	22175.44
1224	1280.73	20062.17
1225	14374.2	21059.33
1226	16853.98	12596.25
1227	10992.96	9241.89
1228	25342.62	2474.67
1229	24707.17	134.64
1230	7401.64	14188.12
1231	22532.61	21344.75
1232	8505.52	7176.7
1233	24837.07	1020.37
1234	11054.14	26030.42
1235	18384.03	22730.86
1236	26519.88	432.17
1237	9569.07	26588.15
1238	1170.1	13238.49
1239	2088.21	1643.99
1240	26660.28	4975.49
1241	11780.01	4142.62
1242	11896.34	6496.55
1243	7717.44	11850.2
1244	10403.42	22491.76
1245	13132.6	12531.67
1246	5558.49	627.24
1247	19219.85	19934.88
1248	18878.62	7328.65
1249	3336.48	25320.74
1250	16714.73	7248.23
1251	11720.72	18687.67
1252	25725.6	11229.46
1253	8557.26	8094.36
1254	24425.18	25340.7
1255	4485.25	1081.74
1256	21266.35	7057.79
1257	16289.2	4134.97
1258	11162.3	2698.16
1259	26690.09	12869.38
1260	13654.02	1219.81
1261	14661.06	23772.86
1262	18466.97	20501.39
1263	7461.3	13156.95
1264	21498.3	16760.35
1265	16912.4	4842.92
1266	18577.93	16176.17
1267	9909.25	5579.27
1268	3391.06	3817.17
1269	14130.91	19800.34
1270	25575.73	26409.74
1271	26520.32	3158.96
1272	20712.56	16749.14
1273	24072.69	8929.68
1274	22160.77	6695.21
1275	22952.02	21326.8
1276	26308.39	7181.93
1277	21775.86	16275.85
1278	16558.95	23370.75
1279	13066.51	19930.05
1280	10704.7	21459.19
1281	16972.29	19568.59
1282	18485.62	8628.46
1283	8210.37	11023.42
1284	5406.91	1960.42
1285	10579.36	25033.27
1286	22610.48	10091.09
1287	15903.51	2334.24
1288	7904.76	14588.77
1289	19756.32	9987.15
1290	8923.31	26738.57
1291	11887.27	11852.21
1292	9397.36	1446.53
1293	13888.05	22807.11
1294	9770.88	2446.5
1295	7922.82	26351.43
1296	15360.0	16940.67
1297	3035.52	18265.07
1298	962.26	12201.84
1299	16546.53	6654.44
1300	24403.07	13273.71
1301	25817.55	7778.42
1302	2060.13	19151.26
1303	11777.23	26728.08
1304	26670.68	22284.13
1305	23815.22	17372.9
1306	10101.69	2793.98
1307	17331.31	20521.58
1308	3428.0	26652.83
1309	18932.15	4912.93
1310	2126.75	3386.39
1311	24359.74	4746.14
1312	10087.63	933.96
1313	15112.65	15792.25
1314	14185.81	13508.86
1315	10747.35	24831.5
1316	14478.33	407.63
1317	19804.41	16496.21
1318	7.66	25633.67
1319	6632.69	26338.88
1320	12467.11	10091.88
1321	26379.16	23898.93
1322	7001.52	7811.75
1323	4789.06	26513.28
1324	3937.32	10428.9
1325	24143.33	19192.83
1326	6286.04	12067.97
1327	6955.05	8276.52
1328	3011.54	7690.61
1329	9088.49	4773.54
1330	25808.12	5737.66
1331	19731.7	15589.65
1332	3839.54	10307.22
1333	19424.59	2865.23
1334	18542.65	4048.69
1335	20991.93	4779.61
1336	11442.91	20213.61
1337	23455.64	19865.2
1338	7087.65	17905.23
1339	13477.7	7489.34
1340	14466.98	745.15
1341	9879.67	10627.15
1342	10623.53	23729.01
1343	25133.53	3328.54
1344	7885.17	17531.47
1345	9010.52	18580.49
1346	3668.55	10863.98
1347	704.11	14330.82
1348	9123.42	21470.44
1349	14333.13	24988.52
1350	5752.12	22661.65
1351	12741.92	13277.74
1352	15889.21	21675.6
1353	14369.52	26410.09
1354	3702.22	2333.27
1355	14168.11	17530.82
1356	14812.62	17325.34
1357	23115.06	10748.36
1358	14067.17	2391.4
1359	23307.19	2696.23
1360	3151.38	19381.05
1361	16803.42	24208.0
1362	4386.76	8502.66
1363	9742.39	24031.71
1364	4609.92	8377.11
1365	18170.37	4647.08
1366	9442.79	1027.79
1367	19117.35	25199.21
1368	26425.61	5769.27
1369	11851.92	12255.38
1370	16592.79	24835.59
1371	7041.55	2634.31
1372	6452.35	16165.55
1373	26815.06	15148.75
1374	23804.16	23134.07
1375	14430.77	26782.58
1376	10712.38	14811.25
1377	24624.94	9371.53
1378	8761.8	4121.16
1379	16892.8	771.79
1380	20433.3	22275.39
1381	9960.81	25517.28
1382	20203.36	15847.18
1383	9070.8	25759.4
1384	2129.51	21169.12
1385	6134.71	8896.0
1386	24063.77	6931.6
1387	753.53	11222.16
1388	25984.57	24465.83
1389	708.93	3476.0
1390	20269.45	21485.36
1391	19304.5	16203.14
1392	15195.0	24017.64
1393	8931.64	19021.33
1394	6603.89	26614.48
1395	21004.99	16796.52
1396	14667.3	15.65
1397	25008.64	317.47
1398	6139.84	20249.97
1399	15333.78	25628.09
1400	19677.91	10090.21
1401	7770.71	2979.27
1402	26610.83	5755.2
1403	1870.26	13401.56
1404	16326.52	6294.6
1405	9843.0	6672.25
1406	7963.12	25175.07
1407	18614.06	19099.6
1408	3356.75	26187.95
1409	1153.84	16985.55
1410	1641.74	21911.64
1411	3388.86	5488.9
1412	6584.65	23836.82
1413	21135.5	7471.89
1414	24673.16	3874.58
1415	9940.74	2898.27
1416	23549.08	15513.53
1417	16910.87	24987.01
1418	800.99	4004.29
1419	24753.44	22916.39
1420	650.55	14900.21
1421	19670.98	24296.53
1422	16538.21	2374.88
1423	6299.25	25490.06
1424	11883.3	23189.49
1425	26311.32	13838.6
1426	4622.2	21029.54
1427	2524.15	4588.77
1428	13495.45	15264.98
1429	288.51	15389.01
1430	7435.34	15077.19
1431	2570.55	10076.47
1432	19738.75	2706.13
1433	23027.84	16755.55
1434	4296.42	14551.36
1435	346.55	3468.62
1436	24631.86	13341.2
1437	8897.7	18759.99
1438	10150.49	3522.63
1439	11759.25	23336.93
1440	26706.55	21880.92
1441	14375.37	12665.83
1442	11144.53	14748.0
1443	15832.68	4032.31
1444	1451.32	13618.12
1445	17685.42	22451.35
1446	22304.34	8620.44
1447	11708.24	15418.84
1448	16097.3	2340.51
1449	7970.69	2487.92
1450	23665.0	9407.36
1451	19593.1	11881.81
1452	11319.92	26713.23
1453	26417.82	9233.11
1454	25182.82	7645.02
1455	22864.34	6454.14
1456	16023.33	17035.42
1457	26736.63	16140.61
1458	26895.92	17495.37
1459	2886.12	14670.47
1460	20142.44	3581.64
1461	10618.33	8049.77
1462	3182.87	26025.51
1463	12994.08	4542.61
1464	19233.84	489.51
1465	21788.98	20688.61
1466	5850.5	8679.78
1467	11788.95	6642.04
1468	20998.52	8272.04
1469	13570.12	24871.89
1470	25802.57	11583.04
1471	12959.03	1146.85
1472	14991.43	21814.79
1473	627.3	18681.91
1474	11529.38	11066.06
1475	10871.3	42.19
1476	6250.64	9664.61
1477	14827.94	16674.08
1478	8985.09	9131.56
1479	322.8	16193.16
1480	11051.56	21079.71
1481	3559.78	14043.34
1482	11888.22	9084.82
1483	18488.34	2549.51
1484	15051.19	15843.06
1485	4971.67	13369.33
1486	7060.87	20248.81
1487	11042.2	26378.29
1488	15827.24	11671.42
1489	14796.42	4108.82
1490	16756.85	13400.18
1491	5412.3	11691.38
1492	5266.62	26433.31
1493	4262.94	17725.95
1494	10954.89	13730.76
1495	19438.05	6272.09
1496	21694.74	25577.65
1497	21104.34	9332.22
1498	21631.84	2930.18
1499	5471.89	9383.38
1500	2914.87	3320.49
1501	25677.05	24598.14
1502	10547.76	2531.09
1503	8863.16	572.84
1504	25521.18	1860.26
1505	5694.14	15588.93
1506	376.06	9794.53
1507	14510.1	15223.22
1508	4792.97	16384.54
1509	3042.64	6048.06
1510	26151.2	709.63
1511	22530.6	13178.16
1512	19825.34	9753.04
1513	10163.22	6793.6
1514	23454.77	18317.07
1515	14116.1	15892.03
1516	5318.44	10759.47
1517	25830.05	11988.21
1518	7742.73	1438.37
1519	119.78	8293.38
1520	12473.47	8953.11
1521	6776.9	4841.19
1522	16879.94	25509.22
1523	6861.75	1652.61
1524	22750.31	5433.34
1525	26601.26	4323.58
1526	15627.63	6366.24
1527	11659.9	18676.67
1528	11541.68	146.72
1529	22972.93	23638.63
1530	4013.31	8342.17
1531	26522.65	13009.02
1532	22992.15	6235.14
1533	24856.35	20079.96
1534	25046.14	17053.67
1535	11016.37	24881.13
1536	15099.4	19418.01
1537	7756.16	22234.58
1538	22342.91	16736.4
1539	13823.09	12662.24
1540	1298.06	1076.2
1541	24221.22	11728.93
1542	22512.63	2106.32
1543	7893.14	10527.37
1544	22281.38	24031.62
1545	13965.55	16928.68
1546	25636.01	17481.2
1547	12716.43	8871.06
1548	12851.36	14156.44
1549	26043.51	17899.61
1550	3384.08	4136.44
1551	16082.26	5741.63
1552	2962.74	1053.07
1553	16434.27	24261.98
1554	21732.05	3788.98
1555	19342.19	23152.56
1556	5474.57	8442.12
1557	26925.38	5714.24
1558	12496.9	2525.78
1559	24901.87	16734.61
1560	532.63	9789.07
1561	23780.14	2636.23
1562	2811.15	14807.78
1563	23491.1	23360.35
1564	25956.16	18286.65
1565	3403.95	572.34
1566	1538.18	18286.83
1567	18090.85	24755.88
1568	2935.82	8354.94
1569	11014.69	25778.03
1570	20401.52	9344.07
1571	20927.88	6330.2
1572	16914.05	9861.45
1573	20959.41	6179.72
1574	4296.74	5616.3
1575	855.77	5721.88
1576	12584.68	19103.69
1577	26454.36	14714.33
1578	2358.77	11329.01
1579	8026.46	25577.25
1580	4457.07	332.67
1581	1096.98	6800.48
1582	12588.17	5565.38
1583	2121.68	24921.69
1584	24722.91	14853.67
1585	7959.55	4933.45
1586	7630.94	1332.84
1587	3173.1	4098.13
1588	16174.14	21529.51
1589	14907.73	3624.1
1590	11938.15	16332.18
1591	13726.23	10177.52
1592	23194.58	18399.16
1593	3296.2	3971.11
1594	7711.97	18908.49
1595	14968.19	10237.65
1596	19745.28	8352.02
1597	19366.8	26755.45
1598	15356.54	7644.3
1599	19523.61	23194.43
1600	4850.63	25892.81
1601	78.24	4649.6
1602	1719.21	10298.26
1603	8946.91	178.61
1604	26802.7	18061.93
1605	26162.73	14697.57
1606	7076.02	5490.24
1607	4380.6	9378.99
1608	3754.64	5592.57
1609	7430.2	22059.78
1610	26275.21	23998.28
1611	11996.07	12986.59
1612	2378.97	21968.01
1613	14377.65	23440.77
1614	16297.96	23874.24
1615	1889.89	8479.04
1616	19216.14	20817.67
1617	5723.88	14654.23
1618	18043.97	12740.28
1619	11957.99	24137.45
1620	15601.04	12820.68
1621	3531.54	10480.36
1622	10561.8	12972.03
1623	9214.89	7214.24
1624	7326.15	18760.69
1625	9882.69	8179.17
1626	2678.24	2206.43
1627	16661.04	5641.75
1628	20849.38	2405.73
1629	11076.17	22195.66
1630	24713.07	1464.09
1631	10816.68	26247.89
1632	20215.01	13844.93
1633	16937.66	21375.18
1634	23469.84	24094.76
1635	654.35	19288.36
1636	23692.53	4874.79
1637	5045.31	5796.41
1638	2310.96	17198.68
1639	4914.43	14064.99
1640	8783.63	720.82
1641	7902.16	13186.64
1642	10835.99	1334.48
1643	7695.15	21450.83
1644	25114.4	2959.76
1645	22141.69	14579.74
1646	11744.54	25349.66
1647	19936.54	10026.17
1648	13762.64	13404.13
1649	3340.45	12109.46
1650	20147.32	10462.41
1651	14480.25	14966.93
1652	13002.8	5219.9
1653	10193.5	14361.75
1654	20067.08	18412.29
1655	21853.83	7780.94
1656	22524.83	619.19
1657	17248.62	9771.2
1658	10960.26	20649.13
1659	9985.76	14705.94
1660	18402.58	3280.49
1661	25136.97	23202.8
1662	20325.13	1183.82
1663	12485.52	8255.06
1664	1783.81	4548.14
1665	163.2	702.15
1666	3353.02	341.1
1667	9548.98	20264.4
1668	11201.17	20008.44
1669	2477.26	23776.64
1670	11706.25	6646.17
1671	5099.69	17743.75
1672	14239.83	10729.29
1673	9376.62	22573.58
1674	20196.47	4835.78
1675	6955.23	7864.31
1676	12227.62	1692.88
1677	11541.19	22178.56
1678	9010.38	14695.54
1679	13405.01	17867.6
1680	26417.59	17783.19
1681	15398.41	9186.98
1682	5870.75	19372.14
1683	11129.11	14422.25
1684	13698.41	7251.17
1685	10883.33	8405.75
1686	3768.1	4644.21
1687	19036.8	19689.32
1688	11094.37	13466.19
1689	25716.22	18740.43
1690	5292.63	24862.7
1691	13346.03	14839.32
1692	20298.26	10392.7
1693	14379.99	12790.72
1694	19257.82	7053.08
1695	26229.17	7606.73
1696	16252.14	1866.58
1697	4908.83	23076.35
1698	12694.51	19382.49
1699	16749.36	9475.81
1700	24596.2	5590.78
1701	26904.5	2039.42
1702	9181.29	14156.17
1703	5021.36	983.97
1704	12701.22	21287.22
1705	25693.92	13360.07
1706	4498.36	9949.66
1707	20446.24	5170.28
1708	2648.14	2306.5
1709	19475.45	5400.59
1710	12281.48	1434.8
1711	10458.31	3385.44
1712	20086.57	321.01
1713	7376.25	26057.44
1714	11943.9	496.95
1715	22432.26	25627.5
1716	6678.09	11951.77
1717	10884.61	11718.33
1718	11047.6	6574.08
1719	25092.94	9624.28
1720	1779.67	8802.08
1721	1866.65	373.64
1722	19788.49	19276.02
1723	7353.32	22868.97
1724	23610.59	18096.35
1725	1296.36	5921.53
1726	3669.19	9453.8
1727	11341.54	6868.13
1728	3740.55	7815.21
1729	21308.91	453.17
1730	10246.52	21268.84
1731	107.01	13804.02
1732	1119.98	24990.73
1733	6798.24	16329.9
1734	17602.56	5796.8
1735	8020.84	23305.53
1736	24372.13	24882.06
1737	5997.45	22029.39
1738	20029.49	19679.64
1739	12678.79	5604.43
1740	1755.42	16439.8
1741	16068.61	11498.37
1742	20102.55	9979.36
1743	17112.83	22117.68
1744	22572.03	1191.95
1745	19453.32	2309.59
1746	876.73	22084.75
1747	3020.58	6130.46
1748	20033.27	16618.79
1749	24574.16	4766.08
1750	20867.42	3759.76
1751	8717.2	13841.86
1752	10310.12	8459.86
1753	7102.3	17440.39
1754	5855.82	7522.97
1755	25154.81	11220.9
1756	19825.44	17279.51
1757	19122.42	8687.39
1758	15513.98	12549.03
1759	16399.26	2814.54
1760	2890.11	6418.96
1761	11266.56	2602.39
1762	17679.63	13631.81
1763	23361.51	2478.57
1764	5379.01	11807.77
1765	17751.31	4766.16
1766	22793.07	965.01
1767	1658.51	25182.41
1768	19523.75	2843.28
1769	7891.16	11577.84
1770	1872.5	10828.66
1771	25152.39	21996.35
1772	23461.76	18508.7
1773	17980.3	6130.93
1774	9181.31	8441.42
1775	26056.2	26351.06
1776	16002.62	17062.33
1777	19661.82	14372.54
1778	17035.2	13981.64
1779	20517.09	23689.88
1780	15723.65	25207.8
1781	26795.27	25066.03
1782	25974.48	20842.89
1783	26073.21	3186.19
1784	5756.2	26110.36
1785	23153.59	12727.83
1786	19819.16	12735.57
1787	12942.19	7126.82
1788	7267.16	24988.18
1789	9418.49	584.77
1790	23644.24	10416.47
1791	25483.13	26556.92
1792	24438.63	19957.94
1793	19616.45	3053.48
1794	26962.71	4236.0
1795	2159.81	25922.43
1796	21591.6	19793.02
1797	14490.78	24337.29
1798	17204.02	22117.92
1799	20239.18	9082.75
1800	12635.8	22076.08
1801	4487.78	2385.36
1802	23166.51	25919.08
1803	21034.58	24592.78
1804	25977.85	21426.15
1805	16097.13	17529.41
1806	10674.15	7416.72
1807	23730.22	21013.27
1808	17017.48	8899.17
1809	20690.37	3640.13
1810	18397.72	12281.46
1811	15927.65	2704.83
1812	23461.83	4088.58
1813	18446.88	12890.08
1814	19051.1	9666.89
1815	7047.26	1474.89
1816	14461.77	9947.93
1817	22347.83	18665.24
1818	21941.15	2313.24
1819	21737.65	6632.89
1820	3209.15	1867.37
1821	10915.29	302.11
1822	14135.87	18021.82
1823	21405.09	13773.28
1824	25173.25	5082.79
1825	17491.51	2164.9
1826	5673.22	20349.05
1827	11341.14	2535.36
1828	20624.34	10356.12
1829	12906.91	23192.46
1830	24249.26	8644.28
1831	5530.91	17279.3
1832	11002.46	26221.41
1833	19655.14	2574.56
1834	11623.27	23437.33
1835	19704.33	7836.32
1836	24301.24	19062.64
1837	1215.97	18317.14
1838	695.61	21794.63
1839	9111.76	3384.94
1840	24909.82	8302.28
1841	15995.25	8045.87
1842	8709.87	2283.39
1843	26568.77	16351.62
1844	10746.72	21459.06
1845	16080.83	20655.39
1846	16723.28	23918.01
1847	20595.53	4835.7
1848	19286.97	24493.07
1849	20224.72	22632.35
1850	26593.93	21082.65
1851	15209.94	1974.1
1852	7428.1	21516.71
1853	2012.93	3334.48
1854	16457.95	5493.66
1855	23393.59	8277.97
1856	19459.82	5758.46
1857	6577.78	26971.82
1858	14715.68	24847.4
1859	14343.14	7505.33
1860	26219.52	20623.12
1861	13865.75	8277.51
1862	10708.05	10734.07
1863	14635.0	6876.49
1864	13059.51	24307.82
1865	11873.09	1881.23
1866	9092.15	15062.62
1867	5096.95	2687.99
1868	6627.59	6475.95
1869	14996.22	1287.84
1870	15662.85	15477.33
1871	1937.37	1545.84
1872	23360.16	23659.99
1873	3805.48	17735.78
1874	7837.25	17270.69
1875	9825.62	24290.03
1876	12356.25	25114.06
1877	13965.86	13856.04
1878	22294.34	20911.86
1879	24850.35	14639.51
1880	25105.79	13844.28
1881	24621.81	18184.27
1882	14736.88	107.2
1883	20581.3	15139.85
1884	2758.38	18271.03
1885	24647.54	25613.15
1886	17612.1	3976.12
1887	20548.94	4985.74
1888	3143.55	210.69
1889	25910.46	13074.66
1890	23457.84	15931.53
1891	7608.0	23612.05
1892	23101.5	19972.32
1893	11326.31	18312.38
1894	19223.37	22721.13
1895	6638.47	15508.78
1896	10206.47	23518.05
1897	17779.53	15110.41
1898	13369.75	21207.3
1899	22369.41	21319.39
1900	23459.1	23601.36
1901	7241.6	13864.04
1902	21481.2	4646.22
1903	15456.63	15046.96
1904	6377.53	26392.84
1905	24512.96	21369.8
1906	5871.35	3832.07
1907	11975.94	14812.5
1908	12851.6	20736.19
1909	12239.57	15509.26
1910	26850.01	19904.8
1911	22379.01	13703.88
1912	17744.44	20360.33
1913	26113.5	4032.5
1914	16446.36	16064.58
1915	11844.35	9570.11
1916	19075.56	4974.18
1917	11193.2	3775.4
1918	2238.81	13554.84
1919	20951.28	1533.08
1920	7216.03	8721.71
1921	22571.16	1787.65
1922	17416.7	18066.99
1923	7227.24	20192.69
1924	17846.39	3862.03
1925	19048.13	24090.11
1926	24542.68	1830.07
1927	26824.63	24877.71
1928	15179.1	8036.75
1929	18739.58	3215.93
1930	811.29	15072.97
1931	1252.46	17065.74
1932	9402.5	12484.45
1933	11683.31	24491.12
1934	10736.54	24866.4
1935	6284.16	8737.69
1936	1227.72	13556.75
1937	21752.48	21485.29
1938	14175.47	24973.41
1939	5832.0	17161.07
1940	26876.85	9721.27
1941	15360.56	7721.3
1942	25779.61	3067.06
1943	14418.05	13665.71
1944	15649.26	4550.15
1945	151.03	13537.4
1946	12404.4	17499.57
1947	6352.65	4815.18
1948	16008.55	26027.38
1949	19708.46	13779.37
1950	6540.53	15961.98
1951	19983.97	201.49
1952	8490.64	25187.48
1953	17546.75	11916.85
1954	25310.04	13649.65
1955	3619.1	2576.33
1956	12156.7	22535.91
1957	325.99	6306.68
1958	13199.4	16191.44
1959	20682.84	22332.54
1960	2412.99	14147.44
1961	23563.36	7861.74
1962	6806.13	22985.88
1963	18821.13	83.86
1964	13001.3	1897.42
1965	20664.28	7396.78
1966	1254.62	11983.79
1967	15954.88	11182.67
1968	21929.3	23160.0
1969	7483.45	10668.36
1970	20766.3	21284.86
1971	26614.98	1704.43
1972	10028.53	13357.92
1973	902.11	5497.95
1974	18858.58	25329.59
1975	818.65	20184.71
1976	8937.58	26602.57
1977	22988.36	4446.6
1978	15236.86	23361.35
1979	17454.52	24189.16
1980	1144.85	3053.25
1981	20927.22	26238.49
1982	19302.24	25260.64
1983	20893.31	14110.64
1984	2867.85	722.44
1985	9445.52	18511.56
1986	19658.96	19434.77
1987	10700.41	18458.99
1988	2510.91	12738.16
1989	15534.14	22548.5
1990	1821.51	7698.69
1991	23161.99	6565.56
1992	17844.21	14933.99
1993	20863.33	1816.91
1994	21766.81	20602.72
1995	1013.49	22581.42
1996	7964.34	26524.79
1997	12259.18	15018.0
1998	22321.41	1716.15
1999	21922.69	16144.35
2000	9198.78	10224.71
2001	4652.23	1257.45
2002	729.76	6286.12
2003	13455.9	22874.9
2004	7302.05	643.19
2005	5829.69	9808.5
2006	20778.03	21215.75
2007	16352.05	5746.67
2008	15569.12	13124.78
2009	5410.19	10700.06
2010	17879.41	16180.6
2011	10670.29	10323.88
2012	14050.88	730.86
2013	3213.34	3218.66
2014	22906.68	21849.12
2015	25460.26	5552.34
2016	19140.39	23661.77
2017	7107.02	9444.24
2018	10875.11	5884.94
2019	6657.16	6512.87
2020	15039.17	5115.27
2021	9281.56	15942.15
2022	5795.61	6209.51
2023	26352.66	16240.67
2024	24274.5	11616.85
2025	26108.2	15819.5
2026	2798.15	11880.43
2027	3797.99	10133.24
2028	19975.97	19499.62
2029	19762.15	12629.66
2030	10537.67	14814.79
2031	102.64	19953.15
2032	14548.25	4443.49
2033	4644.92	22821.28
2034	11903.8	12394.2
2035	26320.78	13574.0
2036	23434.58	22906.37
2037	18823.98	5866.21
2038	2194.85	25802.26
2039	16797.75	16254.66
2040	11290.99	8212.96
2041	418.58	18936.31
2042	12149.82	4293.78
2043	26892.18	20890.9
2044	26783.84	23571.58
2045	14986.7	12976.15
2046	11968.96	11468.56
2047	10330.93	8968.84
2048	16288.55	23063.74
2049	4.27	7573.67
2050	5577.18	11941.32
2051	14234.23	4737.65
2052	20129.93	12588.74
2053	719.03	6826.12
2054	9782.69	4985.66
2055	12097.37	8639.85
2056	26182.97	12748.71
2057	2461.67	5623.38
2058	2839.79	11233.94
2059	20043.89	5919.28
2060	5813.22	3310.22
2061	6150.97	15375.79
2062	23126.22	11355.5
2063	24179.19	20405.72
2064	404.73	6662.13
2065	25356.99	4909.42
2066	11142.2	20798.46
2067	7974.09	9753.64
2068	13154.42	17975.5
2069	22648.88	17428.43
2070	4098.71	26457.74
2071	22959.99	5995.21
2072	10950.1	538.54
2073	23721.95	13490.66
2074	11045.38	12024.14
2075	19722.02	10253.74
2076	25733.9	22772.8
2077	19479.64	25564.05
2078	18782.42	5654.17
2079	19968.11	14746.99
2080	25512.22	24693.5
2081	25466.99	19721.56
2082	14706.41	7904.43
2083	4008.45	9794.48
2084	5420.44	25385.55
2085	21315.7	20417.82
2086	380.01	6341.72
2087	2133.27	16100.86
2088	6013.01	7182.36
2089	12253.69	1243.19
2090	25902.17	19221.63
2091	10171.63	23663.1
2092	1196.0	2392.62
2093	14392.19	20762.95
2094	11135.06	10509.27
2095	503.84	7284.87
2096	4876.04	4213.58
2097	20559.23	18443.07
2098	11510.09	22940.47
2099	11675.0	19678.91
2100	8082.99	19600.18
2101	271.21	11122.71
2102	10475.04	7712.73
2103	5746.97	5902.56
2104	2857.97	24266.89
2105	24466.02	11633.4
2106	19574.81	12213.6
2107	20298.39	19042.04
2108	22237.98	13238.26
2109	7286.75	4803.27
2110	18515.35	11625.38
2111	9175.55	9722.12
2112	25894.15	4890.28
2113	6454.17	24213.89
2114	12836.42	14802.21
2115	6394.85	7210.07
2116	23603.89	1379.22
2117	24922.56	2256.05
2118	20078.79	16762.62
2119	4689.4	20945.58
2120	10632.73	8278.18
2121	8909.21	23414.98
2122	26868.55	4499.44
2123	752.1	18645.54
2124	9236.04	26786.66
2125	15232.27	9887.69
2126	23208.99	5369.77
2127	3432.31	327.25
2128	9617.25	13723.41
2129	14074.33	2078.46
2130	17174.91	26811.6
2131	22593.78	14410.59
2132	1537.83	11414.81
2133	17478.93	17209.44
2134	14862.84	9654.78
2135	25633.72	16791.98
2136	9015.4	24047.85
2137	19032.41	305.24
2138	8675.03	10899.82
2139	8936.68	6321.27
2140	16288.42	14563.59
2141	4206.49	3438.34
2142	2740.5	23954.54
2143	5920.99	19189.7
2144	20225.35	19963.52
2145	7517.72	25195.64
2146	8414.29	16261.07
2147	6038.46	16513.74
2148	6777.78	8998.62
2149	25538.76	18270.03
2150	13442.85	25430.04
2151	8433.63	4036.18
2152	12698.93	19474.45
2153	20539.09	4598.66
2154	6681.7	9909.63
2155	19935.36	25232.67
2156	4192.54	6968.34
2157	6529.26	25642.33
2158	25422.59	25533.81
2159	8875.82	26730.47
2160	3772.88	6397.43
2161	12641.44	12623.6
2162	12115.66	1432.98
2163	4503.85	26382.68
2164	23396.69	8546.47
2165	21965.92	25874.69
2166	25330.39	13251.18
2167	20915.35	20039.9
2168	12472.84	6925.87
2169	13665.64	3737.42
2170	25093.85	15480.22
2171	18302.3	776.96
2172	19467.85	15394.49
2173	25298.37	19903.16
2174	10045.83	19112.2
2175	7466.29	3888.42
2176	23795.86	8401.76
2177	14219.08	4383.21
2178	19717.57	15766.15
2179	26029.38	17561.88
2180	21069.2	5237.06
2181	16758.7	9968.83
2182	8940.85	22145.65
2183	17700.74	22166.2
2184	21810.98	11369.97
2185	18231.03	20519.89
2186	18252.75	1363.84
2187	7322.51	22374.92
2188	3465.11	2866.91
2189	16774.32	10804.59
2190	24504.27	10191.28
2191	19480.16	266.13
2192	2493.63	26222.13
2193	2003.88	20762.48
2194	2185.26	277.74
2195	12882.87	18333.87
2196	5557.24	6374.65
2197	26442.57	25879.64
2198	8568.01	6106.08
2199	17665.8	2232.22
2200	19276.27	11988.28
2201	14601.3	24000.05
2202	187.46	10522.92
2203	10264.07	16614.82
2204	6452.83	12512.61
2205	23157.32	10869.38
2206	23767.99	16105.27
2207	4983.17	15282.77
2208	6370.5	12520.02
2209	5675.7	23006.68
2210	24706.68	7381.55
2211	5333.97	13942.43
2212	20162.79	14219.44
2213	21821.92	12502.36
2214	19455.49	10291.82
2215	16379.44	11942.54
2216	3448.82	3786.07
2217	4609.04	5932.47
2218	7253.04	4216.17
2219	6812.03	13441.2
2220	19411.36	25481.19
2221	26484.89	23431.43
2222	4264.35	19495.18
2223	13235.17	16348.94
2224	24626.23	24738.51
2225	9872.7	21578.16
2226	18336.17	13771.37
2227	7527.08	19521.28
2228	25411.88	19974.04
2229	4146.44	22168.77
2230	16336.34	11126.65
2231	3406.12	4730.38
2232	18009.88	1192.19
2233	344.97	20115.52
2234	3320.24	9707.92
2235	5179.96	26702.06
2236	6238.02	2251.21
2237	26610.57	16734.69
2238	21052.45	13789.65
2239	7558.56	873.66
2240	3989.41	5469.72
2241	13513.44	7573.1
2242	4129.84	3252.97
2243	19095.86	8066.24
2244	3238.24	13441.64
2245	15441.45	12186.04
2246	7245.05	15851.14
2247	26710.59	26053.9
2248	26141.59	9664.34
2249	26132.36	4714.16
2250	7587.66	17914.53
2251	69.01	5778.5
2252	16030.29	3165.96
2253	3377.85	5275.37
2254	14881.32	5123.18
2255	6673.52	19409.26
2256	7235.58	8147.05
2257	17113.26	24654.47
2258	555.59	25959.97
2259	4834.42	26701.77
2260	19089.22	24174.08
2261	15773.44	6708.68
2262	14877.28	22807.15
2263	22461.43	1779.49
2264	24367.2	9414.02
2265	15173.77	10044.11
2266	10218.5	25497.01
2267	19904.18	26961.38
2268	17725.03	2859.86
2269	14623.93	10895.06
2270	21742.0	12484.15
2271	7182.97	25076.02
2272	13533.33	18937.91
2273	5901.14	1816.21
2274	23357.57	9614.42
2275	13862.62	19709.88
2276	22366.51	6504.64
2277	11480.74	16683.54
2278	23610.48	9083.7
2279	7596.68	17854.08
2280	1469.8	18188.09
2281	26521.1	23358.88
2282	10251.27	22216.2
2283	11832.62	16491.56
2284	23928.05	15553.16
2285	3277.82	23083.76
2286	3792.55	2003.18
2287	4225.42	2698.41
2288	23755.48	5814.94
2289	18358.22	19179.98
2290	21478.31	2050.41
2291	26043.37	19631.18
2292	18239.19	539.59
2293	6140.37	23693.99
2294	9246.64	14665.42
2295	6645.36	23639.54
2296	24659.86	9839.96
2297	13679.45	11690.07
2298	22568.13	24373.72
2299	22504.48	13665.97
2300	819.96	19246.12
2301	18512.63	17311.84
2302	9028.87	23601.18
2303	20002.03	2746.05
2304	19841.23	6321.02
2305	561.52	9843.93
2306	22388.02	14869.46
2307	20474.26	23991.59
2308	16197.88	5055.39
2309	17534.63	22710.51
2310	14781.01	24536.76
2311	10659.55	25105.09
2312	8194.11	17818.88
2313	11551.29	12914.95
2314	3005.97	13615.78
2315	9262.23	6152.45
2316	25317.86	11979.67
2317	16504.54	17158.31
2318	4476.42	4416.08
2319	17072.5	8377.09
2320	6164.51	11278.22
2321	8219.81	17119.41
2322	24106.23	20086.87
2323	8204.37	25183.87
2324	22190.67	18472.06
2325	17961.2	25054.1
2326	24951.19	14549.71
2327	6512.34	19086.7
2328	19762.04	6337.89
2329	25575.77	8246.89
2330	7999.93	23734.4
2331	3959.45	15153.47
2332	6927.1	6240.98
2333	6444.29	20362.31
2334	19866.89	10383.41
2335	17576.15	10357.3
2336	24146.62	20289.38
2337	3416.33	23752.19
2338	21440.12	23033.04
2339	1510.67	892.63
2340	17157.6	21040.86
2341	24592.83	22146.48
2342	9484.42	11037.5
2343	8494.16	14522.57
2344	3316.6	8384.15
2345	2676.91	22123.44
2346	6975.93	23535.62
2347	23576.5	21313.62
2348	26867.59	15643.91
2349	26310.42	13677.46
2350	17667.78	26201.97
2351	15418.17	5021.05
2352	953.97	12738.74
2353	8069.28	6211.73
2354	2031.95	26534.0
2355	5828.25	9465.02
2356	11117.15	2345.18
2357	1076.02	8374.27
2358	24989.14	24902.27
2359	25524.3	22267.36
2360	11760.56	4973.67
2361	6190.64	12125.58
2362	1202.48	6810.71
2363	4380.21	11517.25
2364	21303.68	12130.38
2365	21654.93	10249.53
2366	5203.85	4563.69
2367	22350.54	6076.59
2368	20477.21	7063.83
2369	22174.66	22117.5
2370	7635.39	7956.86
2371	17794.03	15543.72
2372	9479.66	6505.47
2373	8099.33	23108.26
2374	23380.71	9094.81
2375	13033.86	499.31
2376	8923.1	24361.95
2377	19584.51	14093.69
2378	19329.03	23003.52
2379	11741.0	21658.4
2380	2331.88	19529.45
2381	10683.4	15108.37
2382	17801.02	1158.95
2383	14493.89	18726.85
2384	1078.8	8974.64
2385	278.48	10112.87
2386	6778.73	18688.9
2387	19538.27	26858.36
2388	21158.14	15006.24
2389	1314.27	1137.2
2390	21009.78	11451.91
2391	12527.07	20683.35
2392	8271.84	5557.31
2393	11437.58	24870.27
2394	9512.44	25140.89
2395	800.42	1088.05
2396	8164.79	3512.77
2397	13599.79	17174.53
2398	3662.17	21045.03
2399	26371.24	26374.63
2400	17569.65	10989.28
2401	24201.22	6816.64
2402	14062.75	13672.9
2403	21007.55	9077.12
2404	10108.67	13126.17
2405	14345.52	7085.83
2406	9378.79	1006.1
2407	10722.26	20303.99
2408	893.28	26961.39
2409	7297.19	24848.86
2410	16677.11	6142.29
2411	24672.99	19256.94
2412	10024.86	13840.44
2413	655.6	7994.0
2414	5285.53	7079.74
2415	16023.08	13713.35
2416	16863.36	6116.01
2417	15677.44	9128.59
2418	1896.41	21422.28
2419	20321.51	10580.08
2420	11285.33	25128.06
2421	19116.6	24536.83
2422	24557.35	15354.43
2423	21482.5	20742.06
2424	558.55	12456.96
2425	6826.4	5768.9
2426	5823.92	13108.6
2427	24135.16	9937.63
2428	8407.69	13316.81
2429	21338.69	12278.61
2430	13785.42	13515.55
2431	13313.2	4271.26
2432	12870.33	10941.74
2433	16693.97	14112.06
2434	4382.7	18179.72
2435	3711.06	16878.75
2436	3925.53	18769.34
2437	7062.56	14108.27
2438	17905.81	19956.89
2439	19258.34	18951.85
2440	25279.42	2720.84
2441	7108.96	24699.96
2442	17821.41	2984.93
2443	15438.11	5431.21
2444	8561.68	15908.49
2445	18890.02	2328.56
2446	11833.65	13323.82
2447	14107.65	14046.47
2448	16302.52	16981.61
2449	17571.22	20956.66
2450	24661.51	20667.34
2451	21517.87	23840.14
2452	19072.52	26462.97
2453	5323.18	6411.23
2454	16997.35	10873.41
2455	2492.89	9417.88
2456	581.37	17906.4
2457	17364.52	2567.21
2458	23045.69	7917.67
2459	22640.24	17057.23
2460	713.22	22849.63
2461	15672.62	18567.19
2462	12684.73	7343.85
2463	17348.04	6957.75
2464	13911.11	14398.79
2465	15690.43	17768.68
2466	17000.24	21167.34
2467	1363.92	9492.87
2468	11837.71	20774.73
2469	9911.44	24801.27
2470	18291.1	710.33
2471	1630.39	17621.0
2472	26967.7	26861.32
2473	9565.83	21731.02
2474	10126.09	8743.59
2475	3440.79	6225.28
2476	19902.44	16574.29
2477	24310.4	9355.45
2478	6265.06	16623.19
2479	12448.94	4651.13
2480	10924.91	3926.24
2481	5196.65	5868.75
2482	4779.77	15310.04
2483	5405.09	24897.65
2484	11902.99	17121.28
2485	7870.63	5306.32
2486	16399.45	7442.51
2487	254.03	5850.27
2488	4094.12	8651.83
2489	4183.76	14676.81
2490	1917.94	20199.3
2491	10133.17	9028.77
2492	3674.73	21226.66
2493	4158.32	20149.87
2494	7791.53	25912.21
2495	12243.21	22775.78
2496	22936.55	21057.7
2497	13462.17	5536.62
2498	15005.5	15372.41
2499	1100.11	18967.36
2500	12709.42	4467.35
2501	25113.53	2249.76
2502	17213.6	11324.8
2503	5086.89	15577.38
2504	23426.1	5466.43
2505	8847.57	1072.55
2506	15920.57	49.1
2507	26526.03	17207.87
2508	23842.19	14850.08
2509	25766.82	24673.73
2510	24050.51	17540.54
2511	23952.11	12861.69
2512	26129.95	9461.42
2513	25167.35	15434.15
2514	13180.45	15931.99
2515	24547.52	11623.04
2516	7414.41	18713.52
2517	10821.34	25537.19
2518	10982.69	26130.85
2519	22860.71	8597.32
2520	3135.9	9285.16
2521	16819.75	12404.36
2522	8546.44	15820.98
2523	25186.7	15110.06
2524	17831.61	4027.11
2525	237.24	26414.66
2526	22074.34	26938.27
2527	15489.77	15589.28
2528	16538.32	20804.04
2529	22634.88	1824.19
2530	1468.86	15181.34
2531	7096.44	14665.96
2532	12211.1	2745.47
2533	14880.33	14505.08
2534	16294.16	1099.24
2535	3075.09	5153.42
2536	15531.31	16735.1
2537	21129.4	13882.66
2538	13141.95	11387.04
2539	7722.81	18004.06
2540	10347.52	25973.43
2541	2999.15	14078.44
2542	9444.87	24951.85
2543	3876.55	19372.86
2544	18450.76	12235.79
2545	11910.19	2568.56
2546	13924.22	25391.38
2547	14880.22	24327.86
2548	5460.85	21145.03
2549	10836.37	13089.6
2550	24016.5	7994.54
2551	2481.19	15058.48
2552	3416.25	26263.76
2553	19544.58	26545.96
2554	14082.39	12339.96
2555	2216.0	22570.73
2556	8237.13	16249.14
2557	24303.62	7608.08
2558	26374.65	9416.07
2559	12643.13	13563.59
2560	10929.54	858.22
2561	17747.1	22752.09
2562	6667.08	12028.4
2563	14440.51	374.08
2564	11457.7	25268.03
2565	24962.14	12440.92
2566	16497.58	11696.19
2567	15036.08	22337.11
2568	23586.0	2880.44
2569	15978.3	345.2
2570	10772.88	7008.34
2571	10689.72	18650.48
2572	13618.75	7834.37
2573	20074.57	4969.59
2574	5288.34	13975.96
2575	4543.76	9422.62
2576	21478.8	14631.09
2577	4218.26	2311.7
2578	20333.62	46.39
2579	23562.45	25171.87
2580	17944.02	16518.38
2581	12655.87	22233.92
2582	4939.47	1137.21
2583	16989.51	23686.39
2584	22486.39	24210.78
2585	25485.68	25554.69
2586	20308.51	17858.05
2587	17632.79	4261.88
2588	1798.71	11855.34
2589	2285.26	14448.25
2590	25558.03	23990.76
2591	9840.72	26395.81
2592	20857.16	19218.95
2593	24926.49	4796.17
2594	12260.91	20134.37
2595	15399.1	26895.13
2596	10417.33	22907.51
2597	3587.25	26772.52
2598	4543.4	24013.33
2599	18470.95	23446.89
2600	16351.93	21911.18
2601	23346.75	1199.22
2602	18900.5	17421.2
2603	4718.81	5618.7
2604	14379.3	8032.66
2605	20492.96	26876.02
2606	2760.02	20698.67
2607	17102.63	2178.99
2608	10741.75	1508.38
2609	23585.84	11325.08
2610	24329.44	26849.37
2611	1414.99	3581.65
2612	16765.15	9918.39
2613	9074.16	9105.64
2614	18313.48	23023.82
2615	1080.63	19910.9
2616	2898.22	2335.75
2617	22569.9	25110.56
2618	799.56	10048.53
2619	13977.74	25729.02
2620	14484.71	6146.32
2621	21897.64	649.97
2622	12131.3	23975.46
2623	13796.06	23168.85
2624	5880.8	17042.31
2625	1747.03	24587.34
2626	13866.19	15508.46
2627	12590.6	15440.98
2628	3660.34	2274.1
2629	7564.95	6524.99
2630	3536.88	15903.74
2631	9040.02	15887.98
2632	15630.34	1391.55
2633	26179.63	22227.41
2634	20191.42	23688.18
2635	13830.16	24450.42
2636	6206.19	5288.67
2637	15961.65	23777.59
2638	14138.56	5329.09
2639	5135.06	24886.65
2640	7971.83	15578.6
2641	18735.8	16320.41
2642	18063.99	3176.12
2643	19620.43	19746.75
2644	14317.92	19569.92
2645	14469.43	8793.64
2646	25977.51	24063.98
2647	12190.25	16361.28
2648	25835.19	25057.11
2649	23920.71	7.35
2650	2717.89	13752.79
2651	19813.8	5649.98
2652	6793.5	484.54
2653	4620.54	19310.52
2654	20916.22	9258.36
2655	4800.87	11841.59
2656	5263.74	6271.13
2657	11911.81	10692.35
2658	17451.75	4600.52
2659	7997.94	14075.0
2660	22192.28	20647.48
2661	9405.25	24890.02
2662	15321.73	12125.52
2663	3603.41	18850.58
2664	25502.25	6702.31
2665	24543.0	7931.65
2666	13466.35	17696.79
2667	12389.6	19889.35
2668	15295.4	15930.66
2669	4398.01	16009.82
2670	5132.38	3600.23
2671	2687.35	4215.25
2672	23849.38	24349.58
2673	22050.7	24828.48
2674	13270.72	923.28
2675	17391.33	2330.57
2676	8665.32	8175.12
2677	16128.34	8331.01
2678	8076.73	2109.36
2679	19742.38	5343.43
2680	18600.8	19028.5
2681	16010.41	8166.22
2682	13760.33	26833.38
2683	25583.93	14066.69
2684	12159.97	16873.74
2685	18546.63	24518.52
2686	6356.46	26954.57
2687	25166.02	15989.62
2688	12585.63	24996.86
2689	6748.11	1814.29
2690	14861.02	5748.47
2691	13854.78	26771.47
2692	18306.9	6145.4
2693	22312.92	16751.3
2694	20467.09	5793.41
2695	207.14	17473.53
2696	624.27	14516.71
2697	16046.24	19023.89
2698	15985.22	5504.74
2699	18786.74	4263.12
2700	11636.72	23090.03
