1	4361.63	3156.89
2	3339.27	793.85
3	4988.06	4105.48
4	3193.0	1980.32
5	2827.09	2958.77
6	2660.09	107.59
7	2024.54	4083.29
8	1099.29	2987.32
9	1696.54	4747.22
10	1810.41	2677.65
11	4055.26	3407.78
12	3225.42	1149.38
13	2681.56	4803.58
14	3975.78	1784.73
15	1746.68	1263.76
16	1055.15	116.08
17	38.94	4586.37
18	828.5	3816.62
19	4533.38	913.99
20	2349.1	3380.04
21	4832.29	2152.14
22	824.14	3189.43
23	3733.81	1653.26
24	622.48	3879.75
25	3852.88	1865.61
26	3929.82	3183.72
27	1197.53	4087.63
28	4439.69	3324.88
29	2294.75	3737.73
30	2356.9	2532.23
31	4533.89	1098.97
32	3683.86	4676.99
33	1146.35	973.28
34	3797.53	1685.77
35	2836.48	4204.22
36	1957.37	1611.74
37	1168.67	2328.27
38	741.17	2439.56
39	314.73	1700.71
40	1451.5	1414.35
41	3883.66	1375.91
42	4934.57	4899.39
43	1077.23	4664.99
44	2172.89	4717.53
45	370.52	1180.72
46	3907.98	2939.96
47	2781.18	3761.99
48	3795.65	1970.27
49	2929.04	2871.27
50	3282.46	3400.75
51	4059.42	3243.69
52	4095.67	1368.86
53	1400.17	859.73
54	2883.91	1289.85
55	3417.92	128.86
56	3806.38	251.66
57	1417.17	1620.94
58	937.03	1197.03
59	1796.6	3657.64
60	627.89	2281.89
61	3732.54	3041.41
62	1844.21	3599.88
63	829.82	4113.87
64	3108.89	2346.44
65	1741.45	677.02
66	3228.6	4454.4
67	4954.78	1434.35
68	4700.32	2130.21
69	4374.6	1706.21
70	2890.81	1950.99
71	996.64	1254.28
72	2115.64	3463.49
73	2780.51	3636.68
74	3986.61	175.27
75	3983.49	2113.36
76	706.48	4250.07
77	4253.36	239.86
78	3967.75	2548.83
79	2503.81	1638.09
80	4649.2	4704.74
81	1689.7	1592.13
82	940.16	2457.17
83	3813.39	4072.39
84	4508.26	2005.03
85	2535.11	1348.99
86	2719.8	2825.87
87	4765.69	4333.26
88	2008.73	810.33
89	1192.07	924.85
90	1558.86	744.19
91	2891.73	1143.19
92	2046.06	230.26
93	1518.67	969.77
94	2588.04	3482.02
95	1779.64	697.3
96	2775.27	1632.4
97	337.99	2241.07
98	4078.27	4900.4
99	4588.03	4379.65
100	26.97	2151.01
101	1878.55	3693.49
102	1837.48	3711.16
103	105.1	3413.59
104	4554.94	1161.77
105	2096.94	4257.36
106	3185.76	4702.26
107	866.8	4736.19
108	790.23	1279.28
109	4807.25	3400.04
110	4770.83	3574.19
111	4982.77	3660.07
112	1503.75	2994.85
113	517.09	261.93
114	4546.1	1808.04
115	3648.1	64.52
116	4224.25	4799.23
117	137.14	2517.09
118	1504.22	40.19
119	218.72	4027.37
120	4873.62	4996.4
121	2706.78	3549.26
122	2553.13	110.4
123	3994.96	3870.8
124	1062.38	4661.85
125	3499.05	4510.55
126	4137.18	2751.37
127	3642.77	4524.01
128	2825.9	3750.38
129	4305.84	4201.23
130	416.56	3534.81
131	2816.06	2910.07
132	1177.54	3576.96
133	1679.58	4370.31
134	1849.91	4941.6
135	4571.88	4787.2
136	4535.06	931.61
137	2750.36	3178.45
138	3235.58	368.43
139	3763.72	984.78
140	2855.37	873.97
141	4893.17	4413.22
142	3294.81	4742.53
143	3897.83	2453.6
144	4021.57	2283.74
145	3902.97	1985.06
146	1073.48	4402.03
147	3237.16	793.53
148	4026.6	4560.68
149	1557.75	4624.09
150	1248.21	2205.61
151	860.88	3015.45
152	3100.52	701.42
153	552.97	2658.26
154	774.72	4595.53
155	4388.05	1642.66
156	433.03	1868.94
157	2430.34	3924.45
158	1226.57	126.28
159	3302.47	4234.66
160	1302.45	4258.31
161	1320.47	2293.76
162	2207.86	631.85
163	2928.5	672.53
164	851.81	288.86
165	2611.95	4621.75
166	257.71	2882.99
167	1631.27	619.66
168	4618.12	1466.57
169	2665.6	962.43
170	394.55	1131.66
171	1649.46	119.32
172	1979.35	1500.08
173	1958.54	3887.49
174	3244.81	3724.75
175	1504.32	737.51
176	2171.58	3838.82
177	2405.54	490.75
178	1394.83	1618.55
179	645.17	1309.29
180	2172.39	3709.08
181	1960.31	3871.56
182	3760.92	3997.71
183	1214.17	2120.3
184	3610.84	4139.36
185	413.62	1231.47
186	2209.74	1219.46
187	3538.95	3167.92
188	1930.72	2966.04
189	4087.66	1443.38
190	4576.71	795.25
191	4647.44	2684.14
192	3395.2	2595.35
193	646.86	4083.09
194	2347.72	4003.8
195	3093.45	3557.53
196	620.28	676.93
197	141.13	2560.87
198	2083.75	876.79
199	4332.24	2426.78
200	2277.76	1184.85
201	543.21	3075.53
202	17.1	1133.78
203	4518.5	3405.1
204	1538.51	212.2
205	3756.21	200.66
206	1262.33	830.73
207	4733.28	2357.18
208	920.93	1218.52
209	2391.38	2995.78
210	1154.0	3772.8
211	3162.83	2815.37
212	1603.63	2142.74
213	555.27	3572.41
214	2264.62	3890.47
215	2912.26	519.99
216	473.5	746.67
217	2337.61	807.11
218	1907.04	1507.17
219	4074.49	1170.67
220	4828.46	3319.99
221	2977.56	2189.94
222	1104.06	2206.87
223	1825.75	4570.3
224	1202.75	4734.81
225	913.1	3696.6
226	3121.84	1951.03
227	1815.84	2599.96
228	913.29	4231.5
229	2247.57	2164.65
230	396.86	996.99
231	1233.66	1978.98
232	1881.78	942.73
233	3103.44	712.78
234	377.98	1565.5
235	3576.79	652.13
236	626.73	3801.0
237	123.01	4183.96
238	92.88	765.92
239	32.04	815.23
240	3406.25	898.24
241	2737.89	2431.46
242	2605.71	178.18
243	4329.1	3670.28
244	3734.79	4835.24
245	1601.75	3543.61
246	701.09	4157.54
247	4900.85	3605.8
248	1216.19	2112.45
249	2047.32	4716.73
250	4852.69	4289.21
251	4647.56	2785.16
252	2303.58	1157.49
253	4804.35	3640.16
254	253.53	2789.39
255	2066.43	656.48
256	2007.39	4346.51
257	3640.64	4261.53
258	2681.66	1128.88
259	3696.89	1723.98
260	3408.79	2350.04
261	53.25	991.17
262	4139.59	3427.09
263	2659.63	1082.81
264	4048.95	2728.57
265	2333.9	4396.03
266	2247.62	3353.12
267	1890.49	2228.91
268	889.75	1151.59
269	1543.44	3876.72
270	2639.14	3000.98
271	3445.81	3242.59
272	2048.14	4176.02
273	4423.67	503.1
274	3498.98	1766.86
275	664.7	4199.91
276	2332.96	2371.43
277	2541.35	1072.5
278	3446.33	4255.17
279	2156.2	775.57
280	4167.73	1721.58
281	4492.76	2700.42
282	3041.44	1233.37
283	64.17	1446.97
284	583.02	1088.51
285	2548.83	400.54
286	3713.02	439.36
287	3785.67	3583.53
288	426.18	1307.02
289	100.77	4632.38
290	3628.69	2941.64
291	2937.42	1176.32
292	3012.83	1117.53
293	4294.86	1782.41
294	3528.4	1265.38
295	1041.87	1047.06
296	4406.11	4236.02
297	3332.81	2255.52
298	1154.31	395.74
299	2620.74	2622.09
300	2946.71	1822.02
301	2403.26	4940.86
302	1863.05	4232.02
303	3787.11	1500.44
304	2975.95	4076.32
305	976.27	2193.49
306	239.93	2815.25
307	440.65	3503.18
308	1726.81	919.97
309	1139.96	2895.52
310	4090.73	3320.36
311	3442.68	4193.79
312	554.12	2156.15
313	1630.31	2348.97
314	361.7	3514.52
315	2018.62	3548.08
316	841.12	743.0
317	3200.15	4893.66
318	1748.36	4666.94
319	855.09	3889.51
320	4489.82	657.06
321	3515.88	311.6
322	55.77	4710.07
323	1174.38	4816.93
324	3263.79	4081.59
325	4339.55	142.34
326	2022.6	1008.57
327	425.73	4247.6
328	1555.61	54.24
329	2740.82	3782.79
330	4116.99	898.13
331	2705.03	1785.61
332	1287.43	1230.82
333	4564.83	2567.68
334	3166.09	47.08
335	2880.74	1521.46
336	3353.97	2228.87
337	2642.14	647.9
338	2750.19	4763.44
339	1663.31	872.1
340	4819.23	1141.6
341	1944.2	3482.61
342	2297.93	2067.05
343	1162.41	1349.46
344	1609.77	2001.2
345	93.63	2106.47
346	4384.46	1515.79
347	1841.59	2337.64
348	2133.16	1784.17
349	2493.13	1789.55
350	4776.54	1244.03
351	602.52	3020.98
352	4201.43	4193.69
353	141.88	4943.44
354	241.77	3085.92
355	3179.09	548.75
356	2456.37	3084.99
357	3574.39	388.27
358	1513.54	4208.33
359	695.4	2770.98
360	1231.68	2793.76
361	1493.82	4674.23
362	36.62	3649.65
363	3622.68	755.23
364	1048.07	3903.06
365	4594.33	3093.65
366	3471.89	716.24
367	3203.56	4084.95
368	567.63	1782.16
369	193.69	4947.2
370	3639.82	3741.69
371	1342.45	454.47
372	4897.45	1591.28
373	2838.45	4429.64
374	2373.15	166.41
375	1304.01	1377.53
376	847.77	53.84
377	3975.46	1565.75
378	18.04	1025.0
379	3501.78	2901.42
380	2499.15	2367.52
381	4831.07	4002.47
382	2241.06	4729.34
383	4653.41	1846.26
384	4963.68	2522.18
385	2567.39	1962.86
386	2946.89	834.6
387	580.23	1850.89
388	1542.67	4083.72
389	3327.54	1989.05
390	3559.75	4863.28
391	1988.95	250.43
392	2661.16	4516.63
393	1159.08	911.36
394	1932.97	3388.01
395	3154.4	3966.62
396	1537.37	2418.63
397	651.75	1532.57
398	4694.74	1714.23
399	1851.56	993.17
400	3442.76	1179.25
401	191.35	4060.19
402	244.71	4713.64
403	3235.35	296.24
404	2712.97	4242.42
405	4635.41	1020.28
406	1204.27	4724.32
407	4584.63	1620.13
408	3788.01	2639.04
409	2320.92	4567.14
410	3602.61	3299.99
411	885.51	1395.05
412	616.42	2503.22
413	280.8	4476.77
414	3600.39	3749.78
415	2690.27	2695.21
416	1393.69	3590.18
417	3463.11	3916.05
418	3861.41	3665.91
419	4461.28	2964.49
420	2287.96	4970.21
421	1877.05	2161.59
422	3099.7	985.0
423	4248.74	1823.97
424	4179.33	255.79
425	2536.33	4446.14
426	338.16	1917.09
427	2443.41	452.01
428	4308.43	4742.94
429	2276.99	319.34
430	4220.18	3903.71
431	644.34	3485.43
432	521.36	1040.56
433	360.53	319.31
434	2015.52	1856.02
435	1230.26	2721.74
436	4659.15	4868.02
437	419.44	447.74
438	4703.83	2997.91
439	1798.22	3270.68
440	486.31	3049.2
441	1715.83	3680.93
442	1473.48	3019.67
443	3352.46	3417.62
444	4316.96	2019.74
445	1461.09	3260.35
446	1473.04	173.9
447	4298.91	3664.51
448	1081.79	4548.18
449	4880.36	590.09
450	2431.65	2119.65
451	4126.03	1646.27
452	760.92	3511.71
453	38.01	3087.92
454	1932.31	4033.84
455	4777.27	2193.07
456	4712.2	1663.69
457	3364.65	2631.81
458	3730.44	3593.66
459	1722.9	2238.31
460	1863.91	2588.59
461	4612.14	2868.48
462	1496.6	946.94
463	1812.21	3716.97
464	2963.86	1660.08
465	1863.27	174.98
466	1858.12	3392.81
467	2776.29	3288.31
468	992.87	2699.01
469	3492.88	2175.79
470	85.76	48.16
471	1200.84	2339.47
472	3726.6	4021.86
473	2639.71	3200.37
474	2562.88	4668.7
475	2911.04	1895.38
476	4013.11	4444.72
477	2777.85	2997.44
478	137.64	418.66
479	4229.84	1502.04
480	2472.3	4992.12
481	1916.12	1004.72
482	2860.22	4298.45
483	2978.43	2752.41
484	2010.24	2935.5
485	1606.53	4601.0
486	4630.93	4095.96
487	4230.78	3410.19
488	4150.35	1856.93
489	1961.39	4435.74
490	3749.77	4387.0
491	1806.27	4442.13
492	986.99	2541.55
493	630.79	1087.97
494	3402.8	4774.98
495	2493.85	893.85
496	661.6	2198.77
497	1336.18	3489.28
498	4630.11	528.75
499	4263.59	4986.68
500	1639.22	2598.42
